419 0.872200 0.152133 0.027309 0.037037
948 0.872353 0.197609 0.024547 0.048289
257 0.872047 0.238162 0.025161 0.038444
148 0.872353 0.274965 0.024547 0.037037
233 0.875729 0.362166 0.021479 0.036099
231 0.874808 0.413033 0.030684 0.053446
461 0.877110 0.463901 0.022400 0.046414
968 0.875115 0.550633 0.023934 0.036099
749 0.875422 0.594233 0.025161 0.050164
546 0.873274 0.649789 0.026388 0.054383
148 0.876036 0.704641 0.033139 0.038444
834 0.875729 0.744491 0.027002 0.037506
650 0.878030 0.826301 0.019945 0.046414
663 0.878490 0.874121 0.021479 0.043601
441 0.878490 0.917722 0.020252 0.037037
280 0.879257 0.957103 0.021172 0.030474
749 0.828475 0.101031 0.023320 0.044538
924 0.829242 0.151899 0.030377 0.037506
778 0.828782 0.193390 0.025775 0.048289
517 0.827094 0.242850 0.029150 0.048758
439 0.830469 0.293718 0.032218 0.045476
280 0.827861 0.341772 0.034366 0.048758
749 0.824793 0.385138 0.028843 0.034224
356 0.829089 0.423816 0.027002 0.036568
778 0.829549 0.468823 0.026082 0.044069
16 0.830316 0.517581 0.028230 0.046882
799 0.829549 0.554149 0.026695 0.031880
512 0.830469 0.591421 0.032832 0.041725
541 0.833998 0.636428 0.034366 0.041725
821 0.830776 0.679325 0.031605 0.041256
402 0.829242 0.724566 0.024241 0.037975
567 0.828168 0.765588 0.027616 0.036568
921 0.829549 0.809189 0.024854 0.040319
404 0.830469 0.856540 0.024241 0.043132
474 0.832157 0.898265 0.023934 0.032818
105 0.832311 0.933193 0.022400 0.037975
326 0.783369 0.101735 0.030684 0.044069
143 0.783369 0.146038 0.023320 0.044538
402 0.784597 0.166198 0.028230 0.075481
38 0.790580 0.184013 0.037742 0.028598
566 0.780914 0.218706 0.026388 0.036099
749 0.783523 0.263244 0.021172 0.051102
1077 0.785517 0.314112 0.033139 0.045945
148 0.781221 0.354899 0.024547 0.035631
749 0.783523 0.386076 0.023627 0.028598
351 0.783216 0.418425 0.024241 0.035162
577 0.783369 0.462963 0.028843 0.042663
402 0.783062 0.512893 0.027002 0.050633
941 0.783216 0.556962 0.023013 0.036568
995 0.785364 0.599859 0.031605 0.039850
608 0.787358 0.643460 0.028230 0.044538
148 0.786898 0.692218 0.024241 0.045476
972 0.786131 0.740741 0.022093 0.046882
905 0.786744 0.790202 0.030684 0.043601
1004 0.790580 0.832630 0.027923 0.042194
219 0.788125 0.875293 0.026082 0.036568
419 0.788125 0.911392 0.026082 0.035631
771 0.743019 0.135021 0.023627 0.046882
107 0.740565 0.179325 0.030377 0.039850
105 0.741025 0.217768 0.030684 0.035162
771 0.741332 0.266760 0.024547 0.045945
402 0.741485 0.474449 0.024241 0.032818
749 0.741485 0.506329 0.024854 0.030942
446 0.744247 0.540553 0.027309 0.036568
631 0.748542 0.579700 0.032832 0.040788
195 0.745474 0.620253 0.027309 0.032818
158 0.743633 0.665026 0.025468 0.051102
925 0.743019 0.707923 0.028536 0.034693
481 0.744093 0.727379 0.027616 0.055790
577 0.745934 0.747070 0.024547 0.041725
173 0.745321 0.788326 0.023320 0.037975
442 0.748389 0.831224 0.020252 0.044069
69 0.751151 0.870136 0.027616 0.030005
62 0.750690 0.952180 0.026082 0.041256
930 0.697607 0.113924 0.035287 0.053446
105 0.698681 0.158931 0.022706 0.033755
143 0.697760 0.197609 0.028230 0.036099
173 0.699601 0.243788 0.034366 0.047820
594 0.697913 0.290436 0.034673 0.040788
62 0.698220 0.339662 0.028536 0.047351
981 0.698834 0.391467 0.029764 0.055321
40 0.699908 0.446554 0.028843 0.050164
344 0.703283 0.489920 0.034366 0.038444
109 0.699448 0.530942 0.024854 0.037975
145 0.704664 0.576418 0.035287 0.049226
482 0.701442 0.624238 0.032525 0.045476
570 0.708193 0.667604 0.033139 0.041256
195 0.707426 0.703469 0.029764 0.026723
158 0.707579 0.747539 0.033139 0.051102
925 0.708039 0.799109 0.035287 0.045476
481 0.705738 0.838725 0.031298 0.039381
148 0.709727 0.912330 0.023320 0.026254
391 0.657103 0.108533 0.029764 0.043601
334 0.659558 0.191983 0.027923 0.037037
69 0.659251 0.236287 0.026082 0.045945
62 0.658944 0.276371 0.032218 0.035162
623 0.659405 0.348336 0.029457 0.036568
474 0.661399 0.389358 0.034060 0.038912
546 0.660939 0.425692 0.029457 0.030942
751 0.661246 0.463197 0.025775 0.043132
402 0.662013 0.493202 0.028536 0.030942
325 0.662320 0.530239 0.027923 0.042194
747 0.665388 0.568683 0.027309 0.030005
602 0.661859 0.605016 0.026388 0.038912
328 0.667843 0.646742 0.027309 0.043601
1046 0.667229 0.732771 0.035287 0.044069
148 0.665848 0.774027 0.030071 0.037506
62 0.665235 0.820206 0.029457 0.049226
778 0.666922 0.868729 0.026082 0.041256
62 0.666002 0.909986 0.026082 0.034693
105 0.668303 0.951711 0.030071 0.041256
69 0.617981 0.195265 0.022706 0.039850
497 0.618288 0.243788 0.024547 0.045945
391 0.620129 0.303094 0.025161 0.055790
334 0.621356 0.328176 0.029457 0.047820
513 0.621817 0.378340 0.030377 0.046882
1032 0.620896 0.421941 0.023013 0.034693
743 0.624118 0.458509 0.034366 0.039381
934 0.623351 0.502813 0.038969 0.038912
148 0.618595 0.550398 0.030684 0.052508
474 0.623044 0.596343 0.029764 0.033755
115 0.624118 0.633380 0.031298 0.037506
880 0.622890 0.680497 0.025775 0.044538
1060 0.622430 0.721285 0.024854 0.036099
1072 0.624271 0.762775 0.024854 0.045007
1067 0.626266 0.805673 0.032525 0.037037
91 0.625652 0.842241 0.023934 0.028598
245 0.627033 0.879747 0.023627 0.043601
722 0.577171 0.194796 0.023934 0.031411
930 0.579165 0.320675 0.034673 0.051571
211 0.577938 0.370605 0.023627 0.046414
221 0.582541 0.417018 0.035287 0.043601
880 0.579472 0.461791 0.027923 0.042194
589 0.580546 0.507032 0.025161 0.043601
450 0.581620 0.548054 0.021172 0.031880
404 0.582694 0.588139 0.025161 0.041725
402 0.581774 0.629161 0.023320 0.039381
989 0.584382 0.677918 0.025468 0.044069
69 0.584995 0.709095 0.022400 0.023910
391 0.583921 0.745898 0.024547 0.040319
334 0.584535 0.789498 0.030071 0.040319
880 0.585456 0.834740 0.020252 0.041725
402 0.540657 0.164323 0.016569 0.033286
941 0.541731 0.245429 0.028536 0.036099
62 0.544032 0.288795 0.030684 0.041256
129 0.540810 0.330520 0.019945 0.037506
40 0.541577 0.376465 0.022093 0.039381
91 0.542805 0.421003 0.023320 0.045007
880 0.542191 0.465776 0.020865 0.036099
981 0.545566 0.508204 0.025775 0.044069
880 0.546640 0.554149 0.026082 0.038444
880 0.546487 0.598922 0.020865 0.044538
958 0.550169 0.689639 0.026388 0.045945
133 0.551856 0.733005 0.026695 0.034224
1072 0.552163 0.875293 0.030377 0.044069
1067 0.445075 0.107595 0.023627 0.042663
91 0.444155 0.153540 0.021786 0.040788
245 0.446763 0.191045 0.025161 0.030474
722 0.444768 0.234646 0.026695 0.054852
762 0.446149 0.292780 0.026388 0.046414
945 0.445535 0.345523 0.030684 0.049695
880 0.449064 0.392874 0.027923 0.045945
930 0.448604 0.440459 0.027616 0.044538
1072 0.449524 0.489217 0.025775 0.047351
178 0.448450 0.535396 0.024241 0.045945
855 0.449064 0.580638 0.026082 0.039850
880 0.448604 0.627051 0.023934 0.048289
821 0.449218 0.667135 0.022706 0.038444
109 0.446916 0.708626 0.034060 0.041725
313 0.449831 0.804266 0.028230 0.036099
523 0.450292 0.847398 0.031605 0.044538
431 0.448604 0.900609 0.028230 0.050633
419 0.405186 0.116268 0.029764 0.048758
526 0.405799 0.161978 0.023627 0.037037
450 0.405186 0.199719 0.021786 0.031880
62 0.405186 0.240272 0.023627 0.036099
541 0.407334 0.288326 0.032832 0.047820
711 0.406413 0.337553 0.029764 0.047820
1032 0.406106 0.385138 0.022400 0.046414
402 0.405492 0.436709 0.026695 0.049226
35 0.406720 0.479372 0.021172 0.033286
148 0.406566 0.521331 0.020865 0.051571
133 0.407947 0.575012 0.020558 0.038912
775 0.409481 0.619784 0.018717 0.036568
1080 0.410095 0.661041 0.030377 0.041256
836 0.412703 0.704407 0.034366 0.042663
857 0.409021 0.744960 0.023320 0.042194
344 0.412396 0.793249 0.029457 0.045945
751 0.410402 0.839194 0.027309 0.030942
778 0.413470 0.883497 0.030377 0.042663
550 0.410402 0.928504 0.019945 0.044538
577 0.410862 0.973746 0.023320 0.039381
450 0.365603 0.113221 0.023013 0.044538
91 0.364069 0.161275 0.021786 0.043132
245 0.365143 0.206282 0.022093 0.032818
722 0.371280 0.249180 0.031912 0.040788
640 0.368058 0.298172 0.024854 0.043132
697 0.367291 0.347867 0.022093 0.049695
62 0.367291 0.407173 0.023320 0.042663
981 0.368365 0.453118 0.020558 0.037037
749 0.369745 0.499766 0.023320 0.047820
761 0.368978 0.556024 0.021172 0.055321
900 0.369438 0.616737 0.025775 0.050164
930 0.368671 0.660338 0.024241 0.037037
401 0.369745 0.706282 0.021479 0.041725
493 0.369592 0.756446 0.028536 0.052039
507 0.370359 0.811064 0.023320 0.042194
749 0.371433 0.857009 0.025468 0.037506
647 0.373427 0.932021 0.027002 0.044069
1067 0.374195 0.973511 0.034060 0.038912
778 0.326174 0.110642 0.022093 0.041256
871 0.326327 0.162447 0.023627 0.047351
419 0.325713 0.217534 0.028536 0.048758
739 0.326020 0.233005 0.024854 0.026254
143 0.326481 0.269339 0.027002 0.043601
994 0.326787 0.351383 0.025775 0.033286
533 0.326941 0.390061 0.028536 0.038444
610 0.325867 0.433427 0.022706 0.046414
1 0.327861 0.474918 0.024854 0.034693
218 0.328015 0.514534 0.029457 0.038912
571 0.327094 0.556728 0.022093 0.037975
701 0.327861 0.597046 0.027923 0.038912
1043 0.329396 0.631739 0.023013 0.031411
1045 0.329702 0.668308 0.023627 0.037037
778 0.332157 0.706751 0.026082 0.037037
62 0.331237 0.742616 0.024241 0.037506
995 0.331697 0.824895 0.026388 0.029536
517 0.330469 0.860994 0.020252 0.033286
577 0.331390 0.911861 0.022093 0.050633
995 0.334919 0.958744 0.027309 0.035631
148 0.333231 0.986404 0.024547 0.024379
62 0.285517 0.113455 0.020558 0.040319
148 0.284597 0.163385 0.021786 0.045476
778 0.285057 0.210033 0.023320 0.045945
46 0.285670 0.256446 0.022706 0.045945
749 0.286131 0.307548 0.023627 0.048758
309 0.287818 0.346929 0.023934 0.034693
401 0.289659 0.390061 0.022706 0.046882
905 0.286284 0.437881 0.031298 0.045007
446 0.288432 0.484060 0.030071 0.043601
829 0.288739 0.533521 0.033753 0.051571
391 0.288125 0.581810 0.028230 0.046882
334 0.291040 0.638068 0.033446 0.051571
308 0.294262 0.681903 0.034366 0.037975
554 0.288739 0.722925 0.024547 0.036568
610 0.291654 0.809892 0.026082 0.043601
67 0.291500 0.852555 0.023934 0.035162
184 0.291961 0.893812 0.024854 0.040788
836 0.290273 0.939756 0.029457 0.040788
604 0.292881 0.978200 0.029150 0.036099
571 0.246395 0.116737 0.033139 0.048758
474 0.247008 0.167135 0.023934 0.043601
995 0.245474 0.211674 0.027616 0.042663
608 0.248542 0.256681 0.031298 0.039850
507 0.246548 0.305204 0.027309 0.051571
905 0.248236 0.357243 0.024547 0.049695
1018 0.249616 0.410924 0.024241 0.051102
649 0.250077 0.456165 0.024547 0.037506
328 0.249770 0.497656 0.031298 0.037975
401 0.249463 0.588608 0.028843 0.039850
1 0.252685 0.640881 0.032218 0.050633
981 0.254833 0.688467 0.034673 0.038912
546 0.253145 0.729255 0.023934 0.048289
594 0.251458 0.779184 0.026695 0.051571
778 0.253759 0.834271 0.031298 0.049226
218 0.252378 0.886076 0.023013 0.045945
610 0.253145 0.928036 0.030071 0.036099
903 0.253759 0.968120 0.027002 0.038444
404 0.202516 0.174871 0.028843 0.045007
988 0.205585 0.226207 0.036207 0.052039
985 0.205278 0.282466 0.030071 0.057665
474 0.204204 0.387951 0.027309 0.052039
689 0.203897 0.438115 0.032218 0.041725
546 0.204050 0.484998 0.031912 0.052039
1077 0.210034 0.531646 0.034673 0.029067
930 0.206965 0.572902 0.025468 0.050633
97 0.209880 0.628458 0.031912 0.041725
131 0.208346 0.678387 0.030071 0.045945
981 0.213562 0.726910 0.036207 0.046414
352 0.211108 0.774965 0.033139 0.048758
778 0.209267 0.823488 0.025161 0.043601
651 0.211415 0.868026 0.027616 0.040788
14 0.212488 0.910455 0.034673 0.043132
218 0.159251 0.119316 0.026388 0.053915
69 0.159098 0.171120 0.032218 0.044069
62 0.158177 0.218237 0.030377 0.050164
930 0.160325 0.266760 0.030991 0.045945
747 0.160939 0.315284 0.027309 0.049226
129 0.161399 0.368964 0.028843 0.056259
402 0.161246 0.423347 0.034673 0.045945
105 0.165081 0.472339 0.034980 0.046414
1032 0.164621 0.514534 0.030377 0.031411
203 0.162320 0.563760 0.031298 0.058603
474 0.163394 0.613221 0.029764 0.039381
854 0.166309 0.655884 0.028843 0.044069
513 0.163701 0.695030 0.025468 0.033286
607 0.163240 0.722222 0.028843 0.048289
218 0.166309 0.770980 0.026388 0.045476
152 0.167536 0.814580 0.025161 0.037975
105 0.169070 0.915612 0.033139 0.054383
1065 0.138386 0.460853 0.016569 0.032818
55 0.136852 0.489451 0.014728 0.025316
62 0.115680 0.166198 0.030071 0.048289
786 0.115066 0.306610 0.023934 0.048758
778 0.116600 0.356774 0.021479 0.044069
69 0.117981 0.398969 0.026082 0.035631
1046 0.115373 0.442335 0.023934 0.043601
148 0.118902 0.486170 0.023627 0.038444
62 0.118288 0.566104 0.023013 0.036099
105 0.123044 0.615799 0.030071 0.041725
351 0.122890 0.699484 0.029150 0.042194
270 0.121510 0.742616 0.025161 0.042194
546 0.123658 0.788326 0.026388 0.047351
709 0.124732 0.838022 0.028536 0.037037
855 0.123811 0.874824 0.026695 0.030005
211 0.123658 0.914205 0.022093 0.041256
380 0.125345 0.954759 0.029150 0.037037
148 0.124732 0.987811 0.021786 0.023441