391 0.794569 0.093530 0.030377 0.052039
334 0.795950 0.145101 0.033139 0.044538
546 0.797330 0.193858 0.030991 0.051102
415 0.797637 0.239569 0.030991 0.041256
450 0.798098 0.286685 0.030071 0.045476
831 0.798711 0.332630 0.031298 0.043601
595 0.798404 0.383029 0.028843 0.048758
944 0.747008 0.097281 0.030991 0.047351
687 0.747315 0.145335 0.026082 0.040319
808 0.747775 0.193858 0.025161 0.045476
47 0.748389 0.243085 0.026388 0.050164
401 0.750537 0.289967 0.033753 0.045476
245 0.749156 0.335443 0.027923 0.050164
239 0.749616 0.382560 0.020865 0.043132
1 0.754373 0.426395 0.030991 0.046414
472 0.753605 0.478669 0.030684 0.046882
995 0.754373 0.533755 0.030377 0.047351
63 0.754066 0.579934 0.027923 0.038444
392 0.754679 0.624707 0.027923 0.041725
778 0.753452 0.665495 0.026082 0.042663
651 0.752838 0.715893 0.038355 0.050633
264 0.751611 0.768167 0.025468 0.043601
5 0.753605 0.815987 0.020252 0.041725
595 0.753452 0.859587 0.023627 0.043601
513 0.754986 0.940225 0.021786 0.050164
401 0.701902 0.294421 0.026695 0.044069
513 0.701902 0.338959 0.026695 0.040319
541 0.700828 0.390061 0.034980 0.050633
995 0.703437 0.444210 0.027923 0.041725
513 0.704817 0.527192 0.022706 0.038912
57 0.705891 0.569151 0.025468 0.045007
288 0.707579 0.617440 0.025161 0.043132
401 0.710954 0.665963 0.020252 0.035162
372 0.710647 0.706751 0.022093 0.041725
803 0.709573 0.747539 0.021172 0.031411
5 0.711415 0.785982 0.023627 0.034224
401 0.712182 0.827239 0.024547 0.039850
1046 0.711568 0.875293 0.021479 0.045945
629 0.655876 0.144866 0.024241 0.045945
541 0.658484 0.195734 0.023320 0.048289
514 0.658944 0.243085 0.030377 0.041725
995 0.657564 0.293718 0.033753 0.050164
941 0.659251 0.343647 0.030377 0.045007
605 0.659405 0.394515 0.027616 0.045476
71 0.658484 0.445148 0.028230 0.048289
944 0.658177 0.494609 0.030071 0.045945
995 0.664314 0.541960 0.028230 0.042194
513 0.666616 0.588139 0.027923 0.042663
57 0.664468 0.635256 0.024241 0.044069
794 0.663547 0.680263 0.022400 0.047820
238 0.660172 0.733240 0.033446 0.045945
715 0.665695 0.777075 0.023627 0.043601
991 0.666155 0.818565 0.023934 0.036568
697 0.664621 0.863572 0.023934 0.042194
971 0.662320 0.906704 0.023013 0.042194
143 0.663087 0.953118 0.027002 0.043132
513 0.644063 0.244960 0.064437 0.039850
546 0.616140 0.108767 0.021479 0.045007
870 0.617521 0.249414 0.030377 0.035631
401 0.617367 0.285513 0.027616 0.036568
457 0.618288 0.330286 0.025775 0.046414
674 0.619669 0.377637 0.024241 0.044538
0 0.621817 0.423347 0.029150 0.043132
651 0.621203 0.468120 0.026695 0.045476
258 0.621049 0.512893 0.025775 0.036568
39 0.622123 0.592827 0.029764 0.046414
474 0.624885 0.647914 0.032832 0.044069
1000 0.625192 0.696906 0.023627 0.041725
944 0.622584 0.745429 0.028843 0.039381
402 0.624578 0.790905 0.021172 0.038444
880 0.624885 0.839194 0.029764 0.045945
18 0.624732 0.887014 0.024547 0.043132
1077 0.626879 0.934834 0.028230 0.038444
439 0.576711 0.112283 0.019945 0.038912
474 0.577017 0.153540 0.025468 0.037037
105 0.578859 0.199250 0.027309 0.046882
46 0.579319 0.246601 0.024547 0.036568
749 0.578398 0.287623 0.022706 0.038912
995 0.577478 0.335677 0.030684 0.047820
63 0.578398 0.381388 0.023320 0.039850
148 0.581006 0.430849 0.029764 0.051571
539 0.580086 0.477965 0.023013 0.038912
344 0.582234 0.513830 0.029764 0.028129
1080 0.579779 0.553680 0.026082 0.040319
666 0.579165 0.596343 0.023013 0.045007
481 0.582387 0.641116 0.025161 0.039850
651 0.583615 0.684716 0.023320 0.044538
344 0.585302 0.729723 0.018717 0.043601
571 0.584689 0.772152 0.019331 0.034693
1077 0.583921 0.810830 0.028230 0.037975
995 0.584075 0.857478 0.025468 0.046882
517 0.585609 0.905298 0.019331 0.036568
129 0.586683 0.943976 0.019024 0.037975
823 0.537588 0.122128 0.027002 0.043601
514 0.536821 0.167604 0.028536 0.042663
716 0.537281 0.212143 0.025161 0.038912
474 0.537588 0.260900 0.023934 0.041725
546 0.538816 0.305438 0.023320 0.042663
55 0.542958 0.345054 0.028536 0.033755
651 0.540657 0.419128 0.020865 0.037506
541 0.540963 0.458978 0.028843 0.043132
63 0.542958 0.500000 0.028536 0.037037
105 0.545413 0.539147 0.028536 0.042194
995 0.543418 0.586967 0.020252 0.040319
1002 0.544339 0.629864 0.020252 0.045476
270 0.543265 0.671120 0.024854 0.035162
118 0.544646 0.715424 0.022093 0.036568
571 0.544492 0.754571 0.022400 0.034224
393 0.546793 0.786217 0.022093 0.024379
332 0.546487 0.826067 0.027616 0.043132
697 0.546793 0.873887 0.023320 0.044069
710 0.547407 0.918659 0.024547 0.045476
475 0.503989 0.123769 0.024854 0.038444
105 0.503989 0.205110 0.022400 0.041725
995 0.503529 0.245663 0.023934 0.038444
577 0.504603 0.282700 0.022400 0.039381
380 0.506444 0.324660 0.029150 0.040788
351 0.505830 0.367323 0.026695 0.040788
778 0.506597 0.414909 0.021479 0.044069
546 0.505983 0.458275 0.020865 0.037037
972 0.506597 0.499531 0.020865 0.034224
525 0.507364 0.537740 0.028536 0.037506
673 0.511967 0.618612 0.028536 0.042663
481 0.512581 0.662447 0.023627 0.043132
143 0.513194 0.705579 0.025468 0.035631
1034 0.511967 0.744726 0.020558 0.040788
474 0.513654 0.785279 0.028230 0.032818
264 0.511660 0.826535 0.022400 0.043132
641 0.511660 0.874824 0.021786 0.036568
577 0.472231 0.127051 0.020252 0.040319
133 0.473305 0.173933 0.020558 0.038444
50 0.472077 0.218003 0.019331 0.040319
1034 0.472384 0.261838 0.019331 0.033286
778 0.474685 0.301453 0.019638 0.039381
603 0.474072 0.344585 0.019024 0.039381
514 0.474532 0.390530 0.022400 0.043132
515 0.474839 0.476324 0.020558 0.034693
995 0.477294 0.553915 0.024854 0.037037
474 0.477600 0.592593 0.021172 0.034693
55 0.478061 0.629864 0.022706 0.035162
105 0.480055 0.669948 0.021172 0.040319
995 0.479288 0.712846 0.022093 0.039850
778 0.478674 0.751992 0.019638 0.036568
1015 0.478521 0.793015 0.018104 0.031411
439 0.480362 0.835677 0.022400 0.035162
1004 0.482663 0.880919 0.022093 0.036568
163 0.482050 0.921472 0.020865 0.038912
513 0.402884 0.154477 0.019638 0.038912
610 0.404725 0.201594 0.018411 0.040319
474 0.404419 0.245898 0.017797 0.039850
1048 0.404725 0.290202 0.018411 0.042194
1024 0.405799 0.335677 0.019331 0.037506
567 0.406873 0.373652 0.020252 0.037506
541 0.407180 0.410689 0.019638 0.037506
1004 0.407794 0.452180 0.018411 0.036099
514 0.405953 0.495312 0.020865 0.038912
644 0.406106 0.535631 0.021172 0.039850
69 0.405953 0.574308 0.020252 0.040319
658 0.405646 0.616503 0.020252 0.041256
474 0.404725 0.657290 0.019024 0.034693
791 0.404265 0.694327 0.016876 0.032818
142 0.404265 0.732302 0.018104 0.039381
264 0.404572 0.772386 0.016876 0.035162
1034 0.406106 0.815518 0.018104 0.040788
431 0.404419 0.858181 0.014728 0.036099
1015 0.403498 0.897562 0.015342 0.029536
148 0.403191 0.929677 0.016569 0.034693
967 0.376342 0.150023 0.021786 0.042194
481 0.375575 0.190811 0.023320 0.034693
673 0.374655 0.227848 0.016569 0.034693
477 0.374501 0.266760 0.018717 0.041256
100 0.373888 0.306610 0.020558 0.031880
963 0.375268 0.351852 0.023320 0.041725
711 0.376803 0.443272 0.022093 0.040788
325 0.374808 0.490389 0.019945 0.042194
514 0.375268 0.534927 0.020252 0.036568
78 0.375575 0.622597 0.019638 0.041256
930 0.362995 0.398265 0.044799 0.042663
1034 0.340902 0.188467 0.021479 0.035631
404 0.338447 0.230427 0.022093 0.042663
941 0.338754 0.276371 0.022706 0.037975
55 0.339675 0.316690 0.021479 0.037975
105 0.338294 0.363338 0.025468 0.046882
46 0.339828 0.408814 0.018104 0.040319
749 0.341056 0.448664 0.019945 0.036568
995 0.343664 0.493671 0.030684 0.046882
63 0.340135 0.540084 0.024854 0.038444
778 0.341209 0.585091 0.027002 0.037506
109 0.338141 0.633380 0.023934 0.042194
107 0.340135 0.679090 0.026082 0.041725
831 0.337680 0.724098 0.021786 0.037975
595 0.336760 0.766057 0.019945 0.043132
944 0.337220 0.812940 0.028230 0.046882
372 0.336760 0.861932 0.023627 0.043601
803 0.335993 0.904594 0.023934 0.036099
993 0.337373 0.937881 0.020558 0.031411
775 0.303314 0.142522 0.021172 0.042194
2 0.299478 0.238631 0.027002 0.041256
879 0.300552 0.277778 0.022400 0.036099
590 0.302087 0.321613 0.027309 0.048758
606 0.301013 0.365448 0.020252 0.034224
830 0.301473 0.403657 0.022400 0.037506
697 0.301166 0.444913 0.019945 0.038444
971 0.301933 0.482654 0.022093 0.038912
143 0.300399 0.526020 0.027002 0.042194
513 0.303928 0.572199 0.023627 0.037975
794 0.304081 0.613221 0.026388 0.035631
1041 0.303314 0.657056 0.024854 0.043601
906 0.302700 0.701828 0.027923 0.038444
993 0.301013 0.745663 0.025161 0.040788
775 0.302547 0.790905 0.028230 0.044069
674 0.299939 0.842241 0.027923 0.050164
632 0.300245 0.889592 0.021172 0.038912
157 0.301319 0.963432 0.015956 0.025316
1046 0.266033 0.132911 0.027616 0.037037
571 0.266033 0.170183 0.027616 0.038444
329 0.267260 0.208861 0.025775 0.028598
301 0.267106 0.243085 0.024854 0.037037
474 0.265112 0.294187 0.023934 0.048289
55 0.262964 0.339897 0.028230 0.040319
1024 0.265726 0.383497 0.026388 0.037506
958 0.263424 0.471636 0.026695 0.044069
995 0.264038 0.509611 0.026695 0.034693
546 0.264498 0.550867 0.024547 0.041256
697 0.264345 0.598453 0.026695 0.045476
796 0.264345 0.639241 0.024854 0.037975
96 0.263731 0.682372 0.021786 0.039850
143 0.263885 0.725035 0.022093 0.040788
218 0.260816 0.765354 0.028843 0.039850
794 0.264805 0.810127 0.022706 0.042194
1077 0.262964 0.855837 0.026388 0.037975
599 0.260356 0.894280 0.023013 0.034224
107 0.263885 0.928739 0.032525 0.036568
513 0.261890 0.966245 0.027923 0.041256
129 0.224149 0.128692 0.023627 0.036099
266 0.225683 0.170886 0.027923 0.043601
546 0.227524 0.213549 0.032218 0.035162
751 0.224609 0.255040 0.024547 0.041256
697 0.227677 0.302391 0.033139 0.047820
313 0.225990 0.350211 0.028536 0.042194
523 0.226143 0.389592 0.023320 0.038444
372 0.224149 0.441163 0.027923 0.048758
803 0.227831 0.484529 0.030991 0.037975
105 0.224455 0.532349 0.030991 0.040788
742 0.223995 0.572902 0.028843 0.044069
218 0.224762 0.620488 0.033446 0.045476
132 0.224609 0.665963 0.033139 0.046414
69 0.224149 0.719409 0.030377 0.047351
603 0.219699 0.770980 0.030071 0.050164
785 0.219699 0.818565 0.028230 0.038444
697 0.221847 0.859822 0.025775 0.042194
995 0.224149 0.899203 0.022400 0.036568
803 0.222154 0.935302 0.025775 0.033755
266 0.225529 0.971167 0.029457 0.033286
1077 0.185026 0.130567 0.027616 0.043601
111 0.182418 0.173465 0.026082 0.040319
49 0.184106 0.218940 0.025775 0.043132
1034 0.183952 0.260900 0.027309 0.039850
431 0.184106 0.302625 0.026388 0.038912
603 0.184873 0.346929 0.029150 0.042194
697 0.182264 0.392405 0.027002 0.045007
105 0.183645 0.437647 0.021786 0.035162
651 0.183032 0.523676 0.019945 0.037506
603 0.182264 0.563760 0.021479 0.037037
152 0.182725 0.609939 0.029150 0.055321
401 0.182725 0.659634 0.029150 0.039381
261 0.180577 0.703938 0.023627 0.038912
132 0.180730 0.747773 0.028230 0.045945
930 0.180884 0.791842 0.022400 0.040319
1067 0.181804 0.830052 0.022400 0.036099
91 0.182878 0.873418 0.022093 0.043132
857 0.185333 0.916549 0.031298 0.041256
436 0.184259 0.958275 0.023627 0.043132
612 0.140687 0.127520 0.026695 0.036568
474 0.139000 0.169714 0.022093 0.033755
716 0.140687 0.213080 0.035901 0.046414
132 0.140994 0.254102 0.028536 0.033755
148 0.142528 0.300985 0.032832 0.052508
67 0.139767 0.350914 0.030991 0.046414
7 0.141148 0.395921 0.031298 0.035162
631 0.141454 0.433662 0.027616 0.035631
1046 0.140687 0.484060 0.035901 0.047351
344 0.139920 0.531177 0.029457 0.046882
1018 0.139307 0.575949 0.028843 0.042663
613 0.139920 0.622363 0.029457 0.040788
83 0.137465 0.666432 0.030684 0.048289
474 0.136852 0.719175 0.028843 0.046882
995 0.137619 0.762072 0.026695 0.039850
393 0.135931 0.810127 0.029457 0.043132
532 0.136545 0.855368 0.025161 0.041725
806 0.139153 0.898734 0.025468 0.037506
673 0.138233 0.937647 0.023627 0.036568
806 0.139613 0.973980 0.030684 0.037975
928 0.095735 0.131271 0.029457 0.054383
105 0.094201 0.177215 0.021479 0.035631
1032 0.095275 0.225738 0.024854 0.048289
393 0.091899 0.269808 0.023627 0.037975
716 0.092053 0.308720 0.019024 0.040788
778 0.093127 0.353962 0.026082 0.048758
1067 0.092206 0.406235 0.025468 0.055790
91 0.094661 0.461791 0.025468 0.047820
450 0.094354 0.513830 0.025468 0.044069
650 0.095735 0.563291 0.027002 0.044538
372 0.094354 0.608064 0.023013 0.036568
577 0.094047 0.648617 0.024241 0.040788
641 0.095121 0.690577 0.020252 0.045007
775 0.097423 0.735349 0.028536 0.038912
340 0.095428 0.778950 0.027616 0.042663
234 0.094354 0.823254 0.027309 0.041256
682 0.094508 0.872480 0.026388 0.034693
236 0.094047 0.911627 0.026082 0.043601
830 0.093894 0.954524 0.026388 0.043132
474 0.096195 0.981716 0.022400 0.017815