69 0.857472 0.124941 0.029150 0.037975
269 0.857165 0.161041 0.022400 0.028598
173 0.857625 0.193390 0.024547 0.030474
620 0.857778 0.234412 0.025468 0.049695
381 0.856091 0.282232 0.021479 0.038444
558 0.857472 0.329583 0.029764 0.038444
504 0.855937 0.376934 0.028536 0.044069
415 0.855477 0.409986 0.025775 0.033286
474 0.859159 0.457571 0.027616 0.055321
550 0.857472 0.511955 0.027309 0.045945
749 0.857932 0.556259 0.027002 0.045476
836 0.859620 0.602438 0.030377 0.039381
450 0.859773 0.641350 0.032525 0.039381
42 0.859773 0.685185 0.026388 0.044538
537 0.857165 0.735818 0.029764 0.047351
711 0.857625 0.780356 0.022093 0.045476
325 0.858085 0.823722 0.033446 0.043132
778 0.858392 0.868964 0.023013 0.042663
672 0.859620 0.904360 0.021786 0.027192
69 0.859926 0.931552 0.026082 0.030942
603 0.861307 0.964369 0.027002 0.033755
503 0.861614 0.977028 0.027616 0.023441
974 0.809604 0.130333 0.031605 0.045945
335 0.808377 0.180497 0.032218 0.045945
381 0.809451 0.221519 0.036821 0.041725
972 0.808070 0.267229 0.024854 0.048758
603 0.809451 0.319503 0.034366 0.049226
1050 0.808530 0.363572 0.023320 0.043601
371 0.807763 0.408345 0.021172 0.044069
972 0.807917 0.446789 0.026388 0.035631
905 0.809451 0.482888 0.027002 0.031880
778 0.809451 0.518753 0.024547 0.037975
697 0.808377 0.558134 0.021172 0.037975
475 0.813286 0.602907 0.027923 0.041256
605 0.810985 0.697609 0.031912 0.040319
220 0.811599 0.735349 0.026388 0.036099
778 0.811445 0.783872 0.029764 0.045007
754 0.812212 0.824426 0.029457 0.037037
14 0.810985 0.867792 0.023934 0.049695
475 0.808223 0.916784 0.027616 0.043601
105 0.808684 0.957806 0.026082 0.039381
143 0.810371 0.984763 0.021479 0.025785
995 0.760663 0.125879 0.026388 0.043601
608 0.760203 0.175105 0.023013 0.049226
344 0.757594 0.263947 0.027002 0.030005
603 0.761276 0.299344 0.026388 0.037975
740 0.760816 0.341772 0.023627 0.047820
481 0.760356 0.390764 0.027002 0.044538
778 0.759282 0.441632 0.022400 0.049695
109 0.760970 0.495546 0.022706 0.045945
672 0.761583 0.544773 0.023320 0.044069
928 0.763271 0.593061 0.023627 0.045007
829 0.766033 0.644163 0.025468 0.040319
334 0.766186 0.690108 0.025161 0.044069
603 0.768027 0.736053 0.028843 0.040319
721 0.766953 0.776606 0.030377 0.034224
389 0.764345 0.812002 0.020865 0.039381
603 0.765419 0.856774 0.025468 0.046414
995 0.765879 0.903657 0.025775 0.040788
608 0.722614 0.134083 0.030071 0.051571
602 0.720773 0.181903 0.022093 0.037506
778 0.722154 0.227848 0.023013 0.045945
754 0.722461 0.275434 0.024241 0.038912
516 0.720313 0.318097 0.024241 0.035162
419 0.717705 0.359822 0.032525 0.048289
756 0.720313 0.404360 0.030991 0.044538
603 0.723842 0.448195 0.034980 0.037506
994 0.717398 0.487576 0.028230 0.033755
1067 0.719546 0.523207 0.028843 0.038444
91 0.723535 0.564698 0.031298 0.037037
245 0.725222 0.605954 0.019331 0.033286
722 0.722768 0.653071 0.027309 0.049695
640 0.723228 0.701360 0.023320 0.042194
402 0.722921 0.746601 0.028230 0.047351
941 0.723535 0.792311 0.026388 0.040319
831 0.722154 0.844820 0.025468 0.048758
595 0.722614 0.899437 0.031298 0.046414
944 0.723228 0.951477 0.027002 0.042663
1067 0.727064 0.983122 0.030377 0.027192
18 0.683645 0.140647 0.028843 0.054383
971 0.681958 0.192218 0.021786 0.040319
829 0.684412 0.237459 0.016876 0.044538
772 0.680117 0.329817 0.026695 0.044538
8 0.681497 0.377872 0.020865 0.045945
708 0.681037 0.421003 0.021172 0.034693
715 0.681651 0.462025 0.020558 0.042663
991 0.639767 0.136428 0.025775 0.045945
143 0.640380 0.181200 0.022706 0.035162
513 0.640994 0.218237 0.021479 0.034224
546 0.640687 0.256446 0.025775 0.034693
709 0.640227 0.292546 0.025468 0.033755
855 0.640687 0.327004 0.023934 0.037037
925 0.642989 0.365448 0.030377 0.043601
646 0.641761 0.404829 0.024241 0.036099
667 0.640227 0.468589 0.026082 0.043601
143 0.641454 0.516174 0.030991 0.045007
513 0.641148 0.564229 0.024241 0.040788
129 0.641148 0.611580 0.029764 0.044538
823 0.642375 0.661041 0.026695 0.046882
474 0.643142 0.708392 0.025161 0.046882
781 0.642068 0.749180 0.023627 0.039381
55 0.640380 0.794187 0.029457 0.043132
288 0.641761 0.891702 0.021786 0.044069
950 0.642989 0.938584 0.021172 0.031880
114 0.645443 0.969292 0.026082 0.030474
290 0.601411 0.142522 0.022706 0.041256
402 0.600031 0.187998 0.024241 0.046882
647 0.598803 0.237225 0.025468 0.044069
778 0.601565 0.280122 0.030377 0.039850
513 0.602025 0.320910 0.022706 0.041725
541 0.600184 0.360994 0.022706 0.032818
1077 0.600184 0.396859 0.024547 0.038912
62 0.599417 0.435537 0.023627 0.039381
281 0.601411 0.469526 0.024547 0.030474
129 0.602332 0.500703 0.023934 0.029067
481 0.602025 0.542897 0.023934 0.041256
474 0.603866 0.585795 0.022706 0.037037
697 0.603713 0.631974 0.027923 0.041256
129 0.604173 0.678387 0.023934 0.045007
880 0.603713 0.747539 0.023013 0.033286
173 0.603406 0.784576 0.024854 0.039850
62 0.607088 0.824660 0.021786 0.032818
567 0.604633 0.863572 0.026695 0.045007
439 0.606014 0.900609 0.022093 0.033755
778 0.608929 0.935771 0.023013 0.037506
129 0.565818 0.143460 0.023320 0.040319
472 0.566892 0.178153 0.020558 0.028129
1048 0.567352 0.212611 0.020252 0.035162
325 0.568272 0.249883 0.023934 0.035631
173 0.569653 0.289967 0.023013 0.038912
1077 0.568886 0.329583 0.023934 0.034693
69 0.569346 0.366620 0.023627 0.036568
290 0.568886 0.405063 0.023320 0.040319
472 0.568272 0.448898 0.023934 0.043601
69 0.569346 0.498125 0.028536 0.049226
62 0.567505 0.540084 0.022400 0.030942
644 0.570727 0.578762 0.024547 0.038912
173 0.569807 0.617440 0.022706 0.033755
1077 0.570267 0.646507 0.022400 0.033755
69 0.568886 0.676746 0.024547 0.028598
1067 0.570267 0.710970 0.024854 0.036099
91 0.569960 0.744960 0.024241 0.031880
245 0.568886 0.779887 0.022706 0.034224
722 0.567966 0.815518 0.019638 0.032349
956 0.569346 0.852321 0.025468 0.037506
735 0.570727 0.867792 0.024547 0.026254
503 0.568272 0.901078 0.024547 0.035631
129 0.569040 0.935068 0.019331 0.033286
396 0.536361 0.153774 0.017797 0.035631
38 0.536207 0.185654 0.015035 0.033755
262 0.537281 0.234412 0.025161 0.037506
129 0.535133 0.282466 0.019024 0.031411
785 0.536821 0.322785 0.018104 0.037975
697 0.540503 0.360291 0.022400 0.036099
837 0.539736 0.399906 0.019638 0.036568
62 0.538509 0.441163 0.019638 0.045945
173 0.537588 0.484060 0.019024 0.031411
159 0.538355 0.518987 0.019945 0.035631
105 0.538816 0.553446 0.019638 0.033286
351 0.538202 0.591421 0.020252 0.035162
270 0.540657 0.631036 0.023320 0.044069
612 0.539736 0.707923 0.019638 0.027192
344 0.540196 0.770980 0.022400 0.033286
415 0.540043 0.847398 0.019638 0.036099
344 0.540963 0.918190 0.018411 0.039850
963 0.457809 0.128223 0.022093 0.047351
778 0.459190 0.177918 0.026082 0.047351
880 0.460571 0.231364 0.023320 0.046414
958 0.459957 0.331224 0.019024 0.037037
1048 0.459957 0.380919 0.020252 0.043601
474 0.458730 0.410220 0.019638 0.030942
779 0.457963 0.440928 0.019945 0.044538
69 0.460571 0.491796 0.022706 0.045945
380 0.459497 0.535631 0.019945 0.036099
356 0.461184 0.573605 0.019024 0.034224
880 0.460878 0.617909 0.025161 0.042194
166 0.462105 0.654712 0.018411 0.022035
1067 0.461031 0.688936 0.019945 0.041725
91 0.460110 0.736756 0.018104 0.042663
245 0.461031 0.774496 0.020558 0.032818
722 0.462412 0.812940 0.018411 0.036568
778 0.460571 0.854899 0.015342 0.031411
436 0.460878 0.891233 0.014728 0.030942
402 0.459497 0.962729 0.018104 0.031411
581 0.424977 0.116034 0.022093 0.040788
38 0.427892 0.159400 0.024854 0.036568
262 0.426818 0.199719 0.022093 0.032818
62 0.426818 0.225738 0.023320 0.019222
526 0.426051 0.257853 0.021172 0.040319
450 0.427125 0.297937 0.023320 0.042663
129 0.425744 0.337084 0.019331 0.030005
474 0.428659 0.376934 0.025775 0.041256
779 0.427892 0.429677 0.021786 0.052977
325 0.428199 0.479137 0.022400 0.038444
173 0.426511 0.522504 0.024547 0.040788
159 0.428352 0.563291 0.025161 0.036099
69 0.427278 0.612518 0.026082 0.052039
602 0.426971 0.659165 0.021786 0.034693
129 0.428813 0.696671 0.026082 0.035631
356 0.427585 0.734412 0.027923 0.037975
362 0.427125 0.774262 0.023320 0.038912
721 0.428659 0.813877 0.023934 0.039381
389 0.428352 0.864744 0.019024 0.046414
105 0.427739 0.905767 0.018411 0.036568
143 0.427739 0.941163 0.023934 0.030474
366 0.427125 0.971871 0.025775 0.033755
166 0.388770 0.110408 0.023320 0.040788
1067 0.390611 0.162213 0.022093 0.048758
91 0.391071 0.211674 0.027309 0.044538
450 0.391685 0.261603 0.027309 0.045007
694 0.390304 0.305673 0.020865 0.037506
404 0.391224 0.342007 0.024547 0.035162
941 0.389230 0.386310 0.025468 0.049695
512 0.389076 0.430380 0.023320 0.037506
541 0.390764 0.469292 0.024241 0.041256
1002 0.387235 0.513830 0.026388 0.039381
956 0.388156 0.561650 0.030684 0.044069
442 0.387696 0.606188 0.020558 0.038444
845 0.389690 0.650023 0.028843 0.043601
325 0.388156 0.690577 0.028230 0.038444
546 0.388309 0.733240 0.026082 0.041256
751 0.387542 0.783638 0.027616 0.043601
38 0.386468 0.825598 0.028536 0.038444
262 0.386468 0.877403 0.029764 0.052039
1067 0.387235 0.893577 0.031912 0.025316
91 0.390150 0.934365 0.035901 0.045007
245 0.350875 0.100094 0.029150 0.037037
722 0.350414 0.140413 0.019638 0.037037
105 0.352102 0.181200 0.027923 0.044538
143 0.351181 0.219644 0.019945 0.032349
46 0.351028 0.261603 0.019024 0.040319
128 0.348573 0.309189 0.024547 0.044538
735 0.351028 0.357009 0.032525 0.048289
603 0.350721 0.403188 0.025775 0.046882
143 0.350261 0.501172 0.028536 0.044069
513 0.351488 0.544538 0.026695 0.038912
848 0.350414 0.589780 0.024547 0.045007
1077 0.353176 0.637365 0.030071 0.038912
829 0.349340 0.678622 0.025468 0.045476
772 0.349801 0.727145 0.027616 0.048758
143 0.351181 0.778247 0.035287 0.049695
571 0.351642 0.864041 0.029457 0.042194
370 0.348113 0.908345 0.030377 0.044538
646 0.348573 0.952883 0.023320 0.043601
667 0.349647 0.986639 0.023013 0.025785
143 0.308684 0.112283 0.024547 0.050164
513 0.309144 0.161275 0.023013 0.048758
129 0.309451 0.212846 0.023627 0.051571
268 0.309144 0.266995 0.024241 0.047351
474 0.310064 0.320910 0.030377 0.052039
781 0.312519 0.369433 0.026082 0.040319
778 0.310678 0.418190 0.027309 0.046882
950 0.310525 0.464135 0.027002 0.040319
821 0.311445 0.501172 0.036207 0.036568
148 0.311599 0.542429 0.026695 0.045007
114 0.310064 0.590248 0.026695 0.040319
697 0.309911 0.641585 0.026388 0.053915
837 0.309297 0.687764 0.022706 0.040319
3 0.310218 0.736521 0.023320 0.050633
751 0.314053 0.789967 0.029764 0.050633
143 0.313133 0.888654 0.029764 0.052977
513 0.311752 0.934365 0.025775 0.038444
129 0.310832 0.976324 0.023320 0.043601
595 0.264191 0.103610 0.030684 0.050633
925 0.268641 0.151430 0.029150 0.040319
173 0.265726 0.199015 0.027002 0.041725
751 0.264805 0.245429 0.024547 0.050164
778 0.263731 0.292311 0.030991 0.034224
567 0.266339 0.332865 0.031298 0.037506
439 0.267874 0.377872 0.027616 0.046882
276 0.267720 0.423816 0.032832 0.045945
69 0.266953 0.473511 0.028843 0.046882
546 0.265572 0.521097 0.029764 0.042663
646 0.266800 0.566807 0.029150 0.045007
667 0.266493 0.618847 0.031605 0.053446
778 0.266493 0.674402 0.025468 0.052977
541 0.267106 0.727848 0.023013 0.051102
711 0.268794 0.783638 0.029457 0.052977
105 0.266800 0.838256 0.027923 0.051571
382 0.267260 0.897562 0.025161 0.056728
603 0.266033 0.950774 0.025775 0.045945
401 0.265572 0.985935 0.029150 0.028129
1 0.225836 0.095171 0.027616 0.039381
751 0.225069 0.132677 0.024241 0.033755
276 0.228137 0.179325 0.033446 0.050164
69 0.226450 0.223863 0.030071 0.040788
546 0.224609 0.278715 0.028843 0.051102
594 0.224916 0.326067 0.025161 0.043601
201 0.224762 0.372246 0.032832 0.049695
202 0.225683 0.421472 0.022400 0.046882
709 0.224916 0.470699 0.021479 0.046882
855 0.223535 0.517112 0.026082 0.044069
925 0.223842 0.568214 0.027923 0.050633
143 0.222154 0.672761 0.031298 0.060009
622 0.221540 0.727848 0.029457 0.051102
315 0.223842 0.778950 0.029764 0.045476
603 0.227370 0.830989 0.037435 0.052977
356 0.223995 0.882325 0.027002 0.042194
362 0.223688 0.927332 0.023320 0.048758
203 0.222001 0.966010 0.023627 0.031411
941 0.223075 0.987576 0.025161 0.024848
114 0.180730 0.096109 0.024547 0.041256
393 0.180423 0.140881 0.027002 0.045476
697 0.179963 0.191514 0.040810 0.050164
749 0.183185 0.295827 0.027002 0.055321
1077 0.182418 0.345757 0.037742 0.035162
778 0.181191 0.392405 0.029764 0.049695
651 0.178582 0.441632 0.030071 0.047820
1046 0.178889 0.467886 0.028230 0.052508
745 0.178736 0.482419 0.025468 0.034693
458 0.179349 0.535396 0.034060 0.061885
950 0.178736 0.590483 0.029150 0.043601
1002 0.178276 0.636896 0.026388 0.046414
956 0.177355 0.689873 0.028843 0.056728
442 0.178276 0.749883 0.033753 0.046414
474 0.176895 0.796531 0.034673 0.043132
791 0.175207 0.844116 0.033139 0.047351
546 0.177355 0.893343 0.034366 0.052977
594 0.176741 0.943507 0.030071 0.047351
1080 0.176741 0.982185 0.023934 0.030942
571 0.131789 0.094233 0.037128 0.044069
804 0.128107 0.145570 0.029764 0.041725
845 0.129641 0.199719 0.033446 0.047820
778 0.128720 0.253165 0.034060 0.053446
276 0.127340 0.313408 0.028230 0.052977
69 0.130715 0.367557 0.039890 0.049695
546 0.130868 0.420066 0.034673 0.048758
1077 0.129641 0.472105 0.030377 0.049695
38 0.128720 0.562119 0.029150 0.046882
262 0.126879 0.615331 0.027923 0.050164
950 0.127647 0.668542 0.030684 0.040319
526 0.129027 0.716362 0.028536 0.045007
577 0.127800 0.767932 0.028536 0.037506
402 0.128260 0.812236 0.028843 0.033286
941 0.127647 0.851852 0.025775 0.042194
474 0.126112 0.896859 0.029457 0.041256
956 0.123504 0.946320 0.025468 0.050164
791 0.125805 0.986873 0.024547 0.025316