896 0.877570 0.087670 0.027616 0.036568
391 0.876036 0.130567 0.027616 0.037975
720 0.875729 0.174168 0.031912 0.048289
727 0.878183 0.225035 0.029457 0.047820
381 0.878183 0.277075 0.027616 0.054383
902 0.879411 0.323722 0.024547 0.041725
777 0.880025 0.365682 0.024547 0.034693
647 0.879104 0.404594 0.025775 0.036568
381 0.881098 0.442569 0.026082 0.035631
356 0.879871 0.483122 0.024241 0.039850
845 0.878337 0.523910 0.030991 0.036099
504 0.879871 0.567745 0.026082 0.043132
1067 0.883400 0.609705 0.028230 0.035162
91 0.881252 0.651664 0.022093 0.040319
450 0.882479 0.695265 0.022706 0.039381
880 0.883093 0.723863 0.026388 0.062822
431 0.883553 0.748476 0.035901 0.045476
958 0.884474 0.888186 0.024241 0.034224
69 0.833845 0.094937 0.034060 0.051102
1032 0.834612 0.145101 0.031912 0.042663
419 0.831543 0.187998 0.021479 0.037506
378 0.833078 0.222222 0.020865 0.030942
506 0.833384 0.255040 0.026388 0.037506
1080 0.835072 0.293483 0.028536 0.045007
345 0.835839 0.335443 0.041731 0.041725
579 0.833231 0.378575 0.032832 0.040788
995 0.839521 0.420066 0.035594 0.041256
608 0.834458 0.461556 0.028536 0.037037
905 0.832464 0.503985 0.031298 0.043132
446 0.837220 0.546648 0.035287 0.040319
148 0.837067 0.588139 0.029457 0.037037
419 0.838601 0.629864 0.031912 0.037037
739 0.832004 0.676278 0.032218 0.045476
742 0.833231 0.732302 0.039583 0.052508
925 0.835993 0.785982 0.024854 0.042663
811 0.834458 0.832865 0.022400 0.047351
796 0.835839 0.878106 0.024547 0.039381
69 0.832771 0.919128 0.027616 0.036099
1032 0.832311 0.958275 0.023627 0.035631
109 0.784903 0.093999 0.028843 0.042663
481 0.783983 0.135724 0.025161 0.042663
1067 0.783676 0.176043 0.022706 0.036099
91 0.783676 0.221285 0.025161 0.050633
245 0.785364 0.268870 0.024854 0.037975
722 0.790273 0.313877 0.029764 0.046414
401 0.791040 0.357243 0.030071 0.039381
923 0.790427 0.398969 0.029457 0.040319
158 0.790427 0.438350 0.023934 0.035631
836 0.788892 0.482888 0.027002 0.043132
325 0.790120 0.521566 0.019638 0.032349
133 0.791961 0.555790 0.020865 0.033286
923 0.795029 0.592358 0.031298 0.036099
91 0.791654 0.635724 0.031912 0.041256
855 0.787818 0.677684 0.026082 0.035162
836 0.787205 0.718472 0.019945 0.040788
133 0.788125 0.770277 0.026082 0.050633
91 0.793035 0.820910 0.037742 0.038444
880 0.795796 0.870370 0.035287 0.048289
958 0.794109 0.912330 0.033139 0.033755
1067 0.792881 0.951242 0.022093 0.044069
91 0.746088 0.092358 0.023627 0.038444
62 0.747008 0.176746 0.032832 0.043132
69 0.746701 0.220581 0.030377 0.037037
1032 0.747469 0.259025 0.022706 0.034224
109 0.748542 0.299812 0.024854 0.043601
706 0.746241 0.340835 0.028230 0.041256
58 0.746548 0.380450 0.017797 0.034224
673 0.749616 0.442804 0.026388 0.029536
462 0.750384 0.478903 0.027309 0.039850
879 0.748236 0.521566 0.021786 0.039850
595 0.750077 0.561885 0.018717 0.034224
105 0.749923 0.601266 0.019024 0.035162
589 0.752071 0.646976 0.031912 0.044069
42 0.749770 0.686592 0.024241 0.029536
537 0.749003 0.720347 0.020252 0.037975
148 0.753145 0.764885 0.030377 0.045476
1032 0.750230 0.808955 0.019638 0.031411
989 0.749156 0.848570 0.022400 0.034693
829 0.749310 0.889358 0.019638 0.037506
391 0.751458 0.932255 0.025775 0.038912
334 0.753605 0.948898 0.030071 0.065635
880 0.702209 0.135256 0.030991 0.042663
631 0.702516 0.181435 0.028536 0.039381
431 0.703130 0.222222 0.025468 0.037506
958 0.707272 0.265588 0.031912 0.040788
1067 0.703437 0.314346 0.027923 0.046414
91 0.706045 0.364276 0.023320 0.034693
450 0.708346 0.400609 0.023627 0.032349
143 0.708039 0.437881 0.028536 0.039381
419 0.706352 0.480309 0.027002 0.039850
404 0.709727 0.522269 0.017183 0.034693
934 0.710341 0.562119 0.018411 0.039381
148 0.710034 0.607361 0.022093 0.045476
344 0.707579 0.650492 0.020865 0.036099
880 0.707426 0.689170 0.026695 0.035631
109 0.708960 0.729489 0.029764 0.039381
481 0.706658 0.774262 0.025161 0.043601
1067 0.707579 0.819972 0.020252 0.038444
91 0.710801 0.869667 0.028536 0.044069
245 0.709573 0.909048 0.024241 0.032818
722 0.712642 0.938350 0.024241 0.027661
971 0.712795 0.969761 0.026388 0.033286
55 0.660786 0.096109 0.020558 0.037506
419 0.660939 0.125879 0.017797 0.039850
1067 0.664314 0.161275 0.030071 0.039381
18 0.664774 0.204876 0.035287 0.043132
457 0.661706 0.250117 0.021786 0.033286
674 0.662933 0.340600 0.029764 0.046414
0 0.664468 0.382794 0.019945 0.035162
1056 0.665388 0.415377 0.028536 0.029067
826 0.665235 0.457337 0.023320 0.042663
474 0.666309 0.539616 0.024241 0.035631
673 0.666002 0.583216 0.024854 0.043132
778 0.668150 0.632911 0.021786 0.040319
382 0.668150 0.672058 0.026695 0.035162
880 0.669991 0.709330 0.022400 0.033755
928 0.670144 0.748711 0.021479 0.039381
402 0.667843 0.789498 0.029150 0.040319
513 0.670604 0.832161 0.022400 0.036568
148 0.672752 0.866620 0.021172 0.029536
1067 0.670758 0.935771 0.023934 0.044069
91 0.672752 0.976324 0.023013 0.031411
245 0.622277 0.094937 0.019024 0.036099
722 0.622123 0.132208 0.016876 0.034693
711 0.622123 0.167839 0.027309 0.031880
631 0.625959 0.206282 0.033753 0.039381
62 0.625805 0.248476 0.024241 0.037506
981 0.625805 0.282466 0.025468 0.029536
439 0.624885 0.318565 0.024854 0.037037
474 0.624732 0.354665 0.019638 0.031411
880 0.625192 0.390061 0.019945 0.030942
24 0.624732 0.420300 0.025161 0.029536
262 0.629488 0.460150 0.032832 0.040788
109 0.627800 0.503282 0.022093 0.037975
568 0.626266 0.545007 0.025161 0.037037
941 0.629641 0.582747 0.023320 0.034693
778 0.629334 0.620956 0.023320 0.034224
958 0.629641 0.661744 0.023934 0.039850
541 0.630715 0.698781 0.022400 0.031411
711 0.630255 0.733005 0.024547 0.035162
1032 0.629027 0.771449 0.018411 0.033286
956 0.630255 0.812940 0.021479 0.040319
791 0.630715 0.858884 0.026695 0.040319
901 0.633170 0.938819 0.021172 0.036099
889 0.634090 0.972808 0.021172 0.028129
1067 0.583461 0.189405 0.026695 0.040319
91 0.584535 0.272152 0.017183 0.030474
245 0.584535 0.309892 0.015956 0.032818
722 0.587450 0.350914 0.029764 0.027661
322 0.590058 0.388186 0.030684 0.042194
743 0.587297 0.432255 0.024547 0.039381
322 0.586990 0.475856 0.025775 0.037506
852 0.587143 0.525551 0.021172 0.034693
148 0.589905 0.605954 0.018104 0.034224
1067 0.590825 0.644866 0.016263 0.029536
91 0.590672 0.683075 0.015342 0.035631
62 0.591593 0.800047 0.015956 0.027661
148 0.592973 0.871308 0.016876 0.031411
1067 0.593434 0.908345 0.020252 0.035162
91 0.544339 0.108064 0.020252 0.037975
637 0.548635 0.161744 0.028230 0.046882
674 0.544952 0.309892 0.019024 0.034693
879 0.545259 0.369902 0.018411 0.040319
708 0.462105 0.168776 0.030071 0.048758
879 0.463332 0.212143 0.023320 0.036099
0 0.461491 0.248711 0.021479 0.033286
462 0.458883 0.285982 0.024241 0.035631
344 0.460571 0.331692 0.030684 0.047351
1018 0.459804 0.379981 0.026082 0.044538
109 0.447530 0.325598 0.061675 0.042663
145 0.422062 0.109705 0.025468 0.049695
482 0.422369 0.158931 0.024854 0.052508
570 0.421755 0.211205 0.024241 0.046414
880 0.420835 0.263947 0.023013 0.033755
136 0.420835 0.312705 0.023627 0.043132
1072 0.420528 0.358884 0.020558 0.044538
91 0.420835 0.402250 0.023627 0.036568
694 0.419607 0.441632 0.027309 0.029067
775 0.417920 0.483591 0.023934 0.042663
401 0.418380 0.530474 0.023627 0.039850
62 0.416846 0.575481 0.030377 0.046414
143 0.416079 0.620956 0.021479 0.043601
641 0.415311 0.663619 0.023013 0.036099
934 0.415311 0.705345 0.021786 0.041725
148 0.414391 0.746601 0.019331 0.036099
322 0.413931 0.790202 0.021479 0.042663
143 0.415158 0.838256 0.020252 0.039381
941 0.413931 0.876231 0.020252 0.036568
930 0.415158 0.912564 0.020865 0.023910
880 0.413010 0.953352 0.017797 0.037975
401 0.414391 0.984998 0.026082 0.029067
380 0.383400 0.099625 0.026082 0.041725
143 0.384320 0.150023 0.021786 0.042194
905 0.382786 0.190577 0.024241 0.031411
105 0.385087 0.225270 0.030071 0.035162
143 0.380945 0.267698 0.024241 0.043132
147 0.380638 0.310361 0.029150 0.039381
270 0.380178 0.354196 0.025161 0.043601
474 0.380945 0.405063 0.021786 0.040319
69 0.378644 0.447726 0.028230 0.042194
1032 0.378337 0.494140 0.023934 0.045945
109 0.378337 0.540788 0.028230 0.039850
178 0.377570 0.577590 0.023013 0.034693
855 0.378490 0.616737 0.023013 0.037975
481 0.378030 0.654477 0.019638 0.034693
148 0.378951 0.671355 0.018411 0.027192
477 0.379564 0.703938 0.024547 0.031411
129 0.377110 0.741210 0.019024 0.035631
1067 0.378030 0.777075 0.017797 0.036099
91 0.378490 0.813174 0.027309 0.031411
62 0.375882 0.852321 0.025775 0.034693
401 0.376649 0.895452 0.025468 0.040319
1067 0.374655 0.936006 0.016569 0.032349
91 0.377416 0.973511 0.029457 0.038912
245 0.343817 0.109470 0.032832 0.049226
722 0.340902 0.157290 0.025161 0.050164
880 0.338754 0.204876 0.027002 0.045007
958 0.340595 0.247539 0.022706 0.035631
145 0.340595 0.294655 0.029457 0.051102
482 0.337987 0.343179 0.029764 0.043132
570 0.339368 0.384201 0.025161 0.035162
115 0.340749 0.424754 0.019945 0.041256
1048 0.341209 0.466714 0.027002 0.037975
69 0.341209 0.506329 0.027616 0.039381
880 0.339828 0.552508 0.023013 0.039850
651 0.339214 0.589545 0.019945 0.037975
650 0.335379 0.635256 0.026388 0.051571
431 0.339368 0.688701 0.031298 0.042194
989 0.338447 0.733474 0.022093 0.042663
944 0.338141 0.777778 0.018411 0.044069
391 0.336760 0.827473 0.022400 0.043132
334 0.339675 0.875059 0.031298 0.044538
148 0.337680 0.917487 0.029764 0.039381
958 0.335839 0.959916 0.022400 0.038912
271 0.336606 0.980544 0.025161 0.034224
264 0.303314 0.106423 0.027923 0.054383
381 0.299172 0.161275 0.022706 0.045945
651 0.300706 0.206048 0.024547 0.037037
98 0.302240 0.250117 0.023320 0.042663
457 0.302393 0.294421 0.026695 0.043132
672 0.301013 0.340366 0.027616 0.051571
136 0.301626 0.388889 0.024547 0.040788
221 0.299939 0.437647 0.027923 0.052039
880 0.298251 0.490389 0.024547 0.045945
925 0.299632 0.535162 0.027309 0.041725
161 0.297637 0.579934 0.025161 0.048758
325 0.296103 0.627520 0.024547 0.038912
622 0.298865 0.676746 0.030684 0.047351
974 0.294876 0.718472 0.022093 0.036099
148 0.295950 0.755509 0.021172 0.034224
69 0.293802 0.792546 0.022400 0.034224
880 0.295643 0.832630 0.030377 0.044069
46 0.296103 0.877872 0.023320 0.043601
419 0.295336 0.923582 0.030377 0.044069
479 0.296103 0.970699 0.027616 0.043601
749 0.261890 0.099391 0.030377 0.035631
799 0.261430 0.140881 0.022093 0.042663
237 0.258822 0.178856 0.025468 0.030474
431 0.259435 0.217065 0.034060 0.038444
958 0.259742 0.246132 0.038355 0.046882
1032 0.257748 0.297234 0.025161 0.049695
419 0.258208 0.344351 0.024241 0.040788
378 0.257441 0.386779 0.031298 0.041256
506 0.259282 0.476559 0.025775 0.043601
1067 0.259896 0.524613 0.019638 0.038444
91 0.260356 0.553915 0.017490 0.037037
450 0.258975 0.594937 0.026388 0.048758
148 0.256981 0.638068 0.023627 0.033755
981 0.259896 0.679559 0.031912 0.039850
546 0.256827 0.723160 0.028843 0.048289
777 0.260970 0.769573 0.031605 0.039850
747 0.254833 0.817393 0.026082 0.044538
109 0.258975 0.862166 0.026388 0.036568
356 0.257441 0.906704 0.021479 0.047820
40 0.258822 0.950070 0.022400 0.039850
419 0.259282 0.983357 0.025775 0.029536
1080 0.215864 0.096578 0.030991 0.039381
345 0.212335 0.143460 0.028843 0.050633
579 0.216017 0.195734 0.034366 0.051102
109 0.217091 0.288092 0.026082 0.052039
454 0.215097 0.337318 0.023320 0.037975
148 0.215403 0.383029 0.028230 0.045945
963 0.216938 0.432021 0.024547 0.037975
507 0.214330 0.478903 0.023013 0.039850
647 0.216324 0.517815 0.020252 0.035162
1067 0.215557 0.556024 0.021786 0.038444
148 0.214943 0.597984 0.028536 0.040788
958 0.216171 0.640647 0.026082 0.034224
145 0.218779 0.685185 0.036207 0.045476
482 0.215557 0.729020 0.032832 0.040319
570 0.216017 0.769105 0.028230 0.037037
595 0.215250 0.810595 0.027309 0.038444
264 0.216171 0.852555 0.030991 0.045476
481 0.218012 0.893577 0.026082 0.036568
880 0.218932 0.932489 0.023627 0.031880
381 0.218165 0.970699 0.022093 0.040788
651 0.168303 0.105016 0.027309 0.048758
98 0.166155 0.150961 0.021786 0.042194
589 0.170911 0.187529 0.027002 0.026254
380 0.168150 0.233474 0.033753 0.060947
783 0.169684 0.293718 0.025161 0.048289
880 0.171065 0.338022 0.027309 0.041256
791 0.167843 0.383732 0.026388 0.051102
925 0.170758 0.432724 0.027923 0.040319
956 0.169837 0.478903 0.022400 0.041725
105 0.171678 0.524379 0.027309 0.046414
791 0.170144 0.568448 0.021172 0.039850
148 0.171372 0.609470 0.027923 0.039381
748 0.170758 0.645101 0.024241 0.036568
709 0.172599 0.687529 0.030991 0.044538
507 0.169991 0.729958 0.028230 0.038444
874 0.171985 0.780356 0.032832 0.053915
829 0.171985 0.798406 0.027923 0.025316
537 0.169991 0.845054 0.025161 0.046414
880 0.170758 0.888420 0.037128 0.040319
69 0.172599 0.934365 0.025468 0.044069
30 0.171985 0.976324 0.024241 0.040788
886 0.126266 0.103376 0.024241 0.043601
166 0.125652 0.152836 0.029764 0.048758
513 0.124885 0.194093 0.020865 0.033755
1067 0.124885 0.229255 0.020865 0.037506
91 0.124578 0.273324 0.027616 0.048758
450 0.127186 0.321378 0.031605 0.043601
148 0.127647 0.370839 0.027002 0.048758
1000 0.124578 0.421003 0.025775 0.043132
880 0.127800 0.464135 0.027923 0.037506
1046 0.125959 0.506564 0.024854 0.039850
818 0.125652 0.544773 0.021786 0.033755
178 0.124578 0.593530 0.027002 0.056259
855 0.125959 0.699250 0.026695 0.048289
605 0.126419 0.747773 0.025161 0.032818
673 0.126266 0.763479 0.027923 0.058603
105 0.125959 0.785982 0.027923 0.036099
325 0.125959 0.828411 0.022400 0.041256
1077 0.132556 0.882794 0.033139 0.049695
401 0.130255 0.924988 0.028536 0.030942
791 0.127340 0.969058 0.031298 0.045945