1067 0.827861 0.113924 0.027002 0.046882
91 0.827708 0.161041 0.023627 0.041725
450 0.828475 0.197140 0.022706 0.034224
69 0.828015 0.241913 0.025468 0.051571
513 0.828168 0.288092 0.024547 0.037037
288 0.832157 0.328880 0.031912 0.040788
546 0.831850 0.367557 0.030684 0.039381
941 0.827861 0.407642 0.028230 0.037975
578 0.827708 0.455696 0.034060 0.046882
474 0.827094 0.500000 0.024854 0.038912
380 0.828475 0.545476 0.027616 0.037975
402 0.827708 0.589311 0.032218 0.046882
647 0.830623 0.630098 0.030684 0.036568
264 0.828015 0.668073 0.025468 0.037506
567 0.828475 0.709330 0.031298 0.045007
749 0.828475 0.754102 0.026388 0.039850
1018 0.830009 0.799812 0.028230 0.045007
605 0.831697 0.850680 0.031605 0.055790
845 0.831237 0.903657 0.025161 0.052039
778 0.831237 0.947726 0.028843 0.039850
787 0.829702 0.981950 0.028230 0.030474
366 0.782755 0.112986 0.037435 0.045007
107 0.779227 0.161744 0.039583 0.046882
888 0.780914 0.210033 0.031912 0.042194
401 0.778613 0.262307 0.034060 0.056728
749 0.782295 0.311767 0.034060 0.041256
105 0.781988 0.354899 0.034673 0.041256
383 0.781221 0.407173 0.032525 0.056728
218 0.783983 0.458509 0.034366 0.039381
391 0.783983 0.502344 0.028843 0.051102
334 0.782602 0.549930 0.030377 0.042194
431 0.786591 0.587670 0.037128 0.035162
1032 0.783829 0.625176 0.038355 0.040788
507 0.785977 0.667370 0.033446 0.040788
749 0.784903 0.707689 0.034980 0.037975
404 0.783062 0.750820 0.029457 0.047351
845 0.783216 0.796531 0.030377 0.045945
504 0.784443 0.839194 0.034673 0.035631
1067 0.783369 0.884435 0.028843 0.052977
91 0.783676 0.929677 0.031298 0.034693
857 0.782142 0.974449 0.037435 0.044538
203 0.733967 0.109939 0.025161 0.041725
474 0.732433 0.155415 0.023320 0.045476
107 0.732894 0.192218 0.023627 0.030942
796 0.733661 0.233708 0.031298 0.049226
105 0.733354 0.275902 0.026388 0.037037
383 0.733507 0.315284 0.035287 0.048289
972 0.736269 0.363338 0.031605 0.046882
905 0.737650 0.408111 0.031298 0.048289
778 0.733967 0.456165 0.025775 0.042194
55 0.734888 0.496249 0.029457 0.034224
995 0.733047 0.539147 0.030071 0.045007
608 0.734274 0.584154 0.027616 0.038444
148 0.733661 0.631739 0.027002 0.046414
402 0.734735 0.682607 0.025468 0.045945
507 0.736115 0.726207 0.036207 0.037506
749 0.733507 0.766995 0.027309 0.045007
1018 0.735502 0.809423 0.027002 0.040788
36 0.735809 0.896156 0.033753 0.036099
845 0.736422 0.919128 0.030071 0.061416
778 0.737189 0.938350 0.024854 0.046414
105 0.739337 0.977731 0.028536 0.031411
107 0.690703 0.118612 0.030684 0.047820
888 0.691623 0.166432 0.034980 0.044069
1016 0.689475 0.214721 0.033139 0.044069
24 0.689015 0.260431 0.026695 0.045476
262 0.687634 0.301219 0.024547 0.039850
605 0.689936 0.345992 0.027309 0.046882
513 0.688555 0.392405 0.031912 0.045945
288 0.689782 0.440694 0.030684 0.046882
749 0.691316 0.488279 0.025161 0.039850
829 0.691163 0.536334 0.028536 0.047820
371 0.690396 0.577356 0.027002 0.031411
281 0.691163 0.617206 0.027309 0.039850
401 0.690396 0.660572 0.024547 0.036568
274 0.690856 0.749648 0.022400 0.037506
831 0.688401 0.794655 0.026695 0.044069
69 0.691163 0.848570 0.031605 0.050633
751 0.691316 0.891233 0.031298 0.034693
1032 0.691010 0.932958 0.030684 0.045945
290 0.691623 0.975152 0.028843 0.035631
98 0.646364 0.120488 0.032832 0.039381
672 0.643756 0.161978 0.027002 0.034224
402 0.645443 0.202297 0.025468 0.040788
344 0.642835 0.245429 0.027002 0.037037
546 0.646364 0.334037 0.026082 0.039850
751 0.642835 0.382325 0.029457 0.049226
683 0.647284 0.427098 0.037742 0.044069
716 0.646210 0.477028 0.030684 0.041725
778 0.646517 0.518050 0.030071 0.036568
971 0.646364 0.559541 0.031605 0.039850
829 0.645904 0.600797 0.023320 0.035162
457 0.648665 0.641585 0.030684 0.041725
563 0.598343 0.124004 0.028843 0.037975
143 0.598343 0.201828 0.024547 0.044538
513 0.599570 0.248711 0.024547 0.040788
546 0.599417 0.300516 0.037128 0.048758
709 0.599724 0.346226 0.029150 0.043601
855 0.598496 0.391233 0.027309 0.040788
439 0.598803 0.430145 0.027923 0.039850
578 0.601872 0.475152 0.029764 0.043601
474 0.601565 0.523676 0.029764 0.046882
143 0.598957 0.571261 0.026388 0.045476
649 0.599110 0.615565 0.020558 0.046882
905 0.601718 0.669714 0.028843 0.052039
567 0.600031 0.719644 0.026082 0.038444
1046 0.602025 0.814346 0.021479 0.045945
711 0.602179 0.861463 0.027309 0.033286
1067 0.603559 0.902250 0.029457 0.035162
91 0.603559 0.949602 0.031912 0.051102
450 0.561369 0.132443 0.027923 0.035162
516 0.561369 0.171824 0.034060 0.044538
419 0.561522 0.255743 0.022706 0.040788
69 0.559681 0.303329 0.025775 0.049695
1032 0.562903 0.351852 0.030991 0.046414
995 0.560141 0.402954 0.030377 0.050164
608 0.562136 0.446554 0.023934 0.039850
905 0.559988 0.488045 0.028230 0.041256
778 0.561522 0.533755 0.030071 0.041725
644 0.561062 0.580403 0.027923 0.042194
481 0.563056 0.628223 0.029457 0.040319
69 0.562749 0.677684 0.028230 0.046414
1067 0.560141 0.718940 0.024854 0.037037
91 0.561829 0.760197 0.032525 0.042663
450 0.561522 0.800750 0.026388 0.039381
1002 0.559988 0.845054 0.020865 0.044538
402 0.561215 0.884669 0.019638 0.029067
794 0.560295 0.919128 0.023320 0.036099
201 0.562289 0.954055 0.032218 0.034693
28 0.542191 0.400141 0.066278 0.042663
519 0.521786 0.182607 0.022400 0.032349
187 0.523167 0.222222 0.025161 0.047820
1080 0.522246 0.267932 0.023934 0.039850
1039 0.525928 0.312705 0.027616 0.041256
5 0.522553 0.355837 0.022093 0.037506
147 0.523013 0.397562 0.029764 0.042194
514 0.523013 0.436474 0.027309 0.034693
716 0.523167 0.527895 0.025775 0.035631
778 0.523627 0.571261 0.020558 0.043601
143 0.524547 0.618612 0.026082 0.044538
513 0.524087 0.658462 0.022706 0.029536
129 0.524547 0.700656 0.023013 0.052039
370 0.525161 0.802157 0.018104 0.036568
1080 0.525315 0.847632 0.021479 0.044069
277 0.524854 0.889358 0.019945 0.037506
1039 0.527002 0.931552 0.025468 0.044069
651 0.512274 0.929442 0.055539 0.041725
672 0.491255 0.141585 0.020252 0.036568
986 0.489874 0.187295 0.020558 0.046414
1018 0.491102 0.228083 0.021786 0.033286
411 0.491255 0.268636 0.022093 0.040319
721 0.489567 0.316925 0.019945 0.046882
389 0.489567 0.366385 0.019331 0.042663
541 0.492022 0.455696 0.019945 0.035631
791 0.492636 0.538678 0.024241 0.042194
481 0.491869 0.577825 0.023320 0.031411
716 0.493863 0.668542 0.021786 0.038444
778 0.494323 0.754571 0.023320 0.037037
672 0.494170 0.795124 0.018104 0.036568
393 0.496011 0.843179 0.019945 0.047351
46 0.497392 0.887248 0.017797 0.036099
129 0.496471 0.923113 0.024547 0.037506
1077 0.446303 0.153774 0.018104 0.035631
673 0.447376 0.190342 0.015342 0.025316
1046 0.447990 0.200422 0.014728 0.027661
711 0.447990 0.272386 0.015956 0.032818
603 0.446916 0.316690 0.018104 0.027661
431 0.447070 0.349977 0.016569 0.028598
928 0.447223 0.430614 0.021786 0.032349
129 0.447530 0.507501 0.016876 0.037975
1077 0.447683 0.547820 0.017183 0.033286
577 0.445535 0.619784 0.019638 0.031880
971 0.445535 0.653071 0.019638 0.031880
431 0.443848 0.735115 0.019331 0.030005
402 0.441853 0.772386 0.016569 0.034224
367 0.442007 0.810595 0.019331 0.032818
315 0.441240 0.843882 0.022093 0.029067
631 0.441086 0.881388 0.018717 0.040319
38 0.440319 0.918894 0.020252 0.031880
262 0.420988 0.146742 0.021479 0.043132
143 0.420835 0.189639 0.022400 0.045476
513 0.421448 0.233005 0.025468 0.034693
794 0.420835 0.274730 0.020558 0.039381
332 0.420068 0.319269 0.023934 0.044069
672 0.417306 0.364041 0.020252 0.043601
697 0.418073 0.408814 0.019945 0.036568
475 0.417153 0.450539 0.026695 0.040319
1018 0.416692 0.472105 0.023934 0.084388
46 0.416539 0.496484 0.022400 0.041256
964 0.416692 0.583451 0.021479 0.042663
595 0.414698 0.633146 0.032218 0.045476
541 0.413470 0.683310 0.021786 0.047351
845 0.414084 0.730427 0.023627 0.042194
695 0.412703 0.774262 0.019024 0.037037
431 0.411629 0.812236 0.020558 0.033286
928 0.412857 0.848336 0.026695 0.036099
402 0.410555 0.887014 0.029457 0.031880
65 0.410555 0.952883 0.023320 0.031411
603 0.384320 0.135021 0.021786 0.035631
785 0.385701 0.175105 0.025161 0.038912
697 0.384474 0.220113 0.023320 0.047351
143 0.383553 0.268636 0.022093 0.048758
513 0.382940 0.314346 0.024547 0.040788
794 0.381098 0.357947 0.030071 0.036099
370 0.382786 0.397093 0.029150 0.044069
1018 0.380485 0.441632 0.023320 0.044069
683 0.379564 0.484529 0.032525 0.036099
107 0.379564 0.524613 0.025161 0.039381
143 0.378951 0.573371 0.030071 0.055321
490 0.381405 0.624473 0.025161 0.043132
425 0.379718 0.666901 0.024241 0.039850
529 0.379564 0.704876 0.029457 0.036099
672 0.377110 0.746835 0.024547 0.041256
778 0.377570 0.836850 0.029764 0.050633
751 0.374501 0.881388 0.026082 0.036568
325 0.376956 0.918190 0.030991 0.030474
747 0.377723 0.946554 0.029457 0.034693
69 0.378797 0.970464 0.031605 0.034693
1032 0.342743 0.127754 0.024547 0.034224
391 0.346272 0.161978 0.025468 0.035162
334 0.346272 0.199719 0.025468 0.042194
1077 0.345044 0.247539 0.024854 0.045007
778 0.345351 0.292546 0.030377 0.042194
754 0.343050 0.368964 0.027002 0.045945
152 0.344124 0.414674 0.033446 0.041725
1002 0.341669 0.462729 0.026082 0.047820
631 0.339214 0.510783 0.025468 0.043601
38 0.340749 0.552508 0.030991 0.032349
262 0.341362 0.591655 0.022400 0.039381
794 0.341056 0.634318 0.027923 0.048758
431 0.340135 0.681669 0.024854 0.046882
332 0.340442 0.727848 0.030377 0.048289
697 0.339675 0.771917 0.033753 0.040788
7 0.340595 0.812940 0.029457 0.042194
1046 0.337680 0.857009 0.027309 0.041256
148 0.339675 0.897562 0.029457 0.035162
546 0.337680 0.933193 0.029150 0.039850
143 0.336913 0.976090 0.030684 0.043132
1032 0.300859 0.129630 0.024854 0.042663
1021 0.301780 0.172293 0.027309 0.039850
270 0.299478 0.219175 0.028230 0.051102
94 0.301933 0.306142 0.033139 0.043132
603 0.300399 0.347398 0.035594 0.034693
785 0.301013 0.387014 0.026388 0.044538
697 0.301933 0.431786 0.032525 0.045945
594 0.298711 0.483826 0.026695 0.050633
751 0.298251 0.566104 0.027616 0.042663
1032 0.296410 0.617909 0.028230 0.055321
1021 0.298251 0.666198 0.031912 0.038444
270 0.295796 0.704407 0.029457 0.044538
497 0.295029 0.747539 0.024854 0.039850
147 0.294415 0.785982 0.026695 0.039850
143 0.294876 0.807314 0.028843 0.051571
380 0.292728 0.870136 0.031912 0.050633
853 0.293802 0.980309 0.027923 0.030005
1040 0.255293 0.128223 0.030684 0.044538
1077 0.258668 0.171589 0.028843 0.042194
1046 0.258208 0.220581 0.024241 0.050164
113 0.257134 0.266760 0.029457 0.036568
846 0.258208 0.304970 0.028536 0.039850
492 0.254986 0.342944 0.027002 0.038912
751 0.257441 0.386310 0.031912 0.047820
657 0.256981 0.436474 0.038969 0.046882
105 0.254833 0.478434 0.032218 0.036099
1 0.252992 0.519925 0.027923 0.045007
191 0.253299 0.569386 0.028536 0.047351
1046 0.252992 0.613221 0.027923 0.043132
278 0.255907 0.657290 0.035594 0.035631
794 0.250844 0.705110 0.026082 0.044069
395 0.249310 0.754337 0.032218 0.050633
603 0.247775 0.806845 0.022400 0.050633
402 0.248849 0.853493 0.027002 0.040788
880 0.250230 0.898265 0.031605 0.043132
492 0.249463 0.944444 0.030684 0.044538
657 0.215250 0.122363 0.024241 0.034693
315 0.215403 0.164323 0.024547 0.047351
47 0.215864 0.208626 0.034060 0.039381
489 0.213562 0.248476 0.026388 0.038444
607 0.213409 0.291139 0.029764 0.046882
5 0.211568 0.334037 0.020558 0.039850
603 0.211261 0.377637 0.027923 0.037037
402 0.209420 0.428036 0.029150 0.047820
880 0.210801 0.469761 0.027616 0.036568
118 0.212795 0.505391 0.035287 0.035631
351 0.210494 0.543601 0.030684 0.042663
474 0.213102 0.584388 0.032832 0.036099
118 0.210034 0.627989 0.024854 0.044538
173 0.208039 0.673933 0.029457 0.043601
751 0.208500 0.709330 0.027309 0.032818
401 0.206045 0.752461 0.032218 0.048758
794 0.207886 0.794890 0.032832 0.035162
1077 0.204971 0.838959 0.032525 0.043601
930 0.205431 0.887248 0.027309 0.051102
749 0.207119 0.930380 0.032525 0.028598
1077 0.205585 0.971402 0.025161 0.047820
429 0.170451 0.121425 0.032832 0.043132
657 0.169070 0.168776 0.029457 0.045945
257 0.167536 0.216831 0.029457 0.046414
474 0.167996 0.265120 0.030377 0.045476
633 0.168917 0.305438 0.026695 0.030474
380 0.168610 0.344585 0.029764 0.039381
351 0.165848 0.385607 0.026082 0.042663
105 0.167383 0.429442 0.029150 0.043132
1032 0.168303 0.476324 0.026082 0.044069
778 0.165848 0.519925 0.023627 0.040319
402 0.164468 0.562119 0.020865 0.038444
367 0.163087 0.610173 0.026082 0.050164
964 0.163854 0.657759 0.031298 0.035631
595 0.162627 0.704641 0.031298 0.047820
474 0.161553 0.753399 0.026082 0.052508
115 0.163547 0.837084 0.028843 0.040788
1077 0.161246 0.882325 0.027923 0.044069
751 0.161706 0.922879 0.026388 0.027661
1032 0.160786 0.985232 0.027002 0.027661
972 0.122737 0.122363 0.028843 0.040319
905 0.124425 0.165963 0.030377 0.037506
218 0.124578 0.208861 0.034366 0.042663
507 0.123811 0.251524 0.034060 0.037037
749 0.122737 0.293249 0.030684 0.050164
391 0.125652 0.342241 0.037128 0.043132
334 0.122277 0.386310 0.026695 0.043132
148 0.121356 0.430380 0.027923 0.040319
143 0.121510 0.470464 0.026388 0.040788
567 0.123351 0.519222 0.031912 0.051102
794 0.123044 0.573605 0.030071 0.050164
249 0.121356 0.616737 0.028536 0.039850
474 0.118748 0.664323 0.030071 0.047820
142 0.119055 0.714487 0.030684 0.044069
490 0.119822 0.754805 0.034673 0.035631
425 0.119208 0.796765 0.028536 0.041725
529 0.116447 0.848805 0.030991 0.055790
672 0.118748 0.900844 0.022093 0.040788
136 0.117674 0.944913 0.032832 0.042663
221 0.116140 0.981950 0.026695 0.032349