1067 0.873581 0.131036 0.015956 0.028598
91 0.873734 0.166901 0.027309 0.032818
62 0.871586 0.208158 0.024241 0.034693
148 0.873274 0.247070 0.019638 0.037506
1067 0.872814 0.289264 0.021786 0.036568
91 0.872200 0.331458 0.028536 0.037506
129 0.871586 0.369433 0.022400 0.033755
148 0.871586 0.409048 0.019945 0.035162
1067 0.872814 0.449367 0.016876 0.034224
91 0.871586 0.486639 0.019331 0.031880
637 0.870819 0.527192 0.025161 0.042663
674 0.876649 0.576653 0.034366 0.049695
879 0.872967 0.628926 0.025161 0.046414
708 0.877110 0.676278 0.034673 0.046414
879 0.874655 0.719175 0.033446 0.039381
69 0.872660 0.755509 0.033139 0.037037
133 0.870052 0.797468 0.019331 0.040319
775 0.870206 0.839194 0.021479 0.030005
727 0.874655 0.877872 0.032218 0.043601
796 0.870666 0.916315 0.027309 0.029536
591 0.871280 0.953821 0.028536 0.040788
1041 0.875575 0.981247 0.019945 0.020628
517 0.826327 0.090483 0.022706 0.043132
702 0.826634 0.130098 0.019638 0.031411
105 0.825253 0.166432 0.021786 0.034693
148 0.827248 0.217534 0.022093 0.046882
924 0.824793 0.264416 0.020865 0.042194
943 0.830163 0.313174 0.032218 0.045007
854 0.825867 0.360759 0.027923 0.044538
761 0.825560 0.409517 0.020558 0.043601
572 0.824639 0.450305 0.022400 0.038912
392 0.829396 0.493905 0.040503 0.043601
38 0.823566 0.538209 0.020865 0.035631
566 0.824333 0.579934 0.023627 0.041256
749 0.824179 0.624707 0.020252 0.039850
1077 0.822798 0.672058 0.026695 0.027661
880 0.824026 0.713549 0.024854 0.044069
958 0.821724 0.757150 0.023934 0.042194
930 0.822031 0.803797 0.023320 0.045476
147 0.822338 0.842944 0.021479 0.026254
528 0.822185 0.882325 0.027923 0.047820
1067 0.822952 0.925223 0.018411 0.028598
91 0.823105 0.955462 0.018104 0.029067
245 0.823566 0.983122 0.027002 0.027192
722 0.783523 0.099156 0.038355 0.050164
401 0.780914 0.142991 0.025775 0.031880
91 0.781835 0.184951 0.020252 0.032349
92 0.779687 0.225270 0.019638 0.038912
880 0.781375 0.277309 0.024854 0.054852
0 0.780147 0.394280 0.021172 0.043132
462 0.779534 0.443507 0.021786 0.045007
1004 0.737496 0.144398 0.026695 0.048758
808 0.741178 0.192686 0.035287 0.045007
47 0.738724 0.238162 0.028536 0.047820
1067 0.737650 0.280825 0.020865 0.038444
91 0.739951 0.323957 0.025468 0.039381
245 0.739797 0.370370 0.028843 0.044069
722 0.740718 0.417253 0.035594 0.047820
830 0.737036 0.510549 0.020865 0.042194
641 0.737036 0.545710 0.020252 0.029067
708 0.735502 0.582044 0.022093 0.040788
809 0.733661 0.625410 0.022706 0.040319
715 0.733814 0.672058 0.029150 0.049226
482 0.732587 0.718003 0.021172 0.036099
706 0.734428 0.763947 0.032832 0.049226
58 0.733354 0.806142 0.025775 0.032349
879 0.732740 0.850445 0.020865 0.046882
1004 0.698681 0.096578 0.033139 0.047820
595 0.694692 0.144163 0.027616 0.042663
133 0.695305 0.188701 0.033139 0.039850
290 0.693771 0.232771 0.020865 0.044538
378 0.692390 0.292546 0.025468 0.052508
506 0.694845 0.342475 0.024854 0.038912
1067 0.693311 0.387717 0.027309 0.043132
91 0.694692 0.431083 0.026388 0.037037
857 0.695766 0.478669 0.021786 0.049695
778 0.695152 0.520628 0.030377 0.029536
80 0.698527 0.561181 0.031605 0.041256
474 0.697453 0.606423 0.026388 0.041725
830 0.694231 0.649320 0.018717 0.035631
69 0.694231 0.692218 0.018717 0.032349
764 0.695152 0.727379 0.024241 0.032349
317 0.694845 0.773090 0.022400 0.044069
795 0.694231 0.823019 0.022400 0.042663
651 0.693618 0.868729 0.029150 0.041256
930 0.698527 0.958509 0.027923 0.041725
829 0.655723 0.092124 0.026388 0.044538
1004 0.652961 0.133146 0.020865 0.038444
595 0.652808 0.176746 0.028536 0.040319
605 0.650353 0.220581 0.028536 0.045476
589 0.651120 0.271449 0.024547 0.045007
749 0.649739 0.320675 0.026695 0.049695
62 0.650199 0.369902 0.028230 0.042194
694 0.656029 0.422410 0.034980 0.043132
573 0.651427 0.464838 0.027002 0.039850
344 0.649432 0.503047 0.022400 0.031880
481 0.650660 0.541725 0.021172 0.037975
716 0.651427 0.584857 0.019638 0.043601
778 0.652194 0.631271 0.026695 0.029536
778 0.650353 0.671355 0.024854 0.044069
856 0.652654 0.710502 0.027616 0.034224
69 0.655109 0.754102 0.031912 0.049226
129 0.654188 0.800985 0.027616 0.035162
721 0.652347 0.838959 0.017183 0.033286
389 0.652961 0.881153 0.022093 0.037037
1072 0.652961 0.913033 0.019024 0.021097
855 0.656643 0.945382 0.022093 0.040788
402 0.612458 0.091655 0.024547 0.039850
941 0.612918 0.135021 0.024241 0.034693
62 0.611230 0.175105 0.023934 0.045476
105 0.611384 0.222222 0.024854 0.045945
856 0.610156 0.320910 0.019945 0.032349
69 0.610463 0.357243 0.018104 0.036568
1037 0.613992 0.482654 0.032525 0.041725
764 0.614606 0.526489 0.030684 0.043132
399 0.614145 0.621660 0.025468 0.041256
546 0.611077 0.670886 0.027923 0.046882
751 0.610003 0.719644 0.037435 0.045945
941 0.616140 0.768167 0.028843 0.045476
751 0.613992 0.818800 0.032525 0.041725
651 0.614913 0.859822 0.025775 0.039381
14 0.614913 0.901078 0.025161 0.042194
531 0.616907 0.941163 0.025468 0.035162
62 0.616907 0.979137 0.020558 0.033286
694 0.572722 0.093061 0.023627 0.035162
404 0.572108 0.135724 0.021786 0.037037
981 0.571187 0.178387 0.021786 0.044538
481 0.572108 0.229489 0.027923 0.042663
208 0.571034 0.270042 0.025775 0.029067
1077 0.568733 0.314112 0.025468 0.042194
1077 0.571187 0.360525 0.030377 0.042194
798 0.571341 0.410924 0.027616 0.041725
238 0.571494 0.455931 0.026082 0.046414
996 0.574409 0.507032 0.025161 0.051102
1046 0.572722 0.627286 0.018104 0.035631
474 0.575023 0.670886 0.030071 0.047820
39 0.572261 0.717534 0.019024 0.038912
1067 0.575790 0.758087 0.026082 0.041256
91 0.574409 0.811533 0.023320 0.043132
245 0.575944 0.858415 0.018411 0.035631
722 0.574409 0.900844 0.024547 0.043601
778 0.576250 0.941397 0.023320 0.037506
152 0.577938 0.958744 0.026695 0.046882
513 0.577938 0.974215 0.026082 0.032818
1019 0.536975 0.104079 0.028843 0.042194
1077 0.536361 0.150492 0.027616 0.036568
1067 0.534520 0.188467 0.019638 0.036568
91 0.534980 0.223863 0.017490 0.031411
245 0.538048 0.262307 0.030991 0.040788
722 0.537435 0.311299 0.029764 0.047820
821 0.534827 0.361463 0.023934 0.041256
402 0.534520 0.400844 0.020865 0.035631
647 0.536668 0.451711 0.023934 0.048289
69 0.535287 0.497890 0.022400 0.039381
546 0.539429 0.532114 0.027002 0.027192
751 0.535747 0.567511 0.017183 0.036099
344 0.536054 0.611814 0.017183 0.031880
845 0.540503 0.648148 0.027309 0.033286
344 0.540503 0.688467 0.028536 0.038912
603 0.538509 0.736053 0.024547 0.043132
821 0.536975 0.772152 0.020252 0.028129
259 0.537128 0.815752 0.020558 0.044069
1067 0.540503 0.864276 0.027923 0.041725
91 0.538662 0.903188 0.023627 0.032349
245 0.539736 0.939756 0.022706 0.034224
722 0.543111 0.979372 0.026388 0.035631
474 0.454894 0.105954 0.029764 0.048758
105 0.453667 0.156821 0.025468 0.049226
69 0.457349 0.209798 0.028536 0.043601
1080 0.458116 0.250586 0.025775 0.035162
799 0.454894 0.296531 0.027923 0.050164
237 0.455201 0.345992 0.023627 0.046882
631 0.455201 0.385607 0.021172 0.034224
778 0.457349 0.420066 0.021172 0.035631
546 0.458883 0.459681 0.032832 0.039850
821 0.459497 0.507736 0.032832 0.048758
98 0.455508 0.552977 0.024854 0.039850
69 0.455508 0.597750 0.024854 0.037506
1032 0.458730 0.642991 0.029457 0.043601
1080 0.458269 0.689170 0.027309 0.042194
148 0.455968 0.730661 0.024547 0.031411
546 0.456275 0.772621 0.021479 0.043132
751 0.457042 0.814346 0.026695 0.032818
854 0.457502 0.855837 0.022706 0.039850
1063 0.457042 0.898969 0.023013 0.046414
344 0.458269 0.950070 0.021172 0.044538
1041 0.457656 0.988514 0.021786 0.022035
906 0.415465 0.102438 0.024547 0.042663
142 0.413470 0.149320 0.022400 0.040788
995 0.415005 0.195030 0.026695 0.040319
57 0.413317 0.235349 0.022093 0.035631
902 0.414544 0.278481 0.028843 0.045007
995 0.417920 0.325598 0.026388 0.035162
803 0.418994 0.364041 0.028536 0.037037
68 0.416999 0.395218 0.023934 0.030005
442 0.417613 0.434365 0.029457 0.048289
1004 0.418380 0.477965 0.029150 0.037975
778 0.420068 0.526254 0.034980 0.052039
1067 0.416539 0.571496 0.026695 0.036568
91 0.415925 0.606188 0.021172 0.027192
245 0.415618 0.646038 0.024854 0.045945
722 0.417306 0.684716 0.027616 0.034224
402 0.415925 0.725504 0.027309 0.040788
37 0.418840 0.778012 0.039890 0.052977
749 0.417306 0.834740 0.027616 0.044538
595 0.416692 0.878340 0.023934 0.037975
163 0.416539 0.920300 0.026082 0.035631
513 0.416539 0.962729 0.028536 0.037037
135 0.376496 0.105720 0.025161 0.046414
22 0.375268 0.149789 0.020252 0.033286
436 0.375268 0.190577 0.025161 0.037037
52 0.376649 0.230192 0.028536 0.040319
825 0.381405 0.275902 0.036821 0.042663
145 0.377570 0.312705 0.024241 0.026254
474 0.378490 0.346929 0.027309 0.040319
402 0.376036 0.395687 0.024241 0.051571
546 0.376036 0.446554 0.027923 0.038912
163 0.375882 0.499766 0.032525 0.053446
22 0.377110 0.556024 0.032525 0.050633
1077 0.378030 0.606423 0.033139 0.046414
402 0.376036 0.657290 0.027923 0.050633
941 0.376649 0.707689 0.020558 0.040788
69 0.375729 0.751758 0.024854 0.040788
751 0.378337 0.790436 0.026388 0.035631
1032 0.374655 0.839428 0.028230 0.046414
14 0.375422 0.886076 0.023627 0.036568
507 0.377110 0.925926 0.027002 0.034693
641 0.375115 0.967651 0.023627 0.035631
429 0.333384 0.107829 0.030377 0.046882
1067 0.333691 0.162213 0.034673 0.047820
91 0.332464 0.209095 0.026695 0.040319
62 0.332157 0.283872 0.024241 0.033286
1048 0.331390 0.319737 0.021479 0.035631
431 0.335072 0.363807 0.027616 0.046882
1080 0.334458 0.408814 0.023320 0.033755
755 0.332771 0.452883 0.024241 0.042194
129 0.333691 0.504219 0.022400 0.046414
163 0.334765 0.558603 0.028843 0.046414
148 0.333845 0.687764 0.019024 0.036568
22 0.333998 0.724098 0.018104 0.030474
1077 0.334152 0.754571 0.028230 0.029536
69 0.334765 0.790436 0.030684 0.039381
751 0.333691 0.831927 0.027923 0.041725
1032 0.337373 0.923816 0.028536 0.043601
723 0.338754 0.968823 0.025161 0.039850
577 0.288585 0.104313 0.021172 0.037975
173 0.288739 0.150492 0.025161 0.040319
62 0.291807 0.228317 0.028843 0.041256
66 0.291654 0.271683 0.026695 0.034224
69 0.289046 0.314112 0.023934 0.040319
129 0.288892 0.361463 0.025468 0.045007
995 0.290120 0.409283 0.024241 0.035631
930 0.289199 0.451477 0.024854 0.041256
589 0.291961 0.495077 0.026695 0.032818
147 0.295183 0.536334 0.034980 0.038444
528 0.292728 0.621660 0.027002 0.040319
1067 0.292574 0.664323 0.029150 0.039381
91 0.291654 0.710970 0.029764 0.046414
245 0.289353 0.761838 0.024547 0.043132
722 0.290733 0.808486 0.026695 0.034224
878 0.291347 0.854430 0.027309 0.047351
431 0.293495 0.883497 0.026082 0.022972
402 0.291654 0.919362 0.023013 0.040319
513 0.292114 0.958744 0.019638 0.035631
1080 0.293035 0.988045 0.018411 0.023910
829 0.251151 0.109236 0.038355 0.050633
173 0.248082 0.154243 0.034673 0.038444
855 0.247008 0.201828 0.042344 0.048289
1077 0.245321 0.248945 0.025468 0.034693
1048 0.244247 0.295593 0.030684 0.052039
592 0.248696 0.345288 0.036514 0.039850
391 0.245167 0.391467 0.022706 0.043132
334 0.242559 0.435771 0.023627 0.043601
751 0.247162 0.569855 0.034673 0.045476
69 0.246395 0.627989 0.026388 0.044538
1065 0.249463 0.679325 0.039890 0.050633
808 0.249003 0.732536 0.030991 0.047351
288 0.249616 0.784107 0.027923 0.032349
1067 0.253605 0.826301 0.032218 0.044538
91 0.250384 0.870839 0.028843 0.045476
245 0.201902 0.109705 0.036207 0.049695
722 0.198527 0.156587 0.022706 0.034693
558 0.199755 0.202532 0.022093 0.041256
504 0.199448 0.247304 0.019638 0.039850
415 0.203283 0.287623 0.036514 0.044538
69 0.206352 0.338256 0.041424 0.052977
751 0.199755 0.391467 0.036207 0.046882
1032 0.206658 0.439287 0.036514 0.039381
14 0.205431 0.482888 0.033446 0.044069
22 0.205585 0.530708 0.031298 0.042194
1077 0.205124 0.568683 0.027309 0.035631
105 0.202976 0.611814 0.024241 0.045007
651 0.202209 0.654477 0.023934 0.039381
173 0.203897 0.701594 0.027309 0.037037
799 0.201749 0.775434 0.026695 0.037506
237 0.202516 0.822550 0.022706 0.043601
1016 0.201902 0.868964 0.023934 0.040788
1077 0.201749 0.911861 0.027309 0.034693
401 0.203590 0.945148 0.030377 0.030942
173 0.203590 0.980075 0.030991 0.037037
855 0.152041 0.103610 0.026082 0.036568
836 0.151427 0.190342 0.022400 0.048758
507 0.153728 0.247773 0.039276 0.053915
895 0.153882 0.300516 0.027923 0.046882
450 0.153268 0.351617 0.026695 0.052508
474 0.154188 0.403891 0.029764 0.050164
1 0.153114 0.458744 0.030071 0.040788
472 0.156029 0.507267 0.029150 0.047820
109 0.157717 0.550867 0.026388 0.041256
69 0.156643 0.594468 0.023013 0.039381
602 0.160172 0.642053 0.032525 0.050164
778 0.160786 0.695265 0.026388 0.045007
651 0.160939 0.747070 0.025468 0.047351
143 0.160632 0.789498 0.022400 0.041256
419 0.159405 0.835209 0.023627 0.047351
506 0.159251 0.887248 0.030071 0.049226
749 0.112151 0.108767 0.034673 0.053446
836 0.110310 0.165963 0.035287 0.055321
450 0.105247 0.215190 0.028843 0.041256
105 0.108469 0.314112 0.033446 0.047820
350 0.109850 0.367089 0.030684 0.042194
1048 0.110924 0.420769 0.023013 0.057665
200 0.113532 0.477496 0.022093 0.047351
207 0.111844 0.529301 0.025468 0.046882
799 0.113378 0.573136 0.026695 0.034224
237 0.113685 0.605720 0.028536 0.025316
595 0.114452 0.639475 0.029457 0.039381