148 0.790580 0.120019 0.021172 0.044069
930 0.790733 0.225270 0.025775 0.049226
984 0.792728 0.314815 0.027309 0.051102
528 0.791040 0.365448 0.023934 0.040788
148 0.790427 0.406939 0.026388 0.043132
1041 0.792114 0.447257 0.026082 0.030942
906 0.789813 0.489451 0.029457 0.042194
829 0.791961 0.531646 0.027002 0.035631
571 0.792421 0.580403 0.029764 0.041256
474 0.790580 0.623769 0.029150 0.039850
105 0.791807 0.674637 0.023013 0.046882
972 0.794569 0.723629 0.028536 0.040788
905 0.796257 0.766292 0.025775 0.045476
148 0.794876 0.812471 0.023627 0.040319
105 0.796103 0.857243 0.028536 0.045476
109 0.798404 0.905298 0.019638 0.038444
641 0.742252 0.120019 0.023934 0.049695
1077 0.740871 0.170886 0.029764 0.038912
105 0.745474 0.215190 0.026082 0.046882
1032 0.747008 0.259025 0.025468 0.029536
147 0.748696 0.294187 0.028230 0.037037
270 0.747775 0.337787 0.028843 0.037037
129 0.745474 0.379044 0.033446 0.047351
431 0.745934 0.428036 0.028843 0.045007
332 0.747929 0.511955 0.029764 0.042194
402 0.744860 0.556493 0.024854 0.040319
270 0.746395 0.603141 0.028536 0.042663
129 0.748082 0.678622 0.030071 0.037037
696 0.746701 0.721285 0.025468 0.042663
1077 0.749310 0.763010 0.029457 0.041725
603 0.748696 0.806376 0.020252 0.036568
785 0.749923 0.845523 0.018411 0.033286
697 0.748849 0.883263 0.025468 0.041256
1067 0.748696 0.918190 0.024547 0.031411
91 0.747315 0.939287 0.024241 0.040788
450 0.700828 0.124473 0.027616 0.048289
650 0.699141 0.166667 0.026082 0.029536
505 0.699601 0.201360 0.019024 0.038912
402 0.699601 0.304735 0.023320 0.046882
941 0.699141 0.394984 0.025468 0.046414
930 0.700675 0.444913 0.025468 0.044069
259 0.704664 0.489451 0.032218 0.041256
129 0.702056 0.539381 0.025161 0.051102
105 0.703437 0.590952 0.027309 0.039850
592 0.702823 0.635724 0.022400 0.042194
603 0.702516 0.676981 0.019945 0.038444
778 0.701442 0.722925 0.025161 0.045007
936 0.702516 0.772152 0.027309 0.048758
651 0.703130 0.820206 0.026695 0.040788
148 0.706812 0.861932 0.030377 0.038912
158 0.704357 0.909752 0.026082 0.051102
925 0.706045 0.956634 0.027616 0.040788
481 0.660479 0.130567 0.030991 0.052039
1063 0.661706 0.231364 0.029764 0.045476
1063 0.618134 0.130802 0.026695 0.048758
605 0.615680 0.184482 0.024241 0.045476
1004 0.617674 0.231130 0.022706 0.036568
393 0.617060 0.275668 0.024547 0.039381
12 0.617367 0.320675 0.025775 0.044069
1002 0.620129 0.368964 0.030684 0.041256
794 0.619208 0.417722 0.022706 0.039381
734 0.621049 0.462260 0.023934 0.043132
706 0.620282 0.515940 0.031605 0.051102
674 0.621817 0.570089 0.029150 0.057196
991 0.623811 0.626348 0.023320 0.046882
697 0.626266 0.665729 0.025775 0.037506
971 0.623504 0.714487 0.027002 0.045945
143 0.624271 0.755743 0.027309 0.035631
513 0.625499 0.806376 0.029150 0.043132
794 0.627800 0.848805 0.023934 0.035162
158 0.626266 0.894515 0.023934 0.042194
253 0.626726 0.939991 0.023627 0.050633
905 0.579626 0.131505 0.023320 0.043601
546 0.580546 0.175809 0.029457 0.037506
751 0.577631 0.220113 0.023013 0.041725
829 0.575944 0.270980 0.030684 0.052508
571 0.575944 0.319034 0.027002 0.044538
775 0.575637 0.364041 0.030071 0.043601
778 0.581160 0.409283 0.028843 0.045945
672 0.581006 0.456868 0.027923 0.046414
436 0.581313 0.503047 0.027923 0.037506
310 0.581927 0.547351 0.025468 0.041725
546 0.579626 0.592827 0.036821 0.043601
823 0.583154 0.647445 0.027309 0.046882
474 0.582387 0.695030 0.023320 0.039850
263 0.583001 0.733474 0.031912 0.036099
50 0.585763 0.772152 0.025161 0.039381
1034 0.586223 0.817628 0.033446 0.047820
1002 0.584995 0.861697 0.021786 0.044069
972 0.587143 0.900375 0.020558 0.028598
905 0.568272 0.739569 0.063210 0.037037
325 0.537435 0.132677 0.024241 0.035631
1004 0.540350 0.172293 0.020252 0.038912
1046 0.540963 0.217768 0.022706 0.044538
603 0.539429 0.266292 0.023934 0.039381
972 0.540657 0.305204 0.027616 0.036568
905 0.539276 0.344116 0.023013 0.034693
711 0.540196 0.382794 0.021786 0.041725
474 0.542037 0.432021 0.020558 0.047351
972 0.538969 0.476324 0.023013 0.043132
589 0.542498 0.519691 0.027616 0.041725
905 0.542498 0.563760 0.021479 0.037975
620 0.542191 0.605251 0.022093 0.040319
925 0.543418 0.652368 0.020865 0.039850
567 0.545259 0.697140 0.024547 0.043132
439 0.545873 0.744023 0.023320 0.039381
69 0.546333 0.787857 0.018717 0.043601
602 0.546640 0.829583 0.021172 0.036099
794 0.547714 0.908111 0.019638 0.027192
306 0.548635 0.936474 0.018411 0.030474
710 0.501534 0.140413 0.019945 0.050164
567 0.502148 0.235818 0.026695 0.045945
905 0.502455 0.280591 0.026082 0.047351
402 0.503375 0.329114 0.024241 0.050633
941 0.502915 0.375762 0.020865 0.038912
475 0.503682 0.461322 0.021172 0.041256
1032 0.506290 0.505391 0.022093 0.035631
513 0.505063 0.543132 0.023320 0.033286
529 0.507978 0.578762 0.021172 0.030474
861 0.508898 0.615565 0.023627 0.042194
152 0.511353 0.664323 0.021172 0.038444
105 0.511353 0.705579 0.021172 0.035631
1032 0.473305 0.315987 0.021786 0.041256
402 0.473765 0.356540 0.022093 0.035162
941 0.475453 0.397093 0.021172 0.041256
603 0.474992 0.446085 0.017797 0.042663
393 0.476987 0.484763 0.019945 0.031880
697 0.477907 0.521331 0.018104 0.030005
880 0.481436 0.539147 0.021479 0.031880
315 0.480822 0.576184 0.019638 0.033755
470 0.481743 0.625176 0.018411 0.038912
529 0.481743 0.669011 0.019024 0.039381
861 0.481589 0.710267 0.019331 0.035631
38 0.481896 0.751758 0.017490 0.037975
262 0.482357 0.796062 0.018411 0.040319
794 0.484658 0.842007 0.021786 0.042194
131 0.484198 0.879044 0.019024 0.030005
746 0.412703 0.124238 0.021479 0.039381
474 0.415158 0.175340 0.019638 0.044069
332 0.413470 0.221519 0.021172 0.035162
697 0.415311 0.262307 0.020558 0.035162
475 0.414544 0.328880 0.023320 0.067042
401 0.415618 0.358181 0.025468 0.040319
1 0.414391 0.372480 0.026082 0.029536
603 0.417153 0.411627 0.019331 0.042194
697 0.418073 0.459212 0.018104 0.040788
880 0.417613 0.500000 0.019638 0.038912
401 0.418687 0.540553 0.019945 0.037506
672 0.418380 0.584388 0.019331 0.035162
791 0.418994 0.623066 0.018717 0.035631
567 0.420221 0.661275 0.016263 0.034224
546 0.420988 0.700422 0.017183 0.030942
751 0.421295 0.741678 0.018411 0.038444
903 0.422062 0.791608 0.020558 0.039850
404 0.418994 0.840131 0.019945 0.044069
778 0.421755 0.887248 0.022400 0.040788
880 0.420374 0.924285 0.017183 0.035162
152 0.382479 0.121660 0.023013 0.038912
472 0.381712 0.168308 0.020252 0.037506
577 0.382940 0.210033 0.020865 0.043132
402 0.383093 0.253633 0.020558 0.044069
941 0.382326 0.306376 0.018411 0.040788
631 0.382786 0.357478 0.018717 0.049226
38 0.384781 0.410455 0.022093 0.039850
262 0.386161 0.452414 0.017490 0.039381
794 0.387235 0.497421 0.020865 0.039381
697 0.386161 0.531411 0.023627 0.029536
475 0.387082 0.609705 0.022400 0.033286
472 0.387696 0.652602 0.023627 0.032818
1047 0.389230 0.694327 0.020558 0.039381
905 0.390150 0.741678 0.021786 0.043132
778 0.389537 0.787857 0.024854 0.029536
475 0.386008 0.829348 0.019638 0.044069
814 0.386468 0.879278 0.019331 0.040788
526 0.386622 0.917018 0.017797 0.035631
514 0.347039 0.113924 0.020252 0.035631
602 0.347346 0.151430 0.022093 0.039381
402 0.347499 0.195968 0.025468 0.043132
941 0.347192 0.240741 0.020558 0.036099
631 0.348880 0.286920 0.027002 0.041256
605 0.348880 0.334271 0.020865 0.049695
697 0.349647 0.383732 0.023013 0.038912
794 0.348113 0.426395 0.026695 0.040788
211 0.351028 0.473511 0.027002 0.050633
880 0.350568 0.518753 0.022400 0.031411
801 0.349647 0.555556 0.019945 0.032818
594 0.350261 0.600563 0.028536 0.044069
38 0.350414 0.649555 0.023934 0.049226
262 0.353329 0.700656 0.024241 0.043601
794 0.353636 0.742616 0.027309 0.034693
36 0.352562 0.787857 0.019024 0.038912
740 0.352869 0.826770 0.015342 0.033286
481 0.353022 0.862869 0.018717 0.037037
963 0.334458 0.602672 0.058914 0.044538
1038 0.309297 0.121660 0.023934 0.044538
5 0.309758 0.168073 0.030377 0.045476
438 0.308377 0.220816 0.023320 0.045945
474 0.310678 0.266995 0.027923 0.037037
697 0.309604 0.309658 0.023320 0.041725
434 0.313133 0.359353 0.025468 0.040788
1067 0.313133 0.406704 0.026695 0.048289
91 0.313747 0.432489 0.029150 0.066104
450 0.314974 0.453586 0.029764 0.032349
773 0.314514 0.491561 0.022093 0.045476
905 0.315741 0.548758 0.027002 0.052977
69 0.316048 0.605016 0.023934 0.044538
880 0.314667 0.655649 0.024854 0.045476
603 0.317275 0.702063 0.027002 0.042663
376 0.316048 0.752227 0.020252 0.049226
697 0.318042 0.803329 0.024241 0.048289
794 0.318809 0.854899 0.028230 0.042663
211 0.319116 0.940459 0.022706 0.039381
749 0.270021 0.106423 0.021479 0.036568
620 0.267413 0.154712 0.021786 0.046882
439 0.268027 0.205345 0.024854 0.042194
791 0.269101 0.257384 0.024547 0.042194
697 0.269868 0.308486 0.022400 0.050633
475 0.270635 0.363104 0.021479 0.047351
373 0.270789 0.452180 0.030991 0.046414
547 0.275698 0.503047 0.032832 0.051571
366 0.275238 0.552274 0.027002 0.045945
905 0.251611 0.552743 0.012274 0.022504
402 0.228291 0.112049 0.026388 0.046882
710 0.228291 0.156821 0.027616 0.037975
1032 0.227831 0.203938 0.027923 0.053446
603 0.229825 0.251055 0.027002 0.040788
526 0.231973 0.293718 0.033753 0.042663
450 0.231359 0.333802 0.022093 0.034693
1077 0.231513 0.377168 0.024854 0.042663
393 0.230132 0.417018 0.020865 0.037037
12 0.230439 0.458978 0.024547 0.035631
1002 0.232126 0.508204 0.032832 0.054383
831 0.229979 0.558134 0.029150 0.045476
595 0.233661 0.605485 0.023627 0.046414
944 0.234121 0.650023 0.025161 0.045476
687 0.233661 0.695265 0.025468 0.046882
808 0.235502 0.740272 0.024854 0.036568
5 0.234888 0.785045 0.023013 0.046414
401 0.235041 0.834740 0.021479 0.051102
109 0.237189 0.889358 0.020252 0.037506
145 0.214176 0.647211 0.065051 0.040788
482 0.187174 0.106892 0.026388 0.042194
296 0.186714 0.152602 0.023013 0.044538
829 0.188401 0.192686 0.025161 0.024379
831 0.187481 0.231364 0.026388 0.041725
143 0.187021 0.278715 0.026082 0.035162
450 0.190549 0.328880 0.028230 0.048289
697 0.191316 0.380216 0.026082 0.036568
971 0.190396 0.421472 0.024241 0.042194
143 0.191010 0.473980 0.027923 0.046882
380 0.190396 0.533755 0.030377 0.063291
137 0.190703 0.597515 0.030991 0.046414
288 0.193771 0.644632 0.029150 0.033755
546 0.192083 0.690342 0.027002 0.047351
630 0.192544 0.744960 0.024241 0.044069
148 0.193464 0.801922 0.027309 0.052039
794 0.195766 0.851383 0.027002 0.040319
158 0.192697 0.898031 0.025775 0.042663
546 0.195459 0.943272 0.025775 0.045007
1077 0.195612 0.980075 0.023013 0.031411
105 0.145443 0.174402 0.027002 0.045007
143 0.145443 0.194327 0.029457 0.053915
264 0.146364 0.214252 0.028230 0.030005
622 0.143449 0.257150 0.026695 0.043601
958 0.146210 0.304501 0.030991 0.038912
794 0.146824 0.354899 0.023627 0.046882
748 0.144830 0.403657 0.034980 0.045945
431 0.147745 0.450539 0.026082 0.045007
381 0.149739 0.498828 0.025161 0.045007
380 0.150199 0.549461 0.027309 0.049695
351 0.151580 0.605485 0.030684 0.050164
39 0.150506 0.656118 0.034060 0.051102
98 0.149739 0.703704 0.030071 0.045007
94 0.150967 0.783872 0.034980 0.047820
38 0.152654 0.833568 0.036514 0.046882
262 0.149279 0.880216 0.029764 0.044538
794 0.150967 0.932489 0.023320 0.045945
786 0.150813 0.975152 0.028536 0.037506
334 0.115373 0.439756 0.014728 0.019691
1077 0.091899 0.105251 0.026695 0.037975
393 0.093894 0.151664 0.028230 0.043601
164 0.095428 0.195499 0.034980 0.042194
69 0.098957 0.248476 0.039583 0.051571
14 0.096809 0.299109 0.025468 0.043132
994 0.097269 0.348336 0.031912 0.042194
482 0.096195 0.402016 0.032218 0.046414
570 0.094814 0.445382 0.031912 0.042194
801 0.096349 0.489451 0.027002 0.041256
594 0.096349 0.530239 0.026388 0.040319
941 0.096349 0.578059 0.020252 0.041256
791 0.099110 0.631974 0.030071 0.051571
143 0.098343 0.681200 0.023013 0.042194
380 0.100951 0.719644 0.026388 0.028129
1001 0.100031 0.767464 0.028230 0.049695
974 0.100338 0.815049 0.019638 0.037975
439 0.101565 0.862635 0.024547 0.050633
143 0.099417 0.916315 0.023320 0.042663
380 0.102332 0.952649 0.022400 0.023441
778 0.101411 0.983826 0.023627 0.029536