393 0.798098 0.106423 0.030684 0.045945
871 0.802547 0.152836 0.023013 0.041256
129 0.803467 0.193858 0.025468 0.037037
143 0.801933 0.239100 0.021172 0.045007
994 0.802240 0.292546 0.026695 0.041256
402 0.800706 0.333333 0.023627 0.032818
325 0.801319 0.380684 0.030377 0.049695
747 0.797024 0.428973 0.023627 0.035631
69 0.798098 0.465541 0.030684 0.038444
944 0.798251 0.516174 0.027923 0.045007
571 0.797484 0.560947 0.024547 0.039850
845 0.799632 0.606892 0.031912 0.051102
778 0.799018 0.658931 0.027002 0.049226
514 0.798404 0.712377 0.022093 0.041725
402 0.800706 0.753165 0.023627 0.033286
567 0.802087 0.792780 0.028843 0.043132
749 0.800859 0.836146 0.026388 0.043601
356 0.802087 0.890530 0.022093 0.052039
474 0.801626 0.946320 0.020558 0.037975
129 0.802854 0.964369 0.017490 0.041256
105 0.803774 0.975856 0.016263 0.023910
526 0.754219 0.108064 0.024547 0.040788
346 0.750997 0.148851 0.023013 0.039850
69 0.752378 0.195734 0.022093 0.043601
567 0.752378 0.244491 0.030684 0.050164
173 0.751611 0.293483 0.025468 0.041256
625 0.749310 0.341538 0.027616 0.044538
173 0.747775 0.384904 0.027616 0.040319
370 0.752378 0.425457 0.028230 0.037037
778 0.750997 0.464838 0.021172 0.037975
129 0.750690 0.518050 0.021786 0.050633
152 0.751918 0.575949 0.024854 0.048289
105 0.757134 0.624941 0.027923 0.044069
382 0.756214 0.670652 0.027309 0.038912
791 0.754373 0.710736 0.029150 0.039381
105 0.754219 0.765120 0.028230 0.055321
142 0.756367 0.815284 0.022093 0.036568
441 0.758822 0.921238 0.030684 0.055321
594 0.705738 0.109470 0.023934 0.040788
474 0.708193 0.155415 0.023934 0.042663
349 0.707119 0.204876 0.023013 0.042194
1032 0.708039 0.249414 0.023013 0.038444
129 0.707732 0.289733 0.027309 0.041256
778 0.707119 0.335677 0.023627 0.033755
357 0.714176 0.420066 0.027309 0.035631
420 0.712028 0.462729 0.023627 0.045945
612 0.712182 0.510080 0.019024 0.042194
502 0.713409 0.560947 0.023934 0.041725
100 0.712335 0.614393 0.019331 0.046414
673 0.715403 0.660103 0.019945 0.035631
38 0.714023 0.705110 0.020252 0.036568
262 0.712642 0.745195 0.025468 0.041725
419 0.711875 0.788561 0.019638 0.041256
988 0.715097 0.885607 0.028536 0.045007
474 0.666309 0.120019 0.022400 0.045945
143 0.665081 0.168776 0.024854 0.046882
994 0.665848 0.217300 0.023934 0.043601
526 0.666002 0.268167 0.022400 0.040319
62 0.666462 0.310127 0.026388 0.043601
133 0.668457 0.355837 0.025468 0.044069
794 0.667536 0.406704 0.033446 0.048289
393 0.669377 0.451477 0.027309 0.040319
1000 0.669684 0.496484 0.022400 0.048758
62 0.671218 0.541491 0.024241 0.042194
1002 0.671372 0.583919 0.022706 0.038912
610 0.671832 0.632208 0.023013 0.049226
129 0.672139 0.684013 0.024241 0.046882
115 0.674133 0.738162 0.022093 0.045476
526 0.675514 0.784810 0.021172 0.042194
450 0.675361 0.829817 0.020252 0.043132
546 0.676588 0.878809 0.019638 0.044538
1077 0.675514 0.932255 0.019945 0.048289
62 0.628874 0.165495 0.021172 0.033755
1016 0.629334 0.202297 0.019638 0.031411
603 0.631635 0.233943 0.024854 0.031880
436 0.631482 0.315284 0.026388 0.031411
310 0.630715 0.358650 0.021172 0.042194
1077 0.632096 0.407407 0.020252 0.048758
69 0.634550 0.456868 0.022706 0.044538
1032 0.635624 0.502110 0.021172 0.044069
221 0.636392 0.548992 0.020865 0.044069
46 0.634550 0.596343 0.021479 0.046882
1031 0.633477 0.648148 0.022400 0.045476
796 0.636698 0.692686 0.023320 0.044538
474 0.639613 0.739569 0.025468 0.034224
763 0.639153 0.782935 0.025775 0.039381
1031 0.637005 0.828176 0.022093 0.042663
220 0.639153 0.906235 0.025161 0.039381
497 0.639920 0.955462 0.026082 0.045945
391 0.592666 0.122597 0.021172 0.042663
334 0.593127 0.176043 0.021479 0.050164
308 0.593434 0.225973 0.022706 0.041256
1080 0.594814 0.315049 0.026082 0.045945
69 0.595735 0.372480 0.022400 0.047351
953 0.598496 0.421941 0.022400 0.045007
474 0.599877 0.464369 0.023934 0.033286
105 0.602946 0.507501 0.026388 0.043601
382 0.599877 0.556962 0.029457 0.042194
546 0.600644 0.600328 0.023627 0.041725
357 0.601411 0.650023 0.023320 0.047351
420 0.601718 0.692921 0.020252 0.041256
402 0.603713 0.733474 0.024241 0.038912
65 0.602332 0.780591 0.022706 0.045007
721 0.600031 0.829583 0.024241 0.041725
389 0.554925 0.137131 0.018717 0.045476
129 0.555999 0.187529 0.020252 0.041256
105 0.559681 0.263010 0.026388 0.032818
526 0.557533 0.301688 0.022706 0.035162
450 0.555692 0.341069 0.022706 0.037037
133 0.559374 0.380216 0.022093 0.038444
794 0.558454 0.417956 0.025161 0.040788
474 0.559374 0.459212 0.020252 0.040788
944 0.559988 0.508439 0.019024 0.050164
148 0.560295 0.554618 0.024547 0.037506
62 0.562136 0.599859 0.022706 0.043601
38 0.562442 0.654946 0.019024 0.045945
262 0.561675 0.707923 0.020558 0.043132
1067 0.561829 0.755509 0.020252 0.043601
91 0.561982 0.802391 0.019945 0.036099
450 0.560755 0.842944 0.018717 0.045007
105 0.562749 0.892405 0.020865 0.045476
1048 0.562136 0.931786 0.019024 0.030474
749 0.522400 0.140178 0.014422 0.039381
650 0.521632 0.181669 0.018411 0.037037
69 0.522860 0.238865 0.019638 0.035162
411 0.525008 0.280825 0.022706 0.044069
910 0.523013 0.371542 0.022400 0.044538
673 0.526388 0.416315 0.022400 0.040319
69 0.527769 0.464369 0.025161 0.046414
1046 0.527769 0.516174 0.017797 0.037506
344 0.527923 0.555790 0.024241 0.036099
1077 0.528843 0.602672 0.022400 0.044538
96 0.528536 0.651195 0.016876 0.035631
325 0.530838 0.698312 0.023934 0.047351
513 0.531451 0.781763 0.020252 0.044538
774 0.531758 0.930145 0.021479 0.038444
778 0.493556 0.135959 0.019331 0.041256
1067 0.494170 0.177450 0.016876 0.029536
91 0.494323 0.218940 0.015342 0.033755
450 0.494630 0.266057 0.020252 0.044538
1022 0.494323 0.312940 0.018411 0.035162
62 0.495091 0.353962 0.018104 0.038444
129 0.496625 0.394280 0.018717 0.036568
474 0.497545 0.439287 0.018104 0.038444
640 0.498773 0.489451 0.019945 0.044069
968 0.499386 0.503751 0.018717 0.033286
158 0.499540 0.547351 0.017797 0.039850
925 0.498926 0.602907 0.019024 0.044069
288 0.499079 0.614627 0.016263 0.027192
930 0.499233 0.646976 0.020252 0.027192
107 0.502148 0.690811 0.016263 0.040788
888 0.500921 0.736756 0.017490 0.034224
829 0.500614 0.786920 0.019945 0.047351
513 0.501227 0.832630 0.015035 0.035631
774 0.498926 0.877403 0.024547 0.041725
1077 0.500460 0.924519 0.018411 0.042194
603 0.428506 0.180028 0.019945 0.033755
109 0.427125 0.262072 0.022706 0.048758
650 0.427739 0.310830 0.020865 0.033755
401 0.428506 0.345757 0.019331 0.033286
801 0.428045 0.383029 0.018411 0.041256
594 0.427892 0.427801 0.020558 0.044538
778 0.428352 0.476324 0.019024 0.037506
105 0.427585 0.519925 0.019331 0.042194
143 0.428045 0.571496 0.020865 0.046882
1 0.424824 0.664323 0.023627 0.045945
14 0.426358 0.716362 0.018717 0.051571
513 0.425744 0.768401 0.020558 0.041256
620 0.426358 0.813877 0.016876 0.043132
474 0.396901 0.146507 0.026082 0.043601
115 0.396441 0.194562 0.023320 0.045007
829 0.396287 0.241678 0.021786 0.044538
726 0.396441 0.288795 0.020865 0.038444
794 0.395213 0.387482 0.033139 0.050164
590 0.395520 0.430380 0.021479 0.037506
919 0.393986 0.474215 0.021479 0.043601
714 0.393372 0.521800 0.021479 0.046882
869 0.392298 0.577121 0.022400 0.049695
143 0.393832 0.629864 0.018717 0.043601
831 0.391838 0.671824 0.022093 0.037506
993 0.395213 0.714487 0.028230 0.041256
775 0.391838 0.765120 0.023934 0.050633
590 0.395520 0.814815 0.025161 0.047820
245 0.391838 0.918659 0.021479 0.037975
715 0.393526 0.955462 0.022400 0.033755
991 0.358699 0.143694 0.023934 0.052977
993 0.359159 0.202063 0.029150 0.050633
595 0.356244 0.250586 0.025775 0.046414
472 0.357625 0.299578 0.023013 0.043132
1043 0.359006 0.392405 0.034366 0.049695
419 0.358546 0.441866 0.024241 0.044538
923 0.358085 0.484529 0.022706 0.035162
105 0.357165 0.523441 0.027002 0.037975
143 0.358239 0.572433 0.023013 0.046882
1034 0.358852 0.618378 0.023627 0.046882
474 0.358392 0.677215 0.028230 0.056728
402 0.357318 0.726442 0.022400 0.038912
698 0.358546 0.769105 0.027923 0.045476
944 0.357472 0.815518 0.021479 0.042663
794 0.357932 0.866620 0.021786 0.044538
344 0.358392 0.911627 0.022093 0.034224
705 0.357165 0.955227 0.020865 0.040788
905 0.320344 0.137600 0.026388 0.057665
69 0.320344 0.187529 0.025161 0.041256
546 0.319423 0.237928 0.025775 0.052039
751 0.319730 0.296296 0.026388 0.038444
941 0.318196 0.335209 0.021479 0.035631
481 0.319270 0.378809 0.034060 0.047820
252 0.316968 0.428036 0.028843 0.045007
474 0.318042 0.480544 0.024854 0.052508
1030 0.317582 0.536334 0.031298 0.049695
344 0.320190 0.583919 0.034060 0.044538
252 0.317122 0.629630 0.026082 0.045007
794 0.318809 0.680263 0.031298 0.050633
344 0.320957 0.725504 0.030684 0.038912
603 0.318809 0.766057 0.028230 0.034693
436 0.317275 0.819737 0.023320 0.052977
612 0.318503 0.867557 0.027616 0.037037
474 0.316201 0.909517 0.027923 0.044069
705 0.317429 0.958040 0.024241 0.038912
778 0.277232 0.141585 0.025468 0.045945
791 0.279073 0.193858 0.030991 0.045476
513 0.276465 0.240741 0.033753 0.043601
764 0.279534 0.282700 0.033139 0.040319
589 0.276925 0.326301 0.026695 0.048758
749 0.278306 0.373183 0.032525 0.046882
905 0.274931 0.417487 0.032525 0.042663
481 0.274471 0.454759 0.031605 0.043132
402 0.274931 0.506095 0.023934 0.052039
474 0.276005 0.558134 0.029764 0.049226
697 0.274931 0.603844 0.029457 0.042194
475 0.274471 0.647445 0.026082 0.044069
811 0.272169 0.692218 0.032525 0.042663
796 0.275084 0.732068 0.027309 0.034224
778 0.273243 0.776840 0.029150 0.049695
366 0.273704 0.884201 0.023934 0.047820
325 0.274164 0.928739 0.024854 0.036568
905 0.280147 0.972574 0.033753 0.046414
595 0.235041 0.180263 0.026388 0.039850
38 0.235809 0.229255 0.029150 0.048758
262 0.234428 0.276840 0.025775 0.045476
993 0.232740 0.318800 0.025468 0.039381
1077 0.232433 0.360525 0.022400 0.040319
811 0.231820 0.405063 0.022400 0.044069
577 0.230746 0.449133 0.027616 0.044069
941 0.234888 0.488514 0.034673 0.031880
474 0.231206 0.526020 0.026695 0.041256
109 0.231973 0.569855 0.023320 0.037037
641 0.230132 0.611111 0.022093 0.037975
705 0.228751 0.659634 0.030991 0.048758
905 0.227370 0.708392 0.022093 0.037506
1004 0.230592 0.840366 0.026082 0.039850
791 0.229365 0.890295 0.028536 0.044069
726 0.232280 0.932958 0.031912 0.044069
1077 0.232587 0.974918 0.025775 0.043601
105 0.190856 0.127286 0.026388 0.046414
142 0.190089 0.178387 0.025468 0.047351
905 0.192237 0.223394 0.024241 0.043601
270 0.195305 0.263713 0.031605 0.033286
631 0.193004 0.297468 0.026388 0.033286
69 0.193311 0.334974 0.028230 0.039850
602 0.191623 0.380216 0.026082 0.042194
546 0.188095 0.430614 0.026388 0.049226
131 0.188401 0.477262 0.031298 0.038444
811 0.188862 0.520394 0.026082 0.044069
439 0.188401 0.622128 0.030071 0.045007
474 0.187481 0.674168 0.034980 0.046882
972 0.186714 0.725270 0.038969 0.044069
1034 0.186560 0.764416 0.027002 0.035162
1067 0.189629 0.801453 0.018411 0.036099
91 0.188401 0.847398 0.025775 0.048289
450 0.188862 0.894515 0.027309 0.039381
673 0.189322 0.942804 0.023934 0.045007
845 0.190856 0.980778 0.022706 0.032818
504 0.143602 0.123535 0.023320 0.047351
923 0.143142 0.175809 0.026082 0.047820
474 0.141454 0.227379 0.030071 0.049695
923 0.142528 0.278715 0.026082 0.048289
791 0.142528 0.321613 0.022400 0.032818
605 0.146364 0.366385 0.030684 0.053915
796 0.142528 0.412330 0.027923 0.040788
778 0.144369 0.461088 0.034673 0.050164
346 0.143756 0.515002 0.027309 0.042663
1015 0.146210 0.560713 0.030991 0.037506
1023 0.143449 0.600328 0.023013 0.039850
148 0.146671 0.645335 0.032525 0.046414
163 0.146364 0.690342 0.027616 0.041725
829 0.145750 0.736990 0.023934 0.039381
883 0.144523 0.791608 0.023320 0.052977
692 0.142068 0.849742 0.023320 0.036099
46 0.145597 0.893343 0.028536 0.043601
1034 0.143295 0.937178 0.023934 0.042194
94 0.144063 0.977028 0.023627 0.038444
721 0.096962 0.121660 0.030071 0.045476
389 0.099570 0.173230 0.034673 0.044538
791 0.097269 0.225973 0.028843 0.045007
546 0.098036 0.265120 0.024854 0.033286
937 0.098650 0.304266 0.030377 0.042194
439 0.099570 0.393812 0.026695 0.046882
393 0.102025 0.449133 0.028536 0.045945
211 0.101872 0.539616 0.033753 0.045007
78 0.102792 0.629395 0.023934 0.038912
546 0.103253 0.672761 0.029150 0.045945
602 0.102946 0.725035 0.026695 0.037975
775 0.101565 0.767229 0.020865 0.046414
911 0.103099 0.816925 0.027002 0.036099
930 0.100338 0.866385 0.023320 0.048758
1034 0.100798 0.916081 0.030991 0.043132