1041 0.873581 0.091889 0.025161 0.046882
589 0.875115 0.142288 0.022093 0.038912
905 0.875268 0.183544 0.023627 0.041725
446 0.873121 0.226207 0.029764 0.041725
434 0.876189 0.262541 0.032218 0.034693
1072 0.876956 0.307782 0.028230 0.047351
91 0.876342 0.354430 0.024547 0.033755
178 0.875729 0.392171 0.028843 0.037975
855 0.874501 0.435771 0.025161 0.044538
133 0.873274 0.481013 0.035594 0.040319
775 0.873734 0.527661 0.022400 0.045476
971 0.873888 0.571261 0.022706 0.036099
523 0.874655 0.605016 0.027923 0.039850
402 0.876956 0.637131 0.028843 0.029067
325 0.878951 0.676981 0.032832 0.045007
747 0.873427 0.722222 0.024854 0.037037
69 0.876496 0.762072 0.028536 0.041725
1043 0.874041 0.810595 0.023627 0.045945
419 0.873427 0.857712 0.023627 0.041725
62 0.873274 0.930849 0.025775 0.043601
158 0.879104 0.982654 0.028843 0.029067
474 0.828322 0.097281 0.025468 0.048289
880 0.827248 0.139475 0.028843 0.036099
105 0.827248 0.181903 0.025161 0.039381
326 0.831237 0.221988 0.034980 0.039850
218 0.830009 0.264182 0.034366 0.041725
481 0.832924 0.310595 0.035287 0.050164
325 0.830163 0.354430 0.027923 0.043132
419 0.833538 0.400609 0.035287 0.047351
325 0.829242 0.446085 0.029764 0.037037
747 0.834152 0.491327 0.036514 0.050633
474 0.829856 0.537975 0.023627 0.037975
589 0.830469 0.585326 0.033446 0.047351
923 0.829242 0.625879 0.024854 0.037506
148 0.829702 0.667135 0.030684 0.042194
546 0.831237 0.716128 0.027002 0.047351
775 0.835072 0.765120 0.033446 0.044069
378 0.833691 0.810361 0.028843 0.045476
855 0.832464 0.856071 0.021479 0.036568
1067 0.832771 0.893577 0.025161 0.038444
91 0.832924 0.928973 0.027309 0.035162
450 0.833691 0.970230 0.024547 0.044538
208 0.788279 0.088139 0.028230 0.032818
1077 0.784750 0.133146 0.029764 0.046882
993 0.784750 0.182138 0.019945 0.040788
775 0.785977 0.227145 0.024241 0.043601
179 0.785824 0.264416 0.018411 0.028129
933 0.786438 0.297703 0.026388 0.036568
923 0.782755 0.344820 0.023320 0.046414
612 0.784136 0.398031 0.021172 0.047820
238 0.784290 0.447961 0.027002 0.045476
199 0.787512 0.490858 0.035287 0.036568
791 0.785517 0.534459 0.031912 0.047820
311 0.784750 0.576184 0.022400 0.034693
9 0.785670 0.655180 0.021786 0.034224
517 0.786744 0.694327 0.026388 0.042194
507 0.784903 0.742850 0.025775 0.052039
1031 0.783983 0.796531 0.027616 0.045945
930 0.785824 0.844116 0.029457 0.037037
587 0.784903 0.887717 0.022093 0.040788
589 0.787512 0.930380 0.022400 0.041725
1072 0.785517 0.975387 0.026388 0.042663
855 0.739644 0.100328 0.024241 0.043132
1067 0.741178 0.146976 0.023013 0.035162
91 0.740871 0.189639 0.027923 0.045476
450 0.741332 0.229020 0.023934 0.031411
971 0.743326 0.273558 0.023627 0.046414
963 0.745321 0.320206 0.027002 0.041256
69 0.742559 0.366620 0.022706 0.043132
612 0.745014 0.408814 0.031298 0.033755
481 0.742559 0.447257 0.031298 0.042194
923 0.741945 0.495546 0.032525 0.047820
305 0.739184 0.543835 0.022093 0.042194
148 0.739491 0.584388 0.022093 0.037975
1009 0.740565 0.631505 0.029764 0.046882
925 0.740871 0.727379 0.028536 0.035162
211 0.742099 0.767464 0.026695 0.043132
764 0.741178 0.803563 0.021786 0.030942
317 0.741792 0.892171 0.024241 0.043132
513 0.741332 0.939287 0.030684 0.044538
541 0.744093 0.978903 0.031912 0.035631
513 0.696993 0.102203 0.025468 0.048758
438 0.697146 0.157759 0.028843 0.049226
305 0.698374 0.203000 0.025775 0.034693
343 0.696993 0.253868 0.025468 0.048289
91 0.696379 0.351149 0.020558 0.036568
701 0.697913 0.395218 0.021172 0.044069
680 0.700368 0.446554 0.034673 0.046414
148 0.700368 0.482185 0.034060 0.029536
612 0.702823 0.524379 0.042037 0.059541
481 0.699141 0.573605 0.027309 0.037037
1077 0.704050 0.616034 0.036514 0.042194
770 0.701902 0.660103 0.024241 0.039381
971 0.699141 0.703704 0.024241 0.037506
378 0.700061 0.753868 0.021172 0.053446
343 0.699908 0.809423 0.024547 0.042663
1067 0.701289 0.857243 0.017490 0.037037
91 0.700522 0.906470 0.024547 0.051102
450 0.702516 0.954993 0.026082 0.041256
208 0.653268 0.163854 0.023320 0.046414
1077 0.653268 0.211439 0.025775 0.040319
930 0.658484 0.258790 0.033139 0.040319
311 0.652961 0.309423 0.027002 0.043132
283 0.654802 0.349273 0.025161 0.037506
1048 0.654342 0.394515 0.024241 0.042663
9 0.656490 0.446085 0.032218 0.039850
401 0.657103 0.518050 0.024854 0.042194
1013 0.657257 0.560009 0.022093 0.041725
829 0.658024 0.601500 0.022400 0.036568
1077 0.660479 0.643694 0.026695 0.040319
142 0.661399 0.688467 0.029150 0.035162
517 0.657871 0.728083 0.025161 0.042194
762 0.656029 0.774027 0.020252 0.044069
299 0.659251 0.828880 0.019945 0.043132
443 0.658944 0.873887 0.022400 0.043132
880 0.658638 0.967182 0.023627 0.046882
695 0.611384 0.107829 0.026082 0.057196
651 0.610924 0.155649 0.023320 0.033755
517 0.611230 0.199484 0.028230 0.038912
344 0.612304 0.248242 0.026695 0.047351
821 0.613071 0.298172 0.026388 0.034693
689 0.616140 0.342944 0.038662 0.049226
91 0.614913 0.385373 0.027616 0.035631
178 0.614606 0.429911 0.024547 0.045945
855 0.619515 0.483591 0.030071 0.045476
706 0.618595 0.527661 0.029457 0.036099
58 0.616907 0.568448 0.031605 0.041725
673 0.620589 0.616034 0.031605 0.052508
462 0.615833 0.672058 0.028843 0.051102
879 0.617060 0.726676 0.028843 0.056259
401 0.618134 0.779184 0.038969 0.045007
481 0.620896 0.826301 0.027923 0.046414
796 0.619055 0.871308 0.032218 0.040788
923 0.619515 0.922644 0.031912 0.052508
158 0.620896 0.969761 0.026082 0.035162
836 0.620589 0.983591 0.024241 0.032818
325 0.571955 0.102438 0.027616 0.046414
133 0.571034 0.145335 0.027616 0.033755
923 0.571494 0.191045 0.024241 0.046414
880 0.570881 0.231599 0.021172 0.037506
434 0.570420 0.273793 0.027616 0.046882
1072 0.574102 0.321378 0.031912 0.036099
91 0.573182 0.362635 0.028843 0.044538
226 0.571801 0.406939 0.023627 0.039381
602 0.572875 0.448195 0.021479 0.043132
450 0.575790 0.495312 0.036514 0.039850
1038 0.574870 0.540788 0.029764 0.043601
930 0.577631 0.583451 0.032218 0.037975
589 0.575176 0.602438 0.029150 0.061885
749 0.572875 0.627989 0.022706 0.039850
429 0.575637 0.667135 0.027616 0.043132
963 0.574256 0.709564 0.021172 0.040788
69 0.579932 0.757618 0.031298 0.046882
92 0.575944 0.804266 0.025161 0.044538
880 0.577938 0.852789 0.023013 0.033755
838 0.579165 0.899437 0.020558 0.043601
1 0.580086 0.948664 0.021172 0.043601
723 0.580700 0.986170 0.019945 0.026723
1032 0.532679 0.105485 0.036821 0.048758
749 0.535287 0.150727 0.031605 0.041725
855 0.534520 0.193390 0.028843 0.037975
439 0.536207 0.236756 0.029150 0.047820
344 0.535594 0.279887 0.022400 0.031880
69 0.535287 0.321144 0.024241 0.042194
92 0.534673 0.368261 0.027309 0.045476
880 0.536514 0.418894 0.035287 0.038912
109 0.536975 0.460853 0.030071 0.039381
1072 0.535287 0.506329 0.023627 0.043132
158 0.534980 0.544773 0.021172 0.031880
133 0.536975 0.581810 0.031298 0.040319
764 0.536207 0.627520 0.023013 0.041725
793 0.540043 0.672293 0.023934 0.033755
148 0.538816 0.708158 0.024547 0.036099
133 0.536514 0.747773 0.024241 0.034693
546 0.540196 0.796765 0.027309 0.040788
751 0.540350 0.842944 0.026388 0.045945
971 0.538355 0.887717 0.025468 0.038912
105 0.540503 0.932255 0.020558 0.035162
1032 0.540657 0.970933 0.018411 0.035631
880 0.460724 0.105720 0.027923 0.040788
958 0.459650 0.145101 0.022093 0.029536
641 0.460110 0.182372 0.023627 0.043132
499 0.459957 0.272855 0.025775 0.043132
568 0.459650 0.325832 0.020865 0.035631
673 0.461491 0.374824 0.032525 0.050164
462 0.459650 0.417487 0.025161 0.031411
879 0.456428 0.464135 0.022400 0.051571
641 0.459037 0.522035 0.028843 0.049226
1077 0.457502 0.572668 0.025161 0.042663
380 0.459037 0.609939 0.027616 0.027192
500 0.455815 0.642522 0.023627 0.028598
651 0.456889 0.684013 0.022093 0.044069
905 0.453820 0.733474 0.019024 0.039850
855 0.453820 0.775902 0.022093 0.039381
402 0.451365 0.828176 0.024547 0.047351
65 0.451672 0.870605 0.022093 0.032818
1032 0.453360 0.900844 0.027309 0.028598
474 0.423443 0.102907 0.023934 0.030474
380 0.422522 0.139241 0.020865 0.032818
109 0.422522 0.179559 0.023320 0.044069
602 0.421295 0.221519 0.023320 0.038912
778 0.422215 0.267464 0.028230 0.042663
777 0.417766 0.318331 0.026695 0.045945
229 0.419761 0.361463 0.025161 0.037506
673 0.418533 0.402250 0.021479 0.032818
706 0.418687 0.443741 0.029764 0.040788
829 0.418226 0.493436 0.034366 0.044538
391 0.419607 0.537975 0.031605 0.045476
334 0.420528 0.586029 0.032218 0.045007
69 0.417306 0.635490 0.025775 0.049226
903 0.415925 0.678387 0.030991 0.038444
404 0.414851 0.722222 0.031298 0.042663
983 0.414391 0.768167 0.021172 0.045476
1007 0.413931 0.814580 0.028230 0.040788
55 0.412550 0.856774 0.022400 0.036099
905 0.412703 0.897328 0.022093 0.038444
446 0.411476 0.944444 0.022093 0.044538
649 0.411629 0.984998 0.024241 0.027192
344 0.384167 0.108533 0.031912 0.043601
845 0.383553 0.158228 0.029457 0.049226
431 0.382633 0.206517 0.033139 0.049226
602 0.381712 0.256681 0.038048 0.049226
747 0.379871 0.305438 0.024547 0.042663
494 0.377416 0.351383 0.027002 0.041725
148 0.381098 0.403657 0.022093 0.048758
749 0.380331 0.498594 0.021786 0.047351
902 0.379411 0.550398 0.031605 0.054383
884 0.377570 0.595171 0.027923 0.029536
673 0.376956 0.629161 0.026082 0.035631
727 0.376189 0.659165 0.022706 0.031880
408 0.376956 0.699250 0.021786 0.040788
925 0.376342 0.741444 0.027923 0.044538
143 0.375882 0.793015 0.020252 0.037975
567 0.374195 0.836615 0.024854 0.041725
438 0.373734 0.881153 0.028230 0.038912
1072 0.373274 0.925926 0.021172 0.042194
855 0.372967 0.969292 0.023013 0.038912
928 0.345965 0.111814 0.032218 0.052039
334 0.342897 0.161744 0.027309 0.041256
69 0.344124 0.204407 0.026695 0.040319
903 0.342436 0.254805 0.022706 0.050164
404 0.341362 0.300047 0.032218 0.040319
431 0.341669 0.344351 0.035901 0.045476
631 0.339061 0.398969 0.023934 0.053446
115 0.340442 0.446789 0.028536 0.034693
270 0.340749 0.487576 0.025468 0.045007
880 0.340749 0.526723 0.027923 0.036099
131 0.341823 0.564463 0.027002 0.042194
109 0.343510 0.609470 0.029150 0.031880
145 0.340749 0.650961 0.024854 0.037975
482 0.339214 0.688233 0.027923 0.040319
570 0.341209 0.725738 0.022706 0.030942
778 0.339061 0.763479 0.022706 0.034224
131 0.340288 0.813643 0.031912 0.057665
73 0.335072 0.862400 0.031912 0.039850
62 0.334919 0.911158 0.024241 0.045476
158 0.334458 0.962260 0.029457 0.039850
701 0.302547 0.100328 0.029457 0.032818
680 0.297791 0.150727 0.027923 0.050164
148 0.298711 0.203000 0.023627 0.045007
880 0.297177 0.292780 0.024241 0.035162
402 0.300245 0.332630 0.024241 0.041725
941 0.300092 0.367323 0.021479 0.028598
115 0.299478 0.398500 0.019638 0.031880
270 0.300552 0.436240 0.024854 0.038912
880 0.303774 0.477262 0.032525 0.033755
1032 0.298865 0.516878 0.023934 0.037975
402 0.299172 0.561650 0.023320 0.046882
749 0.298711 0.603141 0.023013 0.029536
270 0.300092 0.638537 0.020865 0.042194
69 0.300552 0.677450 0.027309 0.031880
1032 0.300552 0.715893 0.032218 0.042194
846 0.296870 0.758790 0.022400 0.043601
531 0.298711 0.804735 0.027923 0.037037
1067 0.295489 0.854665 0.025161 0.043132
91 0.294415 0.873183 0.029764 0.047351
245 0.295489 0.917487 0.022706 0.039381
722 0.295029 0.956634 0.019945 0.036099
981 0.293188 0.988045 0.019331 0.023910
212 0.265112 0.111346 0.034366 0.049226
880 0.263424 0.162447 0.032218 0.044538
208 0.260663 0.207923 0.022400 0.039850
1077 0.261583 0.250586 0.023627 0.044538
695 0.263885 0.299109 0.028230 0.048758
821 0.262811 0.391233 0.027309 0.052977
689 0.260816 0.453352 0.028843 0.052508
91 0.260816 0.505860 0.025775 0.053446
852 0.261737 0.552508 0.023320 0.036099
450 0.263118 0.594702 0.022400 0.037975
1038 0.260970 0.640881 0.027309 0.048758
402 0.260663 0.684716 0.030991 0.033286
69 0.260203 0.719409 0.027002 0.031411
546 0.262044 0.757618 0.032525 0.042194
751 0.259589 0.800985 0.031912 0.045476
700 0.259896 0.842710 0.027002 0.037037
391 0.257901 0.891702 0.024854 0.044069
334 0.256827 0.941866 0.027616 0.046882
925 0.214790 0.107361 0.025775 0.051571
72 0.216324 0.165026 0.026388 0.048758
905 0.217551 0.216596 0.022706 0.046882
69 0.220160 0.262775 0.028536 0.042663
764 0.220006 0.308017 0.034366 0.038444
317 0.217705 0.349508 0.028536 0.041725
2 0.217245 0.395452 0.032525 0.048289
1081 0.216631 0.446554 0.028843 0.050164
133 0.214636 0.498594 0.035901 0.043601
129 0.215250 0.540553 0.029150 0.041256
75 0.216477 0.581106 0.029764 0.035162
0 0.214636 0.622832 0.029150 0.039850
186 0.216324 0.676981 0.027616 0.058134
142 0.215250 0.728083 0.027923 0.044069
1002 0.215250 0.772152 0.027923 0.045007
1031 0.213409 0.827473 0.030377 0.051571
799 0.212949 0.870136 0.029457 0.036568
237 0.212335 0.915846 0.025775 0.048289
1041 0.209420 0.962729 0.032218 0.041725
419 0.213716 0.991796 0.022400 0.015471
133 0.174593 0.106188 0.034366 0.046414
775 0.172292 0.161275 0.021172 0.046882
1080 0.175207 0.207923 0.031298 0.037975
836 0.173213 0.250117 0.034673 0.048289
450 0.171372 0.299578 0.028536 0.049695
541 0.171525 0.357712 0.027002 0.045945
711 0.171525 0.409283 0.023320 0.045945
640 0.172139 0.452883 0.023320 0.043132
968 0.173213 0.503985 0.035901 0.054383
905 0.171218 0.556024 0.024547 0.046882
647 0.169991 0.607829 0.025775 0.044538
764 0.171985 0.658462 0.031605 0.040788
317 0.171065 0.696203 0.024241 0.036568
1060 0.171678 0.735584 0.027309 0.040319
1072 0.171985 0.781997 0.029764 0.047820
1067 0.171065 0.829348 0.021786 0.037506
91 0.171065 0.870136 0.020558 0.037506
245 0.172752 0.906939 0.033753 0.037037
722 0.172752 0.949133 0.034366 0.041725
695 0.167996 0.982419 0.024854 0.029536
592 0.128414 0.100797 0.027309 0.045007
92 0.128720 0.147914 0.023627 0.038912
880 0.128414 0.189405 0.025468 0.037506
401 0.130562 0.228551 0.027309 0.042663
352 0.129794 0.272621 0.038048 0.040788
1012 0.128107 0.318097 0.030991 0.045476
207 0.129181 0.364979 0.027002 0.045476
799 0.130255 0.406470 0.028536 0.036568
958 0.129794 0.452649 0.028843 0.049226
541 0.131789 0.504219 0.026695 0.044538
711 0.132556 0.554383 0.027616 0.049226
791 0.132403 0.607126 0.029764 0.046882
504 0.132403 0.650258 0.029764 0.037506
178 0.130408 0.691749 0.028843 0.041725
903 0.131635 0.746132 0.027616 0.052039
178 0.133170 0.796531 0.027002 0.046882
404 0.131022 0.843179 0.029457 0.043601
1080 0.132096 0.886310 0.027923 0.036099
836 0.132556 0.929677 0.033753 0.043132
764 0.131175 0.974918 0.029150 0.041725