508 0.896594 0.078293 0.023320 0.042194
105 0.896747 0.118378 0.023013 0.026723
143 0.895980 0.156353 0.023320 0.043601
147 0.896901 0.199953 0.023934 0.039850
270 0.896134 0.238162 0.025468 0.034693
778 0.898128 0.278715 0.020865 0.040788
100 0.898282 0.315518 0.025468 0.029067
612 0.900123 0.347398 0.031605 0.034693
502 0.900123 0.392639 0.031605 0.045476
673 0.899816 0.440694 0.023013 0.040319
684 0.901350 0.485935 0.020558 0.042663
684 0.904879 0.529067 0.033139 0.040788
577 0.901197 0.571027 0.025161 0.035631
612 0.901350 0.611580 0.020558 0.038912
15 0.903038 0.643929 0.020252 0.024848
832 0.902731 0.675809 0.025161 0.035162
673 0.904419 0.718003 0.021172 0.039850
537 0.902884 0.811299 0.026082 0.045476
930 0.903498 0.852321 0.027309 0.032818
747 0.902731 0.931317 0.026388 0.045476
855 0.903651 0.976090 0.025775 0.035631
402 0.847499 0.078293 0.030071 0.041256
941 0.848420 0.117909 0.021479 0.032349
513 0.847499 0.153071 0.021479 0.036099
798 0.849340 0.196906 0.025161 0.044069
238 0.849647 0.237693 0.020865 0.035631
996 0.849954 0.276137 0.020252 0.039381
152 0.850261 0.291139 0.019638 0.027192
109 0.850568 0.320910 0.021479 0.031411
577 0.853022 0.354196 0.023320 0.036099
380 0.852562 0.401782 0.027309 0.046882
351 0.852255 0.443038 0.023013 0.036568
721 0.851488 0.483122 0.025161 0.039850
441 0.851488 0.525785 0.025161 0.046414
55 0.850107 0.571964 0.023627 0.041256
143 0.852102 0.654477 0.024547 0.033755
905 0.855017 0.685654 0.027309 0.022035
446 0.854403 0.722222 0.023627 0.038912
105 0.853329 0.765588 0.026388 0.036568
109 0.851948 0.804266 0.024241 0.042663
749 0.852102 0.845757 0.020252 0.041256
404 0.853636 0.897093 0.019638 0.040788
431 0.854557 0.937178 0.019638 0.038444
777 0.855017 0.975856 0.025468 0.039850
905 0.802240 0.126113 0.021172 0.036568
631 0.803928 0.166198 0.023934 0.046414
1067 0.807763 0.214487 0.030991 0.044538
91 0.805002 0.254102 0.032218 0.038444
245 0.807303 0.294187 0.031298 0.042663
722 0.807303 0.338490 0.027002 0.046882
928 0.806689 0.377872 0.030071 0.034693
419 0.805462 0.417018 0.023320 0.041725
603 0.807303 0.453586 0.023320 0.031411
148 0.809451 0.485701 0.031298 0.037506
349 0.809451 0.524613 0.033139 0.043132
749 0.810064 0.569151 0.027616 0.038444
404 0.808223 0.609001 0.030684 0.043132
930 0.813133 0.646742 0.034980 0.036099
456 0.807149 0.682138 0.024854 0.037506
1080 0.807610 0.726442 0.024547 0.045476
1016 0.808684 0.770277 0.021786 0.045007
778 0.811599 0.816925 0.030071 0.045476
76 0.809758 0.863338 0.023320 0.046414
1039 0.811292 0.914674 0.025775 0.035631
941 0.758822 0.082982 0.025775 0.044069
1067 0.757901 0.135724 0.025775 0.044538
91 0.758361 0.183544 0.024854 0.050164
245 0.760203 0.229958 0.024241 0.037975
722 0.760049 0.275434 0.017797 0.043601
577 0.760816 0.312705 0.017490 0.029067
456 0.764498 0.350211 0.032832 0.044069
796 0.764191 0.397797 0.034060 0.048289
472 0.760356 0.444210 0.025161 0.038912
720 0.761890 0.489686 0.028230 0.041725
727 0.765265 0.535396 0.032525 0.046882
148 0.763578 0.580403 0.025468 0.043132
1054 0.762964 0.624941 0.026695 0.039381
905 0.764805 0.664323 0.021786 0.038444
798 0.765419 0.704173 0.020558 0.043132
238 0.766339 0.745429 0.024241 0.040319
179 0.767260 0.794421 0.023627 0.048289
721 0.765265 0.844351 0.022093 0.048758
389 0.764345 0.890764 0.021479 0.041256
419 0.766186 0.938115 0.023934 0.044069
603 0.769101 0.978434 0.031605 0.036568
175 0.718472 0.087436 0.024241 0.050164
315 0.716324 0.138303 0.026082 0.046882
741 0.717551 0.184248 0.029764 0.044069
105 0.718165 0.224566 0.022400 0.038444
109 0.721080 0.270511 0.031912 0.045007
1072 0.719699 0.315284 0.030377 0.046414
794 0.718012 0.357712 0.023934 0.042194
694 0.720313 0.400375 0.021172 0.040319
347 0.720927 0.449602 0.024854 0.051571
694 0.721080 0.505157 0.023934 0.049226
69 0.718932 0.557900 0.023934 0.045945
1004 0.721540 0.608064 0.026082 0.050633
1067 0.718319 0.661510 0.023320 0.040319
91 0.719392 0.698312 0.026082 0.031411
245 0.721387 0.737225 0.023934 0.046414
722 0.723535 0.783169 0.029457 0.045476
163 0.724455 0.831927 0.030071 0.044538
513 0.721387 0.875059 0.020252 0.037037
79 0.722154 0.912799 0.016876 0.034693
34 0.723842 0.950774 0.025775 0.038444
148 0.725990 0.984294 0.028230 0.031411
697 0.676895 0.084623 0.028230 0.046414
595 0.674440 0.131739 0.030071 0.043132
401 0.673213 0.174168 0.031298 0.047351
477 0.674900 0.218940 0.021786 0.037506
990 0.673519 0.259025 0.023320 0.037037
631 0.674440 0.303094 0.025161 0.041725
1057 0.675361 0.340131 0.022093 0.029536
673 0.676741 0.364041 0.024854 0.045476
930 0.676281 0.418894 0.028230 0.057665
7 0.675361 0.468120 0.025775 0.038912
148 0.679810 0.513127 0.029150 0.046414
567 0.678122 0.552977 0.025161 0.034224
546 0.680270 0.592124 0.023934 0.038444
351 0.682418 0.641116 0.020865 0.037037
631 0.683645 0.679794 0.025775 0.041256
69 0.681651 0.761369 0.026082 0.039381
1032 0.679503 0.804266 0.024241 0.041725
366 0.679503 0.847398 0.025468 0.037975
905 0.678889 0.891233 0.027309 0.046882
7 0.683032 0.938819 0.024547 0.038912
914 0.634857 0.087904 0.028230 0.045476
436 0.634704 0.138068 0.027309 0.044538
51 0.637005 0.183075 0.028843 0.043601
111 0.635778 0.220581 0.028843 0.032349
612 0.637619 0.257150 0.028843 0.041725
569 0.635164 0.300750 0.023320 0.044538
1077 0.635318 0.350445 0.026695 0.049226
55 0.635931 0.400141 0.026082 0.047351
91 0.634857 0.450305 0.025775 0.046414
143 0.634090 0.492264 0.021786 0.031880
641 0.637005 0.530942 0.027616 0.041725
934 0.638386 0.583216 0.032832 0.048758
148 0.639000 0.631739 0.029764 0.042663
393 0.637159 0.680028 0.021786 0.043601
602 0.636698 0.729489 0.028230 0.051571
477 0.640380 0.775199 0.026388 0.035162
245 0.639460 0.819737 0.023934 0.044538
722 0.640687 0.861932 0.020252 0.036099
474 0.640687 0.905532 0.021479 0.039850
1041 0.642068 0.983826 0.026695 0.029536
906 0.593434 0.094937 0.024547 0.048289
914 0.594201 0.138303 0.031605 0.040319
436 0.594968 0.182372 0.022706 0.041256
344 0.596349 0.269339 0.025468 0.046414
402 0.594814 0.310830 0.021172 0.037506
641 0.595735 0.349273 0.020558 0.035631
1077 0.597576 0.384669 0.028536 0.037037
105 0.598496 0.431552 0.032218 0.046414
697 0.597729 0.478669 0.024547 0.040319
477 0.597423 0.524848 0.025161 0.046414
754 0.597576 0.562353 0.022400 0.028598
100 0.597423 0.596812 0.020865 0.030942
963 0.601872 0.637365 0.028536 0.039850
401 0.600338 0.689639 0.029764 0.052508
513 0.599724 0.730661 0.022400 0.025785
344 0.600184 0.765823 0.021479 0.040788
513 0.601411 0.841772 0.020865 0.041725
319 0.557226 0.089780 0.020252 0.035162
513 0.556766 0.139006 0.023627 0.045476
697 0.557533 0.184951 0.021479 0.040788
477 0.557840 0.231130 0.023320 0.049695
754 0.558300 0.277309 0.027309 0.042663
1057 0.556766 0.326301 0.023013 0.045945
673 0.559681 0.368964 0.025161 0.037506
930 0.558300 0.417487 0.024854 0.052039
7 0.560141 0.550867 0.023627 0.036568
69 0.558760 0.595640 0.020865 0.043601
751 0.560448 0.637365 0.020558 0.037975
1032 0.563210 0.725035 0.023013 0.039850
14 0.565511 0.770980 0.023934 0.044538
419 0.565357 0.822550 0.022400 0.037037
1067 0.566125 0.873183 0.020252 0.043601
91 0.565971 0.920300 0.020558 0.044069
245 0.567199 0.973980 0.024241 0.042663
722 0.488493 0.117675 0.019638 0.034693
701 0.488954 0.157993 0.016263 0.034693
680 0.490488 0.201828 0.027309 0.039850
439 0.490795 0.245429 0.029150 0.042663
1057 0.488493 0.297937 0.023934 0.052977
477 0.486806 0.351852 0.021172 0.044538
481 0.486959 0.398734 0.020252 0.041725
673 0.485578 0.445617 0.023627 0.046414
577 0.485732 0.499297 0.021479 0.040319
1057 0.485732 0.538678 0.025161 0.041256
612 0.484044 0.577590 0.026082 0.033755
829 0.483891 0.621894 0.021479 0.036099
721 0.484658 0.658697 0.022400 0.039381
389 0.484044 0.705813 0.022400 0.037975
115 0.483891 0.751524 0.020252 0.036568
530 0.484351 0.790202 0.021786 0.038912
401 0.484198 0.830755 0.020252 0.038444
1057 0.483891 0.847632 0.025161 0.056259
673 0.483737 0.871542 0.026695 0.034693
513 0.481436 0.913033 0.022706 0.038912
111 0.480669 0.953118 0.019945 0.037506
474 0.482050 0.983826 0.019024 0.028598
781 0.447990 0.115799 0.025775 0.037506
105 0.446609 0.158931 0.026695 0.041256
142 0.446149 0.201125 0.027616 0.033755
126 0.448450 0.242147 0.030377 0.038912
436 0.446916 0.289030 0.026695 0.038912
905 0.445075 0.328176 0.028536 0.038444
546 0.445382 0.375059 0.025468 0.047820
751 0.443694 0.424519 0.023934 0.047351
631 0.444768 0.474215 0.026695 0.044538
402 0.445229 0.514065 0.026388 0.037975
65 0.446763 0.552743 0.028230 0.037506
203 0.445996 0.594702 0.026082 0.046414
474 0.445996 0.641116 0.028536 0.046414
513 0.448297 0.682138 0.025775 0.027192
319 0.447530 0.714018 0.031605 0.035631
477 0.447683 0.750117 0.023934 0.032818
775 0.449524 0.784576 0.031298 0.037037
1067 0.442774 0.824426 0.025161 0.036099
91 0.442160 0.858884 0.027002 0.036568
245 0.443081 0.896859 0.025161 0.035631
722 0.445382 0.937412 0.029150 0.039850
148 0.408561 0.120722 0.019945 0.043601
143 0.408561 0.169480 0.019945 0.036099
126 0.407947 0.209330 0.020558 0.038912
1032 0.409021 0.248476 0.032525 0.040319
470 0.410095 0.292311 0.034673 0.044538
926 0.405799 0.334974 0.024854 0.037975
1063 0.406566 0.387248 0.027002 0.048758
299 0.404265 0.439053 0.027309 0.041725
443 0.404879 0.486639 0.027309 0.049695
401 0.407334 0.535631 0.023627 0.038912
325 0.408101 0.581341 0.023934 0.045945
477 0.407487 0.625176 0.028230 0.035162
775 0.408407 0.717768 0.028843 0.037506
1067 0.408101 0.761135 0.025775 0.039850
91 0.408254 0.810830 0.026695 0.052039
245 0.407027 0.862869 0.019945 0.043601
722 0.405492 0.907642 0.021172 0.032818
105 0.406566 0.947023 0.022093 0.035631
143 0.407487 0.979606 0.027002 0.029536
641 0.363762 0.120488 0.023627 0.049695
126 0.363762 0.171120 0.023627 0.045945
1032 0.364836 0.219175 0.022706 0.039850
778 0.363302 0.263244 0.026388 0.040788
402 0.363762 0.306845 0.024854 0.038912
710 0.363915 0.349273 0.024547 0.041256
1004 0.363608 0.395687 0.028230 0.045007
808 0.364836 0.436474 0.025775 0.034693
607 0.320957 0.181435 0.034980 0.053446
133 0.321878 0.230192 0.036207 0.042194
1041 0.320037 0.271683 0.027616 0.041725
906 0.321418 0.313174 0.032218 0.040319
109 0.318042 0.359353 0.024241 0.047351
145 0.318042 0.400375 0.024241 0.029067
482 0.318503 0.436943 0.024547 0.041256
570 0.315894 0.481481 0.027309 0.037506
1072 0.318656 0.527192 0.040196 0.050164
401 0.313747 0.573371 0.029764 0.040319
801 0.315434 0.616503 0.031298 0.045945
594 0.318042 0.667135 0.027309 0.049695
993 0.316662 0.708861 0.027616 0.034693
775 0.318349 0.752461 0.029764 0.051571
238 0.314667 0.805204 0.025468 0.047351
398 0.276312 0.130333 0.029764 0.055321
80 0.274624 0.232771 0.024547 0.049226
325 0.275391 0.282700 0.026695 0.045007
344 0.275698 0.334505 0.023013 0.048289
1067 0.280608 0.385842 0.036514 0.048758
91 0.280454 0.439756 0.038662 0.054383
245 0.275851 0.485466 0.022706 0.039850
722 0.276158 0.524613 0.019638 0.034693
830 0.277693 0.563994 0.030684 0.043132
641 0.279687 0.610173 0.036514 0.043601
708 0.275698 0.661041 0.025468 0.051571
809 0.275238 0.751055 0.022706 0.030942
715 0.273704 0.792077 0.028230 0.051102
482 0.272783 0.842241 0.028230 0.043601
706 0.273090 0.895218 0.028843 0.057665
58 0.274471 0.943272 0.022400 0.038444
673 0.273090 0.981950 0.024547 0.032349
462 0.234428 0.114393 0.025161 0.037506
879 0.232280 0.166432 0.025161 0.056259
778 0.235962 0.222222 0.036821 0.047820
105 0.232433 0.271683 0.023013 0.046414
143 0.231206 0.316925 0.023013 0.037506
830 0.230592 0.364979 0.023013 0.044538
1041 0.229365 0.416315 0.024854 0.048758
906 0.229058 0.464838 0.026695 0.044538
1060 0.231206 0.502110 0.023627 0.029067
1072 0.232587 0.543601 0.025161 0.043601
401 0.233814 0.590014 0.025161 0.046414
1067 0.233200 0.632677 0.025775 0.037975
91 0.233354 0.670183 0.021786 0.037037
245 0.233200 0.710502 0.022706 0.040788
722 0.233047 0.751758 0.032218 0.041725
401 0.233507 0.792311 0.034980 0.042194
801 0.232894 0.829348 0.030071 0.034693
594 0.233354 0.868729 0.028536 0.044069
297 0.231359 0.911861 0.025161 0.044069
401 0.230439 0.957571 0.031912 0.044538
1048 0.230899 0.989686 0.028536 0.019691
69 0.189475 0.213783 0.026082 0.036568
751 0.190549 0.262541 0.034366 0.053446
550 0.187021 0.316690 0.033446 0.051102
513 0.189936 0.361228 0.027002 0.030474
288 0.189168 0.400375 0.026082 0.042194
441 0.187788 0.450070 0.027616 0.052508
930 0.187788 0.490389 0.024547 0.039381
829 0.187481 0.531646 0.027002 0.054383
1041 0.189629 0.579231 0.024547 0.030474
906 0.189475 0.616737 0.024854 0.043601
143 0.190396 0.657759 0.026082 0.028129
380 0.189629 0.744726 0.022706 0.040788
506 0.190242 0.783872 0.020252 0.038444
1067 0.191930 0.827239 0.030991 0.045476
91 0.193925 0.874121 0.036821 0.049226
245 0.190856 0.921003 0.025161 0.043601
722 0.189629 0.964369 0.027616 0.040319
439 0.142375 0.121191 0.025775 0.049226
474 0.145904 0.179090 0.031605 0.047820
791 0.144063 0.224566 0.024854 0.038444
546 0.145904 0.266760 0.032218 0.048758
981 0.144676 0.322785 0.029150 0.052039
212 0.148665 0.369667 0.032832 0.034224
481 0.144369 0.410220 0.025468 0.042194
208 0.146517 0.458978 0.029150 0.049695
1077 0.145750 0.510783 0.028843 0.048289
441 0.145750 0.558837 0.028843 0.042194
506 0.146364 0.605251 0.030684 0.048758
663 0.142835 0.649086 0.024241 0.039850
747 0.144216 0.694562 0.025775 0.049226
481 0.144063 0.746367 0.028536 0.050633
779 0.144216 0.794187 0.029457 0.041256
222 0.143142 0.835209 0.025468 0.037037
577 0.144830 0.874824 0.028230 0.044069
729 0.144983 0.917956 0.029150 0.039381
632 0.142835 0.961556 0.024854 0.039381
1080 0.143449 0.983357 0.024241 0.032349