697 0.797330 0.082513 0.024854 0.047820
328 0.798251 0.128692 0.021786 0.041725
402 0.799172 0.170183 0.019331 0.044069
749 0.798558 0.213783 0.026082 0.041256
595 0.797944 0.263244 0.028536 0.045476
778 0.800552 0.338490 0.023320 0.040319
308 0.800092 0.376699 0.028536 0.036099
587 0.800706 0.420769 0.029150 0.045476
1046 0.802700 0.475621 0.024547 0.041725
1046 0.802393 0.519222 0.023934 0.042663
589 0.803467 0.561181 0.022400 0.034693
749 0.803314 0.602438 0.027616 0.043132
786 0.803621 0.649086 0.030071 0.043601
356 0.806382 0.694562 0.023934 0.026723
754 0.807303 0.732771 0.024547 0.042194
1018 0.805922 0.783872 0.024241 0.048758
109 0.806229 0.832630 0.024241 0.043132
930 0.808837 0.877403 0.023934 0.042663
7 0.809144 0.928036 0.024547 0.045476
148 0.751764 0.120253 0.023934 0.051102
158 0.751304 0.168308 0.029764 0.040319
925 0.752531 0.214955 0.026082 0.042663
399 0.753759 0.260666 0.032832 0.049695
344 0.752992 0.307782 0.025775 0.038912
1067 0.752838 0.345054 0.024854 0.036568
91 0.754833 0.387482 0.029457 0.045476
245 0.756674 0.473980 0.026388 0.045945
722 0.757134 0.522269 0.023627 0.050633
640 0.754986 0.553211 0.021786 0.033755
450 0.754986 0.591889 0.024854 0.042663
1077 0.758668 0.643226 0.026082 0.054383
778 0.758055 0.698078 0.026695 0.050633
69 0.755907 0.747070 0.023013 0.045476
133 0.756520 0.792077 0.029150 0.044538
185 0.759589 0.832396 0.027923 0.037037
869 0.759282 0.878340 0.020558 0.036099
401 0.760816 0.963432 0.024854 0.034693
69 0.706045 0.185420 0.031298 0.051102
463 0.705891 0.231833 0.026082 0.044538
706 0.707272 0.278950 0.023934 0.045007
477 0.708346 0.319269 0.024854 0.037506
91 0.709420 0.373418 0.033753 0.054852
245 0.707272 0.422410 0.025775 0.040319
722 0.710647 0.463432 0.027002 0.040788
69 0.711261 0.504923 0.033139 0.043132
1067 0.712949 0.551805 0.033446 0.048758
91 0.710801 0.602672 0.025468 0.051102
62 0.710187 0.653071 0.024241 0.049695
930 0.716171 0.693624 0.032525 0.034224
905 0.712488 0.735115 0.025161 0.045007
764 0.716324 0.780122 0.030377 0.045007
380 0.715864 0.822082 0.028843 0.035162
743 0.710954 0.862869 0.026388 0.044538
925 0.715403 0.899672 0.022400 0.030005
380 0.715557 0.935771 0.024547 0.042194
107 0.661399 0.190342 0.027309 0.050633
906 0.662627 0.234177 0.029150 0.038912
1067 0.664774 0.274262 0.033446 0.045945
91 0.663394 0.315049 0.027616 0.041256
245 0.664774 0.363807 0.029150 0.042194
148 0.664007 0.405063 0.029457 0.029067
830 0.662320 0.450774 0.027923 0.054852
749 0.664468 0.501406 0.024241 0.041725
1077 0.663240 0.550867 0.026695 0.048758
1063 0.665695 0.606423 0.026082 0.052977
69 0.666309 0.653540 0.022400 0.044069
1046 0.668303 0.701594 0.026388 0.039850
695 0.668763 0.747070 0.020558 0.050164
641 0.668917 0.798172 0.020252 0.039850
1077 0.671525 0.840835 0.018717 0.041725
142 0.647438 0.090952 0.060141 0.049695
1080 0.634704 0.902719 0.030377 0.044538
340 0.636238 0.954524 0.030991 0.047820
234 0.618441 0.094702 0.022400 0.043132
682 0.617981 0.139006 0.019638 0.038912
236 0.621049 0.178856 0.030071 0.034224
69 0.619055 0.223394 0.026082 0.046414
1046 0.620282 0.275199 0.026082 0.047820
325 0.622430 0.322082 0.029764 0.043132
1063 0.620436 0.365448 0.023934 0.041725
105 0.624271 0.407876 0.027309 0.033755
143 0.619515 0.451008 0.027616 0.050633
344 0.620129 0.501172 0.023934 0.052508
497 0.623351 0.541960 0.022400 0.026254
1067 0.623044 0.579466 0.024241 0.039381
91 0.625499 0.633380 0.027923 0.048758
245 0.584228 0.233474 0.031912 0.029067
722 0.583921 0.275902 0.028843 0.050164
211 0.583308 0.319503 0.023934 0.032349
402 0.583615 0.362869 0.025161 0.049695
442 0.583154 0.413971 0.023013 0.042194
69 0.584535 0.438115 0.020865 0.037037
751 0.586376 0.479372 0.021479 0.041725
587 0.584842 0.531646 0.024547 0.045007
1046 0.586990 0.577121 0.019024 0.034693
749 0.589751 0.630333 0.028230 0.048289
786 0.591899 0.681669 0.029457 0.039381
356 0.592666 0.717768 0.024854 0.030942
1018 0.545413 0.307079 0.019945 0.047820
109 0.548481 0.353727 0.029764 0.042663
930 0.549402 0.400609 0.024854 0.035162
905 0.549248 0.457103 0.028843 0.054383
764 0.548328 0.548054 0.025161 0.042194
589 0.552010 0.598922 0.023320 0.044538
641 0.554925 0.654477 0.029764 0.048758
794 0.555078 0.702766 0.028843 0.042194
158 0.555232 0.745195 0.018717 0.037975
829 0.507518 0.261603 0.021479 0.040319
442 0.507364 0.341538 0.020558 0.054852
463 0.507211 0.396624 0.020865 0.046882
706 0.507211 0.449367 0.021479 0.052039
401 0.512734 0.551571 0.019638 0.040788
589 0.512734 0.596109 0.019024 0.037975
212 0.516416 0.641819 0.022093 0.037506
749 0.517950 0.751524 0.019638 0.043132
786 0.476527 0.304032 0.020865 0.034224
356 0.475913 0.356071 0.015956 0.052977
770 0.477294 0.403657 0.016876 0.037506
971 0.478214 0.451946 0.016263 0.041256
1067 0.478521 0.500469 0.017490 0.042663
91 0.481283 0.551571 0.017490 0.037975
245 0.483737 0.596812 0.016263 0.045945
722 0.484044 0.649086 0.019945 0.043601
546 0.485425 0.700422 0.017183 0.045945
971 0.435870 0.273090 0.015035 0.032349
722 0.436484 0.287857 0.013194 0.027192
109 0.436023 0.327239 0.014728 0.029067
69 0.436330 0.364979 0.014728 0.033286
546 0.435716 0.405298 0.015342 0.034224
751 0.436484 0.450070 0.015035 0.045007
721 0.436637 0.495312 0.018411 0.026723
441 0.437251 0.532818 0.017797 0.037037
749 0.435870 0.654243 0.018717 0.041725
1077 0.435870 0.703469 0.016876 0.047351
794 0.436023 0.760900 0.022706 0.045945
105 0.435410 0.814580 0.019638 0.043601
402 0.434336 0.861697 0.016876 0.044069
212 0.434796 0.944913 0.019638 0.036099
361 0.405953 0.118612 0.022093 0.035631
1016 0.404879 0.161510 0.024854 0.035162
328 0.403191 0.206751 0.019638 0.041256
438 0.405646 0.257853 0.025161 0.051571
794 0.403345 0.304501 0.018104 0.036099
402 0.403651 0.347632 0.016263 0.037975
442 0.406260 0.394280 0.029457 0.045007
148 0.406260 0.446085 0.028843 0.046414
921 0.404879 0.493202 0.021172 0.035631
1067 0.402884 0.539147 0.023320 0.041256
91 0.402117 0.636896 0.021786 0.044538
245 0.405032 0.681435 0.029457 0.043601
722 0.404112 0.731130 0.022093 0.045476
402 0.404112 0.779184 0.023934 0.040319
971 0.402424 0.831692 0.022400 0.058134
109 0.402424 0.882091 0.019945 0.040788
107 0.403038 0.924051 0.024854 0.035631
836 0.402424 0.959212 0.021786 0.032818
140 0.364836 0.120019 0.024547 0.044069
139 0.364836 0.217534 0.020252 0.040319
686 0.364682 0.317393 0.025468 0.050633
778 0.366677 0.374824 0.024547 0.052039
1080 0.364529 0.431552 0.024547 0.053915
610 0.365603 0.496249 0.025468 0.056728
310 0.369745 0.547351 0.031298 0.040788
22 0.366830 0.593765 0.019331 0.041725
148 0.366830 0.632443 0.018717 0.035631
949 0.368825 0.670652 0.025775 0.032349
569 0.366523 0.708626 0.020558 0.036099
794 0.362535 0.751289 0.031605 0.044538
158 0.365756 0.793718 0.022093 0.041256
195 0.366523 0.805673 0.018104 0.032349
69 0.365143 0.888186 0.021479 0.040788
1067 0.364376 0.926864 0.021786 0.037506
91 0.364836 0.964369 0.019638 0.035631
62 0.322031 0.114158 0.023627 0.041725
766 0.323105 0.162447 0.028230 0.052977
513 0.322645 0.213080 0.026695 0.044538
749 0.322031 0.256212 0.036514 0.039850
100 0.326020 0.303797 0.030377 0.054383
477 0.322952 0.351383 0.021172 0.037975
148 0.323412 0.391467 0.019024 0.039381
107 0.326327 0.433427 0.032218 0.040788
796 0.327094 0.481481 0.034980 0.048758
474 0.324179 0.532114 0.027309 0.049695
781 0.323566 0.583216 0.021786 0.046882
344 0.324486 0.672058 0.030377 0.047351
1067 0.326020 0.721519 0.024241 0.034693
91 0.327554 0.761135 0.025468 0.032349
830 0.325253 0.796062 0.020865 0.035631
641 0.324026 0.837318 0.022706 0.037506
855 0.324026 0.880216 0.020252 0.044538
1077 0.324333 0.918190 0.024547 0.028598
69 0.323105 0.955696 0.020252 0.036099
751 0.323566 0.984763 0.024241 0.025785
1046 0.281835 0.116737 0.030991 0.054383
589 0.282142 0.170183 0.031605 0.046882
749 0.279534 0.220581 0.029457 0.049226
573 0.280761 0.265120 0.024547 0.029536
546 0.283062 0.308955 0.034060 0.050633
402 0.282602 0.356306 0.023934 0.043132
770 0.281988 0.399672 0.020252 0.040788
971 0.283523 0.447023 0.022706 0.041725
910 0.281528 0.493905 0.027309 0.048289
928 0.280761 0.536803 0.021479 0.039381
419 0.285977 0.581810 0.033139 0.049695
1067 0.285057 0.627989 0.031298 0.045476
505 0.282602 0.669714 0.023934 0.033286
69 0.282142 0.710736 0.020558 0.042194
1046 0.282909 0.760197 0.023934 0.046414
109 0.284597 0.809892 0.032832 0.046414
107 0.280914 0.860291 0.026082 0.047820
836 0.281681 0.909048 0.023934 0.038444
140 0.283216 0.955462 0.025161 0.049695
139 0.243633 0.111580 0.028230 0.044069
686 0.241485 0.159400 0.025161 0.036568
69 0.243786 0.203235 0.029764 0.039850
751 0.241178 0.247304 0.022093 0.040788
39 0.240104 0.288561 0.026082 0.038912
98 0.241639 0.328176 0.021172 0.037506
577 0.242252 0.366854 0.022400 0.038912
941 0.243786 0.389827 0.025468 0.033286
711 0.243326 0.422175 0.028230 0.033286
631 0.243633 0.471871 0.020865 0.045476
651 0.241792 0.521566 0.023934 0.044538
14 0.244247 0.623066 0.020252 0.036568
749 0.244707 0.664323 0.019331 0.041256
1067 0.245627 0.708392 0.033446 0.045007
91 0.246088 0.752696 0.037435 0.044538
245 0.243940 0.853024 0.021479 0.040788
722 0.244247 0.897093 0.019638 0.036099
830 0.247469 0.944913 0.030377 0.046414
641 0.243633 0.982185 0.026388 0.030942
706 0.198527 0.118143 0.023320 0.048758
58 0.203897 0.186592 0.032218 0.043132
673 0.198834 0.231599 0.025161 0.044069
462 0.199601 0.281997 0.018717 0.044538
879 0.200522 0.331692 0.023013 0.040788
694 0.200522 0.384904 0.021786 0.047820
775 0.198527 0.437178 0.024547 0.041725
595 0.199755 0.484998 0.022706 0.043601
778 0.199448 0.524144 0.023934 0.036568
161 0.202363 0.568214 0.028536 0.031880
441 0.201442 0.605720 0.030377 0.036568
1077 0.201442 0.643694 0.024241 0.031880
211 0.203130 0.684482 0.039276 0.047820
402 0.200982 0.732302 0.023934 0.041256
770 0.201596 0.823254 0.023934 0.040319
971 0.203590 0.867792 0.024241 0.035631
930 0.204817 0.912330 0.025468 0.050633
589 0.203590 0.962494 0.024854 0.043132
340 0.155262 0.114627 0.024547 0.042663
750 0.153575 0.164791 0.023627 0.045476
181 0.157257 0.220581 0.034060 0.053915
227 0.155109 0.269573 0.032832 0.040319
931 0.152961 0.323254 0.024241 0.052039
949 0.153575 0.421707 0.024854 0.050164
310 0.154802 0.469995 0.027923 0.040788
891 0.154649 0.523441 0.031912 0.054852
442 0.156029 0.605251 0.028536 0.039381
711 0.156336 0.655415 0.031605 0.051571
595 0.154495 0.703469 0.027923 0.040788
778 0.156950 0.751992 0.030377 0.042194
442 0.157871 0.798172 0.026082 0.042663
845 0.157257 0.843882 0.025468 0.038444
1077 0.158024 0.885373 0.025775 0.037975
796 0.161092 0.975387 0.023934 0.033286
402 0.110003 0.109001 0.023627 0.034224
1018 0.107548 0.155884 0.019945 0.042663
143 0.108469 0.204876 0.023013 0.046882
749 0.110617 0.261369 0.026695 0.056728
796 0.108929 0.314815 0.024547 0.043601
142 0.109543 0.360525 0.022706 0.047820
204 0.109236 0.411392 0.025775 0.049226
310 0.117214 0.469058 0.032525 0.056728
891 0.114299 0.530005 0.030991 0.052039
33 0.112765 0.573136 0.024241 0.032349
402 0.117214 0.611346 0.031912 0.039381
65 0.112304 0.660572 0.028843 0.056259
845 0.111998 0.717300 0.026388 0.045945
778 0.113532 0.763010 0.023320 0.034224
5 0.111998 0.809658 0.026388 0.048758
474 0.114606 0.860759 0.027309 0.041256
38 0.111077 0.902719 0.023934 0.041725
566 0.112151 0.943507 0.021786 0.036099