105 0.846732 0.103376 0.024854 0.040788
143 0.848113 0.152836 0.023934 0.045007
972 0.847653 0.200422 0.027309 0.042663
673 0.846732 0.245663 0.027923 0.040319
148 0.844431 0.286217 0.023934 0.036099
794 0.845812 0.327707 0.023013 0.044069
335 0.847039 0.375996 0.024854 0.038444
545 0.844738 0.424285 0.020252 0.049695
778 0.845351 0.469526 0.022093 0.040788
1067 0.845044 0.513127 0.023934 0.037037
91 0.844584 0.552508 0.019945 0.033286
450 0.845351 0.586732 0.016569 0.033286
644 0.844891 0.626348 0.024241 0.044069
672 0.845965 0.669480 0.022706 0.036568
650 0.846272 0.711439 0.022093 0.044538
1063 0.847499 0.759962 0.019638 0.040319
1063 0.846118 0.809892 0.023013 0.049226
930 0.848266 0.857478 0.026082 0.033755
749 0.847346 0.891936 0.019945 0.028598
1077 0.847499 0.929442 0.022706 0.046414
129 0.848727 0.971402 0.019638 0.041256
115 0.799478 0.099625 0.028536 0.032349
164 0.800245 0.142288 0.027616 0.037975
69 0.798865 0.185654 0.023013 0.043132
505 0.803467 0.233005 0.034060 0.050633
402 0.801933 0.281528 0.027923 0.042663
65 0.802700 0.333099 0.028230 0.044538
631 0.804695 0.420300 0.029764 0.039850
38 0.802087 0.462025 0.022093 0.042663
262 0.801013 0.509142 0.021786 0.044069
129 0.801319 0.552977 0.024241 0.043601
332 0.802547 0.597515 0.024241 0.037037
829 0.802547 0.639475 0.023627 0.038444
1049 0.803160 0.681200 0.021172 0.033755
555 0.803621 0.715424 0.028843 0.035631
143 0.801933 0.761369 0.035901 0.046882
749 0.800552 0.808251 0.023320 0.041256
270 0.801933 0.852321 0.021172 0.047820
367 0.804848 0.898265 0.029457 0.035631
315 0.802087 0.936943 0.023320 0.038912
603 0.805155 0.975387 0.030071 0.033286
785 0.755753 0.105954 0.024547 0.040319
697 0.754373 0.153774 0.024241 0.039381
581 0.756981 0.203938 0.027616 0.051571
367 0.754833 0.240741 0.025161 0.020159
401 0.753452 0.278481 0.022400 0.046882
105 0.753605 0.324895 0.023320 0.044069
326 0.752225 0.365917 0.027923 0.041725
143 0.755446 0.418425 0.031298 0.050164
956 0.756520 0.475621 0.024854 0.045476
791 0.755293 0.522738 0.022400 0.042194
1067 0.756214 0.568917 0.026082 0.043601
91 0.753452 0.612986 0.019331 0.038912
450 0.753299 0.657056 0.017183 0.036099
431 0.751304 0.693624 0.022400 0.039850
550 0.753299 0.745429 0.032525 0.045007
749 0.752531 0.793015 0.029764 0.044538
105 0.754833 0.836146 0.023320 0.045476
366 0.752071 0.887482 0.027002 0.042194
367 0.755140 0.934130 0.023934 0.036099
1077 0.754986 0.968354 0.020558 0.037037
589 0.712642 0.144632 0.019331 0.037975
376 0.711261 0.193390 0.021479 0.043601
148 0.710801 0.217768 0.021786 0.081106
91 0.708806 0.239569 0.022706 0.039381
470 0.708960 0.296531 0.024854 0.049226
940 0.713256 0.345054 0.021786 0.036568
930 0.712335 0.388420 0.021786 0.039850
650 0.713256 0.435068 0.025468 0.040319
178 0.712949 0.477496 0.024241 0.044538
367 0.710341 0.529301 0.025775 0.051571
402 0.713409 0.577825 0.024547 0.039850
941 0.712795 0.622832 0.022093 0.041725
129 0.711721 0.663619 0.021172 0.034224
431 0.712182 0.699250 0.019638 0.038912
332 0.713409 0.746132 0.023934 0.043601
344 0.712335 0.788561 0.030377 0.044069
505 0.714943 0.834740 0.034366 0.043601
657 0.713869 0.887951 0.027309 0.050633
1063 0.714943 0.937412 0.024547 0.045476
778 0.712949 0.973043 0.024854 0.026723
402 0.673059 0.111580 0.026082 0.036568
710 0.672139 0.152368 0.024854 0.038444
402 0.671525 0.189873 0.022400 0.032818
710 0.671372 0.233943 0.021479 0.045945
603 0.671678 0.275434 0.022706 0.038912
697 0.670758 0.324426 0.022706 0.049695
344 0.671678 0.371542 0.025775 0.038912
391 0.672446 0.412799 0.026695 0.045476
334 0.672599 0.462494 0.028843 0.049226
505 0.670604 0.507970 0.030377 0.043601
673 0.670451 0.548992 0.028230 0.041256
366 0.669837 0.597515 0.027002 0.048289
964 0.669531 0.640178 0.025775 0.036099
778 0.670911 0.682372 0.027309 0.044538
133 0.669837 0.729489 0.024547 0.051571
672 0.669377 0.822082 0.029150 0.036099
1000 0.671678 0.865917 0.023320 0.043132
1046 0.670911 0.911861 0.025468 0.034693
875 0.671525 0.946789 0.019331 0.032349
1067 0.629641 0.124004 0.020865 0.053915
91 0.630715 0.172058 0.019331 0.036568
245 0.630868 0.205579 0.017797 0.032349
722 0.632249 0.244491 0.027309 0.042663
640 0.633630 0.285279 0.036207 0.039850
968 0.632096 0.331224 0.024547 0.047351
778 0.631022 0.383732 0.030377 0.048289
546 0.630101 0.435537 0.023627 0.045945
956 0.631789 0.481716 0.028230 0.045476
505 0.631482 0.531880 0.024547 0.040788
474 0.631329 0.575949 0.024854 0.051102
224 0.629334 0.624707 0.027002 0.042663
504 0.631022 0.668542 0.027309 0.037506
393 0.630715 0.755509 0.030377 0.044538
644 0.630408 0.792546 0.024241 0.034224
69 0.630408 0.833568 0.021786 0.035631
672 0.630562 0.875996 0.019638 0.042663
909 0.631329 0.917956 0.021172 0.034693
778 0.631942 0.953118 0.024241 0.034693
1004 0.618288 0.123301 0.045413 0.045945
603 0.613378 0.328176 0.061369 0.042194
697 0.612611 0.477028 0.065971 0.042663
129 0.592206 0.119316 0.020865 0.036099
115 0.594508 0.161510 0.022400 0.033286
332 0.593894 0.200656 0.021172 0.042194
631 0.594968 0.242147 0.022093 0.036099
402 0.594201 0.283169 0.020558 0.042194
270 0.595888 0.325832 0.025161 0.040319
393 0.596349 0.361932 0.025468 0.035631
928 0.594047 0.398500 0.021479 0.032818
571 0.596962 0.434834 0.028536 0.033286
474 0.594814 0.472808 0.030377 0.045476
580 0.591439 0.553446 0.022400 0.043601
1002 0.591286 0.596109 0.028230 0.038912
77 0.592973 0.644632 0.022400 0.034693
603 0.592666 0.682607 0.021786 0.041256
651 0.594814 0.774262 0.026695 0.036099
1016 0.594201 0.810595 0.021786 0.038444
778 0.594814 0.857009 0.023627 0.045007
76 0.595735 0.900609 0.022400 0.037506
1039 0.596195 0.939756 0.022093 0.035162
148 0.556612 0.127520 0.019638 0.047820
312 0.555692 0.173230 0.022706 0.037037
304 0.557380 0.259259 0.025468 0.046882
439 0.555845 0.308017 0.021172 0.041256
38 0.555692 0.350445 0.019638 0.037975
262 0.557380 0.390530 0.021172 0.041256
129 0.558300 0.430380 0.024241 0.036568
436 0.559221 0.469058 0.024854 0.035162
362 0.559527 0.507501 0.025468 0.036099
64 0.558760 0.548758 0.021479 0.037037
610 0.559834 0.585091 0.021786 0.033755
212 0.558760 0.624707 0.020252 0.040788
1077 0.559221 0.667839 0.022400 0.031411
1004 0.559221 0.707220 0.021786 0.039850
1002 0.558760 0.751289 0.022093 0.042663
837 0.559988 0.794655 0.020865 0.034693
794 0.560908 0.832865 0.024547 0.039850
158 0.560601 0.878340 0.024547 0.045476
69 0.560601 0.928739 0.025161 0.039381
1032 0.541731 0.215659 0.047561 0.042194
290 0.527923 0.133615 0.021172 0.043132
791 0.527462 0.172058 0.020865 0.030942
393 0.528230 0.217768 0.020558 0.043601
1046 0.527923 0.262541 0.022400 0.042194
956 0.527769 0.301688 0.018411 0.032349
749 0.527462 0.346460 0.019638 0.038444
429 0.528997 0.390764 0.019024 0.044538
778 0.534213 0.418659 0.030071 0.066573
436 0.532679 0.437881 0.028230 0.037506
612 0.528383 0.484529 0.019638 0.040788
775 0.529917 0.523441 0.023320 0.031411
474 0.529150 0.565401 0.019945 0.038444
693 0.529303 0.607126 0.017183 0.042194
1004 0.528843 0.653071 0.019945 0.044069
349 0.529457 0.698078 0.019945 0.034693
117 0.531298 0.739569 0.023627 0.041725
39 0.530071 0.783404 0.019331 0.039381
98 0.530224 0.822785 0.019024 0.040319
505 0.532065 0.864276 0.023320 0.037975
381 0.530377 0.902719 0.019945 0.030474
651 0.531758 0.931317 0.020865 0.033286
367 0.439552 0.136662 0.019331 0.033286
402 0.440626 0.229020 0.017183 0.032349
941 0.441700 0.263010 0.017490 0.030005
148 0.442467 0.299344 0.016569 0.034224
254 0.441546 0.336850 0.019638 0.034224
69 0.443234 0.380450 0.022400 0.037037
764 0.444768 0.458744 0.020558 0.037037
1032 0.443234 0.496718 0.020558 0.037975
290 0.442467 0.536803 0.023320 0.038444
1063 0.442620 0.574543 0.022400 0.028598
993 0.410249 0.126348 0.024547 0.030474
775 0.408101 0.163150 0.022093 0.034693
340 0.409942 0.200422 0.019024 0.036099
385 0.411476 0.239334 0.019638 0.034224
674 0.410709 0.274027 0.023013 0.032349
991 0.409788 0.314112 0.021786 0.042194
933 0.411629 0.360291 0.020558 0.041725
947 0.410402 0.403422 0.016876 0.026723
143 0.410862 0.433896 0.019638 0.031411
513 0.411476 0.479606 0.022093 0.044069
546 0.410095 0.520863 0.027923 0.038444
370 0.410095 0.556493 0.027923 0.040319
716 0.410249 0.604079 0.021479 0.043601
778 0.410709 0.647914 0.018104 0.034693
1000 0.412396 0.696203 0.021479 0.043132
1002 0.411783 0.744960 0.024547 0.036568
161 0.412703 0.784810 0.020865 0.041256
829 0.412550 0.822785 0.019945 0.036568
804 0.412396 0.862869 0.022093 0.037037
344 0.376036 0.126348 0.024241 0.040788
1011 0.377263 0.174871 0.029150 0.045007
1038 0.374962 0.217065 0.022093 0.036568
791 0.375575 0.251289 0.025775 0.030942
513 0.376496 0.287154 0.030071 0.037975
964 0.375115 0.327707 0.024241 0.041256
546 0.376342 0.368729 0.022400 0.037037
630 0.375729 0.414205 0.025468 0.044538
308 0.377416 0.496953 0.019024 0.041256
142 0.376649 0.542897 0.023013 0.040319
404 0.376189 0.583919 0.023934 0.044538
474 0.375575 0.630802 0.023320 0.043601
143 0.375575 0.676746 0.022706 0.049226
129 0.377570 0.725504 0.022400 0.038912
696 0.376496 0.766995 0.022706 0.037506
449 0.377570 0.811064 0.023627 0.046882
167 0.376649 0.854196 0.021172 0.032818
603 0.378797 0.893343 0.023013 0.035162
546 0.376496 0.933662 0.025161 0.048289
751 0.352869 0.211205 0.049095 0.038912
956 0.341516 0.114393 0.024547 0.039381
791 0.339828 0.167370 0.019945 0.040319
749 0.340749 0.208158 0.023627 0.040319
402 0.339521 0.251055 0.023013 0.045476
941 0.338447 0.296531 0.024547 0.040788
778 0.338447 0.335443 0.019024 0.036099
36 0.338908 0.378340 0.023627 0.047820
794 0.338141 0.422644 0.023934 0.039850
158 0.339675 0.462963 0.025161 0.037037
546 0.338754 0.504688 0.020865 0.047351
1046 0.341056 0.560244 0.025468 0.041256
474 0.341516 0.599391 0.019638 0.032349
357 0.341976 0.646507 0.023627 0.047820
420 0.340442 0.693624 0.021172 0.039850
164 0.341669 0.736756 0.024241 0.041725
148 0.343050 0.777543 0.024547 0.038912
1067 0.339675 0.818097 0.023320 0.035631
91 0.342590 0.851149 0.019331 0.031411
857 0.342436 0.887014 0.015956 0.030005
958 0.340442 0.921003 0.019331 0.034224
69 0.340288 0.948195 0.018411 0.038912
14 0.299478 0.121660 0.025161 0.044538
573 0.302547 0.168073 0.020252 0.039850
710 0.301319 0.261369 0.020865 0.042663
964 0.300859 0.308955 0.019945 0.041256
1077 0.302547 0.347398 0.024547 0.035631
105 0.303774 0.385842 0.026388 0.032818
143 0.300859 0.426160 0.027309 0.045007
316 0.301319 0.477965 0.022093 0.049226
474 0.302547 0.576184 0.028230 0.041256
431 0.304695 0.620488 0.029457 0.049226
143 0.303314 0.669714 0.023013 0.043601
696 0.304081 0.713315 0.024547 0.037975
167 0.304388 0.749648 0.022706 0.030942
402 0.304695 0.787389 0.023934 0.036099
941 0.303774 0.827942 0.019638 0.038444
51 0.305155 0.873418 0.023627 0.044069
111 0.306689 0.913971 0.026695 0.036099
964 0.305155 0.952414 0.023013 0.045476
1077 0.293188 0.909283 0.053084 0.037037
743 0.264191 0.118612 0.026388 0.039381
474 0.261276 0.159634 0.028536 0.041725
554 0.262964 0.208392 0.028230 0.049226
845 0.266339 0.254337 0.033139 0.041725
504 0.263578 0.297234 0.030071 0.045945
764 0.261737 0.338959 0.024547 0.039381
317 0.264345 0.380216 0.026082 0.043132
393 0.264191 0.417722 0.022706 0.036568
697 0.265419 0.457103 0.031298 0.042194
794 0.267106 0.549461 0.027923 0.044069
786 0.266800 0.594937 0.025468 0.040319
880 0.270175 0.632911 0.029150 0.035631
148 0.269715 0.675105 0.025775 0.045007
526 0.268487 0.716831 0.022093 0.036568
880 0.266800 0.759494 0.023013 0.042194
972 0.268487 0.804501 0.023934 0.043132
905 0.266953 0.848101 0.025161 0.043132
794 0.268487 0.886545 0.023320 0.037506
393 0.269868 0.922410 0.024241 0.034224
697 0.270942 0.957103 0.031298 0.037975
475 0.224455 0.118378 0.021786 0.043601
972 0.223075 0.164791 0.020252 0.045476
673 0.220620 0.211674 0.025775 0.043601
845 0.221694 0.258087 0.027309 0.038912
504 0.221694 0.300516 0.027309 0.043132
546 0.221387 0.338959 0.024241 0.038444
751 0.223228 0.382560 0.026082 0.045945
603 0.224916 0.425926 0.023934 0.036099
393 0.223842 0.469292 0.023013 0.035631
697 0.226450 0.503516 0.033139 0.045007
434 0.225376 0.548758 0.024241 0.046414
794 0.227370 0.593061 0.029457 0.038444
880 0.226757 0.636896 0.025161 0.043601
401 0.226757 0.679325 0.024547 0.034693
129 0.225222 0.714252 0.029457 0.039850
571 0.229672 0.755040 0.027309 0.037975
709 0.228444 0.798875 0.024241 0.042194
855 0.229365 0.841303 0.023627 0.037037
474 0.227677 0.882794 0.023934 0.049695
513 0.227677 0.938350 0.025775 0.045476
798 0.183645 0.116971 0.026082 0.044538
370 0.182111 0.160338 0.021172 0.037506
984 0.180270 0.211439 0.024241 0.046882
528 0.180117 0.266760 0.024547 0.044069
880 0.180884 0.307314 0.024241 0.037037
474 0.182878 0.354196 0.023934 0.048289
1032 0.181804 0.400141 0.026695 0.038912
288 0.180730 0.445851 0.028230 0.043132
129 0.180730 0.480778 0.028230 0.028598
778 0.183338 0.519456 0.028536 0.037506
880 0.182571 0.568917 0.025775 0.045476
259 0.181651 0.613690 0.023934 0.047820
925 0.182878 0.663854 0.023320 0.046882
288 0.180577 0.714955 0.028536 0.047820
148 0.183185 0.756212 0.028230 0.037506
105 0.181191 0.795359 0.026082 0.039850
972 0.182111 0.838022 0.027923 0.046414
905 0.184412 0.927332 0.027002 0.041256
1077 0.185026 0.954055 0.029457 0.040319
930 0.133630 0.119550 0.022400 0.048758
880 0.135778 0.164791 0.028536 0.040788
974 0.135931 0.203235 0.022093 0.034224
335 0.135471 0.247539 0.027309 0.048758
143 0.136545 0.294890 0.023934 0.042194
994 0.135778 0.343179 0.030377 0.050633
541 0.139613 0.392639 0.025775 0.041725
711 0.138233 0.441163 0.026082 0.053446
344 0.136545 0.492030 0.030684 0.044538
107 0.134244 0.535396 0.024854 0.043132
742 0.135011 0.587201 0.023934 0.033286
972 0.136852 0.627989 0.029457 0.041725
105 0.133783 0.674168 0.031912 0.040319
290 0.138233 0.713080 0.024241 0.032818
1067 0.136545 0.753633 0.023320 0.046414
91 0.136698 0.787389 0.019945 0.037037
857 0.136392 0.833802 0.026695 0.051102
105 0.135624 0.879044 0.027002 0.043132
1048 0.139000 0.922175 0.027616 0.044069
880 0.138693 0.965307 0.023934 0.039381