65 0.866523 0.114627 0.025161 0.039850
107 0.871740 0.156118 0.034980 0.034693
888 0.869592 0.199015 0.029457 0.045476
105 0.870359 0.245898 0.027923 0.048289
218 0.868978 0.291374 0.026388 0.040788
749 0.872353 0.332630 0.033139 0.039850
270 0.871433 0.380684 0.028843 0.048758
105 0.874195 0.427801 0.039276 0.039850
1 0.869745 0.471402 0.024854 0.039850
249 0.874195 0.517815 0.034366 0.044538
105 0.867904 0.563994 0.028536 0.042194
383 0.867597 0.608533 0.024241 0.040319
109 0.868058 0.653305 0.031298 0.035162
706 0.865910 0.693858 0.023320 0.030942
58 0.865603 0.733005 0.027002 0.043601
673 0.869132 0.784107 0.036514 0.048289
462 0.866523 0.824895 0.027002 0.024848
820 0.865143 0.864510 0.027309 0.048758
778 0.866370 0.913502 0.030991 0.039850
14 0.869745 0.960384 0.026695 0.049226
143 0.826481 0.117675 0.030991 0.043132
366 0.827401 0.171120 0.024241 0.046882
672 0.827401 0.226676 0.028536 0.045476
136 0.829856 0.280591 0.025468 0.043601
221 0.828935 0.338490 0.032832 0.055321
94 0.826327 0.395218 0.028230 0.041256
829 0.828168 0.445382 0.030071 0.045945
371 0.779073 0.116268 0.029457 0.042194
1077 0.778306 0.160103 0.028536 0.038912
143 0.781528 0.196203 0.027002 0.028598
71 0.779534 0.245663 0.024854 0.050633
595 0.777693 0.297937 0.032832 0.043601
697 0.778306 0.340600 0.030991 0.036099
971 0.783676 0.384669 0.039276 0.047351
143 0.781835 0.436709 0.032525 0.043601
513 0.780454 0.485466 0.024854 0.046414
546 0.781835 0.531880 0.028843 0.040788
133 0.782602 0.581341 0.035901 0.048758
658 0.779073 0.629161 0.036821 0.036568
870 0.782295 0.675574 0.023627 0.048758
401 0.782449 0.725270 0.030071 0.048758
145 0.780608 0.766057 0.033139 0.030005
809 0.778766 0.802391 0.034980 0.036099
685 0.779687 0.853493 0.028230 0.047351
290 0.778920 0.902250 0.031605 0.051102
264 0.778306 0.944913 0.028536 0.032349
1034 0.779687 0.977496 0.029457 0.036568
1067 0.739030 0.121425 0.037742 0.046882
91 0.734888 0.167604 0.022706 0.044538
450 0.736422 0.202063 0.020252 0.036568
148 0.735348 0.285513 0.023627 0.035631
378 0.738110 0.329583 0.031605 0.042194
694 0.736882 0.377637 0.027309 0.046414
775 0.738110 0.423582 0.027923 0.046414
1067 0.735348 0.474684 0.023013 0.041725
18 0.733814 0.563994 0.024854 0.043132
541 0.736729 0.612986 0.031912 0.046414
1077 0.735348 0.661275 0.032218 0.043601
546 0.736882 0.699484 0.030991 0.029067
395 0.735195 0.743554 0.030684 0.048758
585 0.734274 0.793718 0.025775 0.044069
619 0.734121 0.842475 0.024241 0.050633
513 0.733967 0.891233 0.023320 0.043132
481 0.736269 0.932724 0.029150 0.037975
610 0.735655 0.971402 0.034060 0.031880
942 0.708193 0.878340 0.015342 0.020159
943 0.692083 0.120019 0.029150 0.036568
513 0.695305 0.159400 0.033139 0.035631
672 0.693157 0.203938 0.034366 0.044069
436 0.690396 0.292077 0.028843 0.040319
310 0.691777 0.336850 0.026695 0.038912
129 0.691623 0.379981 0.031912 0.035162
365 0.690856 0.423113 0.031605 0.042663
836 0.692697 0.467417 0.032218 0.038444
1040 0.685793 0.514299 0.038048 0.045007
845 0.689015 0.567276 0.038355 0.046882
504 0.686253 0.619550 0.029150 0.048289
38 0.689168 0.671355 0.038048 0.048758
262 0.688862 0.755743 0.030684 0.035631
993 0.691930 0.802391 0.035594 0.040788
1077 0.689629 0.847632 0.030377 0.040319
393 0.689782 0.894280 0.033753 0.045476
746 0.688095 0.927098 0.029764 0.037037
371 0.643756 0.131974 0.030071 0.052977
368 0.644063 0.182372 0.029457 0.043132
439 0.646671 0.219409 0.029764 0.029067
711 0.646057 0.258087 0.041424 0.045476
514 0.642375 0.309189 0.028536 0.047351
899 0.639460 0.359587 0.036207 0.045945
474 0.645750 0.407876 0.034673 0.045007
605 0.643909 0.464135 0.028536 0.060947
697 0.643909 0.522035 0.031605 0.052039
475 0.644369 0.579700 0.030071 0.051102
401 0.641148 0.634083 0.025468 0.050164
940 0.643909 0.690577 0.030991 0.049695
270 0.642682 0.735115 0.027923 0.030942
1046 0.644676 0.778012 0.029457 0.045476
1017 0.642682 0.831458 0.025468 0.048289
402 0.641454 0.871074 0.032218 0.028129
65 0.642222 0.906235 0.030684 0.041256
603 0.644063 0.953118 0.031912 0.039381
785 0.602946 0.132677 0.022093 0.035631
697 0.602485 0.172058 0.026082 0.033755
754 0.604173 0.250117 0.029457 0.039850
401 0.604787 0.288326 0.031298 0.032818
672 0.603559 0.330989 0.029457 0.042194
1046 0.605554 0.378809 0.029764 0.045945
39 0.604633 0.428973 0.036514 0.047820
391 0.602485 0.470230 0.024854 0.031880
334 0.603099 0.510080 0.024241 0.043132
475 0.607241 0.639944 0.033139 0.044069
1002 0.604633 0.687764 0.029150 0.047820
474 0.601565 0.741210 0.025468 0.051571
993 0.602332 0.851383 0.027616 0.045945
1077 0.603866 0.898265 0.027002 0.039381
603 0.606628 0.940459 0.030684 0.043132
697 0.587297 0.600328 0.069960 0.036099
475 0.588064 0.939991 0.065971 0.041256
308 0.567045 0.141585 0.028843 0.048758
977 0.568733 0.187060 0.028536 0.033755
673 0.569960 0.228317 0.028536 0.042194
366 0.566892 0.281528 0.021786 0.046414
1017 0.568886 0.334271 0.027616 0.045945
391 0.565818 0.385607 0.028230 0.051102
334 0.567812 0.437881 0.027309 0.040319
751 0.568579 0.478200 0.026388 0.038444
1018 0.567199 0.518753 0.028536 0.037037
644 0.569040 0.562822 0.026695 0.043601
1080 0.568426 0.606892 0.027923 0.038912
755 0.566892 0.645570 0.025468 0.032818
1067 0.566738 0.684248 0.022706 0.037975
91 0.565971 0.722691 0.024241 0.036099
245 0.566125 0.759025 0.026388 0.032818
722 0.567199 0.800750 0.029150 0.042194
475 0.565664 0.845054 0.023013 0.036099
39 0.566278 0.879981 0.020558 0.030942
402 0.567812 0.905063 0.025468 0.030474
65 0.569653 0.936006 0.028536 0.038912
1032 0.530684 0.144632 0.023013 0.048289
711 0.532986 0.189873 0.027616 0.035631
514 0.532679 0.221050 0.023320 0.029536
332 0.533753 0.254102 0.027309 0.033755
603 0.532679 0.292780 0.024547 0.039850
672 0.533292 0.338725 0.028230 0.043601
393 0.531758 0.387014 0.020865 0.047351
697 0.533292 0.432724 0.025775 0.037506
751 0.533906 0.472574 0.027616 0.031880
55 0.534366 0.510080 0.026695 0.042194
1016 0.533753 0.559306 0.022400 0.045007
474 0.532372 0.609236 0.025161 0.049226
1046 0.532065 0.660338 0.024547 0.044538
1017 0.531912 0.701594 0.024241 0.033286
697 0.531145 0.744726 0.026388 0.038912
344 0.532218 0.795124 0.021786 0.040319
598 0.533906 0.838725 0.027002 0.044069
1002 0.534213 0.879981 0.026388 0.039381
148 0.533599 0.915846 0.025161 0.034224
35 0.477294 0.144163 0.017490 0.040788
751 0.476987 0.179559 0.016876 0.028129
136 0.474992 0.221050 0.014728 0.041725
221 0.474379 0.265354 0.016569 0.030005
794 0.472844 0.299812 0.017797 0.034224
201 0.472998 0.337084 0.018104 0.030942
993 0.473151 0.383732 0.020865 0.035162
775 0.474225 0.424988 0.019945 0.034224
11 0.473918 0.467417 0.017490 0.040319
880 0.473305 0.506798 0.018104 0.034693
481 0.472384 0.548992 0.019331 0.046882
716 0.471310 0.630333 0.020865 0.030474
778 0.471003 0.672293 0.020252 0.038444
751 0.471924 0.755509 0.019024 0.037037
842 0.471003 0.793952 0.019638 0.037975
6 0.469316 0.834974 0.020558 0.032818
262 0.469469 0.876465 0.020252 0.038912
391 0.450138 0.141819 0.022706 0.045476
334 0.451212 0.189873 0.021172 0.040319
603 0.449831 0.233708 0.024547 0.040788
673 0.448911 0.274496 0.025775 0.033286
366 0.448297 0.308720 0.023934 0.033286
964 0.447837 0.345523 0.023013 0.041256
39 0.447070 0.389592 0.022093 0.042194
1002 0.445535 0.437647 0.021479 0.043601
546 0.446149 0.478903 0.022093 0.037037
133 0.445075 0.575246 0.021172 0.045945
658 0.442160 0.620956 0.030684 0.036099
431 0.444922 0.660806 0.017797 0.042663
697 0.446303 0.699484 0.023627 0.035631
7 0.445075 0.782935 0.020558 0.037506
401 0.443081 0.824426 0.023934 0.041725
498 0.442160 0.860056 0.024547 0.030474
672 0.442620 0.893108 0.020558 0.040319
1046 0.443694 0.928973 0.020252 0.033286
1017 0.415772 0.126817 0.023934 0.032349
38 0.416079 0.169245 0.027002 0.039381
262 0.416385 0.216831 0.021479 0.042663
672 0.416232 0.261369 0.026695 0.044538
697 0.416232 0.311299 0.023013 0.036568
475 0.416079 0.356540 0.025775 0.044538
14 0.413010 0.406235 0.023320 0.048289
836 0.411322 0.455462 0.025468 0.042663
704 0.414544 0.543835 0.034366 0.045007
370 0.408561 0.597046 0.024241 0.050164
143 0.408868 0.646273 0.022400 0.044538
498 0.408561 0.700422 0.019331 0.050633
406 0.408714 0.755743 0.027616 0.050633
94 0.408714 0.805907 0.026388 0.037506
778 0.408101 0.850445 0.023934 0.042194
672 0.409021 0.894984 0.024547 0.038444
492 0.407794 0.933662 0.021479 0.038912
657 0.377110 0.120019 0.028843 0.043132
1002 0.373581 0.169480 0.023627 0.048289
136 0.373734 0.224566 0.030071 0.048758
221 0.374348 0.272152 0.028843 0.040788
794 0.374348 0.317393 0.028843 0.048758
1077 0.373888 0.400609 0.031605 0.052039
567 0.375268 0.453586 0.031298 0.041725
315 0.373121 0.489217 0.032525 0.032349
631 0.370052 0.531646 0.029457 0.046882
993 0.372660 0.569620 0.027923 0.026254
1077 0.373274 0.605720 0.031605 0.047820
431 0.371433 0.648148 0.032218 0.037037
332 0.369899 0.690811 0.030991 0.042663
7 0.368365 0.731364 0.029150 0.039381
143 0.368671 0.773558 0.026695 0.045945
1032 0.367597 0.825363 0.026388 0.052977
1002 0.369899 0.872714 0.029150 0.040788
270 0.367444 0.912096 0.025468 0.037975
94 0.367904 0.949367 0.025775 0.039381
672 0.330009 0.112752 0.029150 0.048289
431 0.329089 0.209798 0.025468 0.042663
697 0.327708 0.251758 0.026388 0.032818
367 0.328322 0.301688 0.029457 0.060478
751 0.327248 0.358650 0.024241 0.047820
439 0.326941 0.412330 0.024241 0.049226
143 0.325560 0.462963 0.033139 0.050164
463 0.327248 0.510783 0.026082 0.042663
234 0.326020 0.560947 0.026695 0.047351
0 0.325100 0.607829 0.029150 0.038912
674 0.323566 0.655884 0.031605 0.051571
60 0.325253 0.703938 0.033753 0.039850
741 0.323412 0.753868 0.036207 0.048758
474 0.324793 0.809892 0.038355 0.050164
1008 0.322645 0.865917 0.029150 0.050633
1015 0.324639 0.913033 0.033139 0.038912
751 0.323105 0.950305 0.032525 0.040319
751 0.287205 0.109939 0.030684 0.041725
393 0.283676 0.150727 0.028536 0.038912
753 0.287512 0.193624 0.039276 0.050633
866 0.288432 0.243085 0.038048 0.046414
577 0.283983 0.377872 0.029150 0.046882
138 0.283216 0.429677 0.025161 0.048289
651 0.282909 0.478903 0.034366 0.051102
247 0.283676 0.527895 0.025468 0.041256
941 0.284136 0.581106 0.034366 0.054852
711 0.284597 0.627286 0.034060 0.034693
631 0.284443 0.674637 0.030071 0.049695
541 0.283062 0.731130 0.030377 0.051102
971 0.281988 0.774496 0.027002 0.032818
424 0.281528 0.807782 0.027309 0.038444
751 0.280301 0.850445 0.027309 0.036568
1046 0.280608 0.890530 0.029764 0.036099
610 0.282755 0.927332 0.026695 0.039381
794 0.281835 0.965073 0.027309 0.042663
158 0.245014 0.117440 0.030991 0.048289
245 0.243019 0.173230 0.027616 0.058603
915 0.244093 0.225270 0.034060 0.044538
187 0.242252 0.274730 0.029150 0.050633
567 0.245014 0.327473 0.027309 0.044538
672 0.242559 0.381388 0.028536 0.062353
439 0.241485 0.431552 0.031912 0.037037
577 0.242866 0.480075 0.027923 0.050633
40 0.240258 0.535631 0.028230 0.052039
138 0.241178 0.588608 0.028843 0.041725
1080 0.238724 0.638303 0.031298 0.047351
25 0.241792 0.691514 0.036821 0.055321
15 0.239951 0.750117 0.031912 0.055321
821 0.240104 0.803797 0.034060 0.052977
136 0.239951 0.854196 0.028843 0.040319
221 0.239797 0.900609 0.028536 0.050633
794 0.241485 0.952883 0.034980 0.051102
1077 0.197760 0.115799 0.029150 0.050633
721 0.194078 0.162682 0.040196 0.039381
389 0.196993 0.214018 0.028230 0.055790
133 0.196686 0.265120 0.032525 0.041725
794 0.197300 0.315284 0.032525 0.056728
671 0.195612 0.366151 0.030991 0.040319
963 0.192237 0.403422 0.032832 0.032349
376 0.195766 0.443976 0.030684 0.041256
577 0.192544 0.536099 0.033446 0.039850
129 0.192544 0.580638 0.032832 0.046414
314 0.192390 0.630333 0.029457 0.048289
1080 0.194845 0.673699 0.032525 0.030942
659 0.193004 0.710970 0.030071 0.042663
794 0.190242 0.754102 0.031912 0.039850
1077 0.189936 0.798172 0.025775 0.039850
778 0.190856 0.845992 0.028843 0.043601
751 0.191777 0.887248 0.028230 0.041725
401 0.192544 0.922410 0.027923 0.026723
450 0.191163 0.960384 0.031912 0.041725
672 0.150967 0.118143 0.020865 0.049695
778 0.153575 0.169245 0.025468 0.039381
402 0.152347 0.218237 0.024854 0.042663
941 0.150967 0.261135 0.022093 0.040319
143 0.150813 0.301219 0.021172 0.034224
796 0.152194 0.343179 0.024547 0.035631
290 0.155109 0.390530 0.031605 0.052508
401 0.151580 0.436709 0.023320 0.037975
94 0.151734 0.473277 0.025468 0.033286
778 0.150506 0.511017 0.024241 0.041256
751 0.151887 0.556962 0.027616 0.045945
105 0.152347 0.602907 0.032218 0.041256
14 0.149586 0.649555 0.027923 0.046414
578 0.149586 0.746835 0.030377 0.039381
672 0.151580 0.793952 0.029457 0.048289
787 0.149893 0.849039 0.029764 0.056259
136 0.148665 0.906001 0.026695 0.054852
221 0.151273 0.955227 0.027616 0.041725