62 0.826787 0.096812 0.024241 0.045476
505 0.828168 0.140413 0.027616 0.033286
474 0.829242 0.177684 0.027923 0.034693
697 0.831697 0.215190 0.032832 0.039381
595 0.829242 0.262307 0.027309 0.045476
401 0.830163 0.353727 0.026695 0.038912
380 0.831083 0.397562 0.026082 0.043132
143 0.831390 0.435068 0.024241 0.029067
905 0.828322 0.474684 0.023013 0.041725
855 0.828782 0.518753 0.025775 0.040788
439 0.828782 0.561416 0.024547 0.042663
930 0.829089 0.613455 0.020865 0.045476
259 0.829702 0.663854 0.025161 0.046882
589 0.828935 0.710033 0.022400 0.047351
129 0.829089 0.757384 0.024547 0.040788
595 0.832157 0.797000 0.027002 0.035631
401 0.831237 0.835677 0.024547 0.036099
180 0.832311 0.874590 0.020558 0.032349
1077 0.832771 0.907642 0.020865 0.031880
778 0.833231 0.934365 0.026695 0.030005
993 0.835532 0.966479 0.028230 0.037037
18 0.778460 0.139944 0.023934 0.034224
259 0.777693 0.228083 0.024241 0.040788
880 0.780301 0.267932 0.025775 0.035162
290 0.779380 0.303563 0.022706 0.030474
401 0.782295 0.339897 0.027923 0.045945
797 0.780147 0.377872 0.024854 0.034693
170 0.781988 0.423582 0.020558 0.049226
778 0.782295 0.476793 0.022400 0.041256
880 0.783829 0.516409 0.021786 0.036099
109 0.784290 0.566104 0.022093 0.046414
919 0.785057 0.612283 0.021172 0.042194
40 0.782602 0.652133 0.022400 0.043132
143 0.786898 0.697609 0.028536 0.043132
756 0.787205 0.745195 0.024241 0.047351
506 0.787818 0.790202 0.023013 0.044538
477 0.789353 0.844116 0.027309 0.040788
775 0.789813 0.897562 0.022706 0.042663
1067 0.789966 0.942100 0.023013 0.032349
91 0.729979 0.093765 0.015956 0.036568
245 0.729672 0.130098 0.017183 0.037037
722 0.731052 0.169011 0.019331 0.043601
148 0.733814 0.214955 0.030377 0.042663
588 0.730132 0.258322 0.019945 0.033755
147 0.732894 0.342241 0.024241 0.032818
528 0.733661 0.383497 0.025775 0.050633
694 0.735348 0.444913 0.026695 0.041256
775 0.733814 0.491796 0.021172 0.049695
1067 0.735041 0.538912 0.020558 0.039850
18 0.739030 0.580638 0.027923 0.037975
778 0.736422 0.628692 0.024547 0.042194
69 0.737036 0.671355 0.029457 0.044069
880 0.740104 0.721050 0.029457 0.045945
402 0.740258 0.759259 0.024854 0.030474
880 0.740871 0.791608 0.026695 0.036099
865 0.739491 0.832630 0.024547 0.039381
993 0.738724 0.878340 0.026695 0.041725
18 0.739797 0.920534 0.027002 0.034224
1046 0.738724 0.960150 0.027309 0.036568
854 0.689782 0.107361 0.028843 0.054383
1063 0.689936 0.193390 0.023013 0.041725
571 0.690242 0.235818 0.026082 0.038444
1077 0.687941 0.281763 0.028230 0.044069
791 0.689782 0.319737 0.023320 0.032818
402 0.688248 0.357947 0.018411 0.035162
941 0.690396 0.408579 0.030071 0.045476
542 0.690856 0.455931 0.023013 0.046414
963 0.691316 0.494609 0.022706 0.039381
1038 0.691623 0.509142 0.024547 0.035631
925 0.688095 0.549461 0.025468 0.047820
288 0.688248 0.597046 0.025775 0.039850
474 0.687941 0.645335 0.025161 0.045476
998 0.688862 0.694562 0.025775 0.048289
1062 0.691163 0.742616 0.024854 0.044069
829 0.690856 0.782935 0.022400 0.039381
419 0.690549 0.824426 0.032218 0.048289
439 0.692237 0.873652 0.022706 0.039850
605 0.647284 0.112049 0.024854 0.045007
105 0.645443 0.165495 0.020558 0.048758
1032 0.646671 0.184013 0.019945 0.043601
344 0.646824 0.233943 0.023934 0.049695
1077 0.645290 0.289264 0.022706 0.045945
158 0.647131 0.384669 0.020252 0.044538
925 0.646057 0.423582 0.019331 0.032349
571 0.646978 0.457337 0.022400 0.038912
775 0.646517 0.508908 0.022706 0.049226
357 0.647591 0.566104 0.022400 0.052977
420 0.647898 0.615331 0.025468 0.046414
325 0.650813 0.657525 0.024547 0.027661
930 0.648819 0.701828 0.021172 0.044069
786 0.649279 0.743788 0.019638 0.038912
380 0.651120 0.782935 0.025775 0.027192
107 0.649739 0.824426 0.023013 0.047351
148 0.652041 0.868495 0.024547 0.037975
380 0.652041 0.906939 0.024547 0.036099
142 0.653882 0.947492 0.023934 0.040319
743 0.607395 0.111111 0.017490 0.029067
497 0.606014 0.145570 0.019024 0.034224
129 0.604940 0.193155 0.023013 0.045007
402 0.602792 0.250117 0.025468 0.046414
941 0.605707 0.291374 0.029457 0.030474
366 0.605247 0.331692 0.023013 0.031411
513 0.604326 0.373652 0.021172 0.041256
242 0.604020 0.420066 0.021786 0.044069
288 0.603713 0.460384 0.026082 0.035631
993 0.605094 0.554383 0.031912 0.045476
18 0.606321 0.642757 0.024547 0.035631
1077 0.606781 0.686357 0.021786 0.041256
899 0.606781 0.729020 0.021786 0.042194
393 0.608009 0.777778 0.025468 0.048758
697 0.609236 0.822550 0.021786 0.041725
751 0.610770 0.868964 0.021786 0.040788
105 0.571648 0.113221 0.017183 0.035162
143 0.571801 0.151195 0.019331 0.035162
419 0.572415 0.197375 0.018717 0.038444
259 0.571801 0.237693 0.015649 0.030942
475 0.571494 0.275902 0.015035 0.034224
1016 0.572568 0.350680 0.025161 0.039381
513 0.570420 0.393812 0.019024 0.040319
55 0.569500 0.439522 0.017797 0.034224
754 0.571187 0.482419 0.024854 0.044069
378 0.569193 0.524848 0.021479 0.039850
1067 0.570114 0.571261 0.023320 0.040788
91 0.570114 0.615799 0.020252 0.044538
245 0.572415 0.668073 0.024241 0.043132
722 0.572108 0.712611 0.023627 0.041256
148 0.572415 0.805673 0.021172 0.044538
1067 0.574102 0.851149 0.025775 0.033286
505 0.573335 0.890999 0.019331 0.041725
778 0.575790 0.932021 0.020558 0.030005
756 0.535287 0.122597 0.020558 0.036099
105 0.535133 0.176278 0.020252 0.030005
143 0.538816 0.277309 0.017797 0.043601
39 0.538816 0.321144 0.018411 0.031880
592 0.540963 0.355602 0.019638 0.034224
475 0.540810 0.480075 0.020558 0.042194
402 0.538662 0.529536 0.022400 0.041725
129 0.538202 0.563994 0.020865 0.030005
762 0.540043 0.602907 0.025161 0.035631
930 0.541424 0.641116 0.027309 0.042663
129 0.540503 0.683544 0.019945 0.038444
754 0.541577 0.722691 0.022093 0.035162
605 0.541884 0.761369 0.022706 0.039381
1004 0.542344 0.800516 0.017490 0.036099
992 0.542344 0.841303 0.021786 0.039850
436 0.545106 0.884201 0.021786 0.037506
603 0.506904 0.127989 0.019638 0.038444
148 0.505983 0.169948 0.017797 0.031411
161 0.507211 0.258556 0.019638 0.036099
436 0.508592 0.296062 0.018717 0.033286
196 0.508592 0.342007 0.019331 0.035162
17 0.508285 0.384201 0.020558 0.038912
170 0.508745 0.432489 0.018411 0.052977
474 0.509512 0.479372 0.021172 0.034224
1000 0.509205 0.518050 0.018717 0.038444
944 0.510739 0.578059 0.022400 0.040319
571 0.509972 0.612986 0.019638 0.027661
541 0.510739 0.651430 0.017490 0.034224
711 0.512734 0.688233 0.022093 0.028129
603 0.511813 0.720347 0.022093 0.034224
1032 0.512274 0.751055 0.019331 0.028129
325 0.511200 0.789264 0.020865 0.039850
173 0.511200 0.821144 0.017183 0.027661
571 0.512120 0.857243 0.017183 0.030474
1077 0.511660 0.896624 0.019331 0.036099
764 0.510739 0.931317 0.019945 0.033286
317 0.433722 0.181200 0.018104 0.044538
791 0.434489 0.225035 0.015342 0.033755
402 0.435870 0.260666 0.017490 0.023441
941 0.434643 0.289733 0.017490 0.025316
778 0.434796 0.326770 0.017183 0.037506
343 0.433262 0.374824 0.023320 0.037975
701 0.400276 0.129630 0.026695 0.039850
680 0.401964 0.177684 0.021479 0.047820
148 0.401964 0.234880 0.021479 0.039381
380 0.400736 0.280356 0.020865 0.045007
402 0.402271 0.350680 0.022706 0.031880
749 0.402271 0.395687 0.020252 0.042194
446 0.401964 0.467417 0.021479 0.037506
831 0.401197 0.512424 0.022400 0.044069
711 0.401043 0.558837 0.020252 0.045007
595 0.397975 0.611814 0.030071 0.044069
944 0.399202 0.654243 0.020865 0.043601
1067 0.397054 0.698547 0.018411 0.032818
147 0.396747 0.746132 0.020865 0.047351
40 0.398435 0.791608 0.023013 0.037975
829 0.399049 0.835209 0.021172 0.043601
726 0.398742 0.875996 0.020558 0.036099
794 0.398128 0.915612 0.019945 0.040319
919 0.364682 0.183075 0.020558 0.041725
714 0.364529 0.234412 0.039276 0.050633
869 0.363608 0.259494 0.031298 0.099859
143 0.364682 0.282935 0.024854 0.045476
749 0.363148 0.326535 0.032832 0.043601
595 0.364376 0.371308 0.024241 0.041256
697 0.363148 0.437881 0.026695 0.045945
971 0.366523 0.490624 0.027309 0.046414
143 0.364376 0.538912 0.023627 0.045476
513 0.364836 0.584154 0.024547 0.036568
546 0.365143 0.609001 0.022093 0.045007
143 0.365143 0.623301 0.023934 0.034224
1034 0.365450 0.638772 0.024547 0.047351
892 0.365143 0.680497 0.022093 0.036099
772 0.366370 0.771214 0.023934 0.045007
8 0.364376 0.820206 0.025468 0.049226
708 0.364376 0.875059 0.026082 0.048289
715 0.361461 0.924051 0.032525 0.043132
991 0.365296 0.963666 0.024241 0.034224
680 0.324026 0.123066 0.020252 0.039850
218 0.323566 0.169480 0.027309 0.052977
441 0.322031 0.218706 0.026082 0.043601
148 0.322338 0.263244 0.024241 0.043601
778 0.324333 0.313877 0.026388 0.044538
1002 0.323105 0.355134 0.021479 0.039850
917 0.324179 0.401547 0.021172 0.037975
34 0.326020 0.453821 0.029764 0.059072
148 0.324179 0.511252 0.029764 0.044538
546 0.328782 0.556024 0.027309 0.036568
238 0.325713 0.602203 0.026695 0.043601
199 0.326174 0.649555 0.023934 0.045476
603 0.324946 0.690108 0.029457 0.031880
697 0.324486 0.737459 0.026695 0.047820
143 0.321264 0.827239 0.028230 0.037037
1 0.324486 0.870605 0.026082 0.051571
109 0.322338 0.921707 0.024241 0.045945
468 0.321724 0.969526 0.026695 0.042194
778 0.281068 0.126348 0.032525 0.055790
514 0.280761 0.175340 0.025775 0.043132
69 0.281988 0.225504 0.036207 0.051571
546 0.279687 0.276840 0.030991 0.052039
143 0.281528 0.326770 0.024241 0.049695
1034 0.283369 0.372011 0.026082 0.044538
393 0.282909 0.417253 0.022093 0.041256
697 0.281988 0.456165 0.019638 0.038444
166 0.282142 0.494843 0.019331 0.048289
1067 0.283676 0.542663 0.034060 0.048289
91 0.278460 0.629630 0.024854 0.028129
245 0.279687 0.666198 0.029150 0.040319
722 0.279227 0.714955 0.025161 0.047820
109 0.279227 0.761603 0.027616 0.044538
468 0.278920 0.812471 0.026388 0.039381
69 0.280761 0.859119 0.025161 0.043601
880 0.279073 0.911861 0.026082 0.045007
474 0.279687 0.953118 0.021172 0.037506
323 0.281375 0.984763 0.025775 0.028598
541 0.229211 0.117909 0.025161 0.050164
846 0.230746 0.168308 0.023934 0.034693
941 0.233507 0.257150 0.023934 0.042663
158 0.234735 0.302625 0.030684 0.038912
925 0.234274 0.346695 0.028536 0.044538
288 0.233661 0.398031 0.028536 0.046882
1002 0.233507 0.453586 0.025161 0.052977
571 0.232433 0.501406 0.028536 0.038912
804 0.230132 0.544538 0.024547 0.037975
474 0.233354 0.588373 0.018717 0.040319
958 0.233661 0.632677 0.021172 0.050164
148 0.235655 0.682607 0.038048 0.055321
1075 0.233507 0.730661 0.025775 0.036099
1067 0.234274 0.773793 0.022400 0.040788
91 0.235502 0.818800 0.030377 0.051102
245 0.233814 0.868729 0.024547 0.045945
722 0.234888 0.916784 0.026695 0.044538
610 0.237956 0.966479 0.021172 0.043601
1067 0.237343 0.984060 0.020558 0.031880
505 0.190703 0.108064 0.026082 0.035162
1078 0.190396 0.157056 0.024854 0.050633
109 0.191623 0.211439 0.027923 0.052508
921 0.189168 0.263244 0.025468 0.049226
1077 0.190089 0.308251 0.027923 0.037975
925 0.190703 0.346226 0.029764 0.037037
288 0.191777 0.389592 0.028230 0.041256
39 0.190242 0.442804 0.027002 0.056728
755 0.190549 0.494140 0.028843 0.042194
1075 0.188708 0.534224 0.029457 0.040788
1077 0.189015 0.577825 0.037435 0.045476
474 0.190242 0.620488 0.022706 0.041725
944 0.190089 0.670417 0.026082 0.050633
38 0.189782 0.720816 0.024241 0.050164
262 0.189475 0.768401 0.028536 0.046882
546 0.188708 0.810830 0.023320 0.039850
1032 0.186867 0.853493 0.027002 0.045476
34 0.187788 0.901782 0.031298 0.051102
778 0.190703 0.948898 0.024241 0.043132
469 0.189629 0.984998 0.028230 0.030005
301 0.139920 0.117206 0.023320 0.047820
474 0.139767 0.158931 0.021786 0.025316
117 0.139920 0.182607 0.022093 0.051102
963 0.140074 0.233240 0.030377 0.048289
864 0.142222 0.281294 0.029150 0.043132
474 0.142682 0.337084 0.028843 0.046882
847 0.141454 0.386779 0.027002 0.052508
1002 0.141608 0.440225 0.023627 0.045007
21 0.140994 0.483122 0.025468 0.045476
778 0.141454 0.532349 0.030071 0.048289
1032 0.141301 0.583919 0.030991 0.050164
567 0.144216 0.631739 0.031298 0.042663
412 0.144216 0.674402 0.027002 0.033286
402 0.143142 0.712846 0.024241 0.034224
721 0.144063 0.748945 0.032832 0.039850
389 0.143909 0.790202 0.022706 0.041725
55 0.141761 0.837318 0.022706 0.046882
944 0.139767 0.890295 0.026082 0.045007
954 0.141761 0.941397 0.029457 0.040319
1031 0.139307 0.959916 0.029457 0.080169
778 0.137772 0.980544 0.030684 0.037037
105 0.092666 0.117909 0.027616 0.050164
143 0.093434 0.166432 0.025468 0.044069
846 0.091439 0.222222 0.027002 0.050633
1018 0.092053 0.272152 0.026388 0.050164
1046 0.091899 0.371074 0.027923 0.037975
541 0.092973 0.415612 0.021479 0.039850
323 0.095121 0.472105 0.027002 0.056259
546 0.094201 0.522504 0.028230 0.043601
1077 0.095581 0.576184 0.034673 0.051571
393 0.095888 0.626817 0.026082 0.043132
397 0.097423 0.672996 0.040810 0.048289
16 0.091593 0.725035 0.025468 0.042663
930 0.092973 0.766292 0.028230 0.045476
135 0.095888 0.815284 0.025468 0.050633
446 0.094508 0.865213 0.036207 0.041725
450 0.091899 0.910689 0.030377 0.046414
1018 0.093740 0.964135 0.024854 0.046414