472 0.831850 0.116971 0.028843 0.041725
69 0.834305 0.158931 0.031912 0.042194
794 0.832771 0.199953 0.023934 0.041725
436 0.832617 0.250586 0.027923 0.047351
629 0.834458 0.294421 0.031605 0.037506
513 0.831237 0.342944 0.025775 0.046414
529 0.832311 0.393812 0.026082 0.045945
690 0.831850 0.447492 0.030684 0.061416
1048 0.834612 0.500703 0.031912 0.041256
402 0.837220 0.557196 0.032832 0.052039
647 0.836760 0.606657 0.030071 0.042194
629 0.828628 0.667604 0.026082 0.051571
778 0.829242 0.720113 0.025468 0.045007
1048 0.830930 0.757618 0.028843 0.029067
69 0.833691 0.796765 0.027002 0.048289
880 0.836146 0.849742 0.031298 0.049226
794 0.836453 0.900609 0.031912 0.041256
993 0.835226 0.947726 0.028230 0.039850
775 0.838141 0.980075 0.024854 0.033286
1077 0.778613 0.120956 0.032218 0.047820
697 0.782295 0.172058 0.023627 0.045945
794 0.785057 0.211908 0.030991 0.036568
166 0.783369 0.255509 0.028843 0.049695
1067 0.784597 0.305438 0.026388 0.051102
91 0.786438 0.359119 0.030071 0.051571
450 0.786284 0.408814 0.024241 0.045945
794 0.786131 0.447023 0.018411 0.037037
36 0.784597 0.498125 0.025775 0.061416
993 0.787205 0.560713 0.030991 0.048758
69 0.782909 0.616737 0.029764 0.048289
1032 0.781221 0.667839 0.027616 0.052039
517 0.786591 0.717534 0.032832 0.046414
55 0.783523 0.765823 0.029764 0.047351
993 0.781528 0.816456 0.025775 0.050164
143 0.782142 0.866385 0.022093 0.046882
419 0.780147 0.921472 0.026082 0.050164
701 0.784597 0.971167 0.022706 0.044538
680 0.750844 0.303094 0.017797 0.024848
148 0.751918 0.332396 0.016876 0.027192
133 0.732894 0.131505 0.029764 0.055790
129 0.731820 0.189170 0.027616 0.052977
1067 0.731513 0.242616 0.028843 0.044538
91 0.731052 0.280356 0.023627 0.040319
450 0.729365 0.421472 0.027616 0.043132
778 0.732740 0.457337 0.027002 0.030474
910 0.733967 0.487107 0.027616 0.035631
595 0.733814 0.524848 0.023013 0.038912
944 0.733814 0.562119 0.024241 0.034693
711 0.732740 0.598218 0.030071 0.036568
993 0.735962 0.638537 0.034673 0.045007
105 0.734428 0.687764 0.030377 0.045007
326 0.734888 0.731599 0.027616 0.041725
143 0.734888 0.774027 0.025775 0.041256
356 0.734274 0.815518 0.026388 0.039850
362 0.734888 0.866151 0.028230 0.054852
203 0.735809 0.908579 0.024547 0.032818
474 0.736729 0.939522 0.026388 0.035631
651 0.737496 0.975621 0.030377 0.038444
752 0.688248 0.119550 0.023934 0.044069
270 0.691316 0.164791 0.033753 0.045476
778 0.688401 0.209798 0.029764 0.040788
1018 0.688555 0.251992 0.027002 0.041725
143 0.690703 0.295359 0.031912 0.047820
380 0.690856 0.339662 0.026082 0.040788
351 0.690242 0.385373 0.026695 0.045007
742 0.691163 0.422410 0.027923 0.030942
249 0.690856 0.459212 0.030377 0.037037
381 0.689782 0.498828 0.027002 0.038444
766 0.690396 0.535631 0.030684 0.037037
749 0.693925 0.577121 0.029764 0.038444
995 0.691316 0.618847 0.027002 0.036568
503 0.691777 0.663150 0.027923 0.050164
711 0.691930 0.710033 0.034366 0.037037
631 0.694385 0.757384 0.031298 0.046414
1067 0.694078 0.808486 0.038048 0.051102
91 0.693618 0.854665 0.033446 0.037506
450 0.694078 0.897093 0.024547 0.038912
105 0.695305 0.934834 0.025775 0.035631
69 0.695152 0.975152 0.029150 0.043132
993 0.645290 0.125879 0.029457 0.041725
651 0.649739 0.166432 0.033446 0.042194
749 0.647591 0.208392 0.029764 0.041725
107 0.645904 0.252930 0.028230 0.048289
888 0.646671 0.303563 0.029764 0.056728
1046 0.647591 0.352789 0.034060 0.042663
344 0.647438 0.398734 0.031912 0.049226
1018 0.648819 0.448195 0.030991 0.040319
277 0.648205 0.494843 0.034060 0.048289
541 0.645904 0.545241 0.025161 0.041256
651 0.647284 0.593530 0.032218 0.047820
716 0.648512 0.642757 0.030377 0.047820
778 0.646824 0.692686 0.022706 0.047351
778 0.647898 0.735115 0.026082 0.037506
69 0.649739 0.781060 0.032218 0.048758
14 0.648665 0.820441 0.020252 0.026254
541 0.648972 0.854430 0.034366 0.044538
1077 0.647898 0.902016 0.029764 0.044069
541 0.651273 0.947257 0.028536 0.043601
711 0.653114 0.978669 0.028536 0.029536
993 0.603713 0.184248 0.032832 0.052508
775 0.607241 0.234412 0.028843 0.035631
636 0.608315 0.275199 0.030377 0.041256
65 0.607088 0.321144 0.033446 0.047820
145 0.604940 0.371777 0.030377 0.048758
415 0.604480 0.502344 0.030071 0.039850
764 0.603099 0.541725 0.033446 0.038912
1010 0.605094 0.585795 0.040503 0.050164
474 0.605094 0.634083 0.028230 0.042663
450 0.603713 0.687529 0.030991 0.052977
546 0.605094 0.743554 0.028843 0.047820
605 0.604940 0.795593 0.027309 0.050633
105 0.606781 0.848336 0.033446 0.049226
707 0.605707 0.890999 0.030071 0.030474
749 0.605247 0.920769 0.026082 0.035631
270 0.607395 0.961088 0.023013 0.043132
143 0.567966 0.182607 0.027616 0.034224
796 0.567045 0.222691 0.023320 0.042194
577 0.568733 0.269105 0.031605 0.048758
941 0.564437 0.312940 0.031605 0.032349
642 0.566125 0.348101 0.023320 0.034224
685 0.566431 0.389358 0.029457 0.037037
1077 0.566125 0.436943 0.028843 0.049695
1002 0.570114 0.481247 0.030071 0.027661
16 0.565971 0.570323 0.031605 0.045476
21 0.566738 0.613690 0.025161 0.040319
567 0.567045 0.656118 0.029457 0.044538
438 0.565971 0.701828 0.032218 0.042194
143 0.566431 0.744960 0.024547 0.038444
344 0.568272 0.788326 0.031912 0.045476
651 0.565204 0.835912 0.025161 0.045945
638 0.566585 0.878106 0.026082 0.032818
5 0.567812 0.917956 0.029764 0.041256
497 0.567505 0.953586 0.027309 0.031880
325 0.532218 0.142757 0.029150 0.037975
173 0.530838 0.180731 0.023934 0.031411
721 0.529764 0.217768 0.026695 0.034224
389 0.528536 0.258556 0.024241 0.042663
143 0.528690 0.301219 0.020865 0.039850
380 0.529457 0.336615 0.023013 0.030005
786 0.529150 0.375293 0.025468 0.041725
546 0.528843 0.421472 0.028536 0.044069
778 0.528690 0.468589 0.024547 0.044538
69 0.532065 0.514299 0.030684 0.040319
173 0.529764 0.554618 0.023013 0.034693
351 0.530838 0.590717 0.025775 0.034693
431 0.528843 0.674168 0.026082 0.039381
1032 0.529610 0.715424 0.027616 0.034693
995 0.527923 0.754805 0.021172 0.038444
105 0.528536 0.799578 0.020558 0.042663
143 0.527156 0.840835 0.020252 0.037975
651 0.528076 0.881388 0.022093 0.041256
615 0.498926 0.143460 0.027616 0.045007
1046 0.498312 0.238865 0.020865 0.037037
344 0.498312 0.280356 0.023320 0.043132
546 0.498006 0.325598 0.021479 0.039850
1018 0.497852 0.369433 0.018717 0.046882
240 0.496778 0.416315 0.020252 0.045945
778 0.498006 0.550633 0.020252 0.042663
514 0.498926 0.591655 0.022706 0.031880
14 0.499079 0.629161 0.021786 0.040319
541 0.497852 0.668308 0.018717 0.037037
481 0.498312 0.710033 0.019638 0.043601
651 0.499540 0.752930 0.020865 0.035631
716 0.497852 0.790202 0.018104 0.032349
778 0.498466 0.826067 0.018104 0.030942
38 0.500307 0.864510 0.020558 0.038444
262 0.503375 0.909752 0.021172 0.041725
436 0.446609 0.121660 0.018717 0.029536
589 0.444922 0.157993 0.017797 0.033755
173 0.444922 0.213080 0.020252 0.033286
779 0.444615 0.246835 0.017797 0.034224
69 0.445229 0.260431 0.017797 0.029536
380 0.446149 0.298406 0.018411 0.031411
356 0.445996 0.333568 0.021786 0.030474
1004 0.446456 0.379044 0.019024 0.031411
1002 0.446916 0.413268 0.018104 0.035162
571 0.447070 0.430380 0.018411 0.042194
625 0.447530 0.474918 0.016876 0.042194
571 0.447683 0.562119 0.022093 0.038444
370 0.448604 0.606188 0.019024 0.036568
243 0.450598 0.680028 0.018104 0.031411
3 0.451059 0.721988 0.018411 0.032818
228 0.450138 0.761603 0.020865 0.035162
35 0.449678 0.796765 0.021172 0.037975
339 0.448911 0.850445 0.019024 0.035631
142 0.447530 0.887014 0.018104 0.030005
1080 0.448144 0.919597 0.020558 0.031411
642 0.415925 0.117440 0.021786 0.033286
685 0.415311 0.151430 0.024854 0.029067
105 0.415618 0.183310 0.027923 0.030005
142 0.416385 0.220347 0.022706 0.036568
1080 0.416539 0.265120 0.019945 0.041725
799 0.415772 0.311533 0.023320 0.044538
237 0.416232 0.361697 0.024854 0.044538
631 0.416232 0.411392 0.020558 0.040788
1018 0.418380 0.452649 0.022400 0.037975
143 0.417613 0.488983 0.023320 0.032818
794 0.419300 0.529067 0.021786 0.038912
158 0.419300 0.574308 0.023627 0.046882
636 0.419761 0.619784 0.023934 0.041256
65 0.419914 0.662682 0.023627 0.042663
145 0.419761 0.703469 0.024547 0.033286
36 0.422369 0.739569 0.023627 0.035162
971 0.420988 0.824895 0.019024 0.032349
546 0.421448 0.858181 0.018717 0.032349
751 0.421909 0.929911 0.017797 0.028598
791 0.408254 0.781763 0.046333 0.043601
749 0.379718 0.114158 0.028536 0.046414
402 0.380485 0.161744 0.021479 0.045007
941 0.380485 0.201828 0.022706 0.031411
143 0.379871 0.238631 0.025775 0.039381
380 0.378951 0.284341 0.028230 0.047351
155 0.381098 0.333802 0.028230 0.048758
143 0.380792 0.383732 0.027616 0.046414
380 0.380025 0.430849 0.022400 0.045945
778 0.380025 0.473746 0.026082 0.032349
501 0.382326 0.513361 0.021479 0.031880
697 0.382633 0.548054 0.020865 0.033755
993 0.382019 0.591655 0.024547 0.045945
115 0.383246 0.635490 0.022706 0.043601
605 0.385241 0.685185 0.027309 0.046414
402 0.385087 0.734177 0.030071 0.043132
941 0.387235 0.781060 0.033139 0.044069
993 0.385701 0.830052 0.020252 0.045476
142 0.386468 0.875996 0.021786 0.038912
494 0.386468 0.916081 0.022400 0.039381
743 0.387235 0.954055 0.022706 0.035631
411 0.344891 0.108064 0.027616 0.041725
594 0.345505 0.154946 0.027002 0.047351
143 0.344584 0.198781 0.025775 0.042194
651 0.345965 0.241444 0.029764 0.045945
395 0.345812 0.285045 0.027002 0.039381
270 0.343971 0.331927 0.027616 0.050633
474 0.347653 0.432724 0.026388 0.049695
472 0.347653 0.487576 0.030071 0.046882
107 0.346118 0.592827 0.025775 0.048289
721 0.347653 0.640413 0.028230 0.042194
389 0.348113 0.683779 0.027923 0.042663
105 0.347959 0.733474 0.028843 0.048289
526 0.350261 0.788326 0.028536 0.042663
1 0.351795 0.831458 0.029764 0.038912
393 0.349954 0.873887 0.024241 0.042194
1002 0.350568 0.914674 0.019945 0.030942
571 0.349801 0.961088 0.030071 0.048758
775 0.304848 0.101969 0.020558 0.036099
474 0.305922 0.137365 0.022093 0.031880
972 0.306689 0.175809 0.028536 0.045945
905 0.308837 0.222222 0.034060 0.042194
148 0.305155 0.271683 0.032218 0.051102
109 0.306075 0.321378 0.030377 0.047351
481 0.305769 0.372246 0.028536 0.052508
1067 0.305615 0.423347 0.028230 0.045945
91 0.307610 0.466948 0.030991 0.036568
245 0.306075 0.514065 0.023627 0.047351
722 0.305155 0.562353 0.030377 0.043601
1004 0.307917 0.603610 0.032832 0.040788
958 0.307763 0.647211 0.024547 0.042663
794 0.310064 0.696437 0.035287 0.047351
402 0.308990 0.745429 0.032525 0.046882
442 0.309144 0.795593 0.035287 0.048758
463 0.309451 0.838725 0.028536 0.033755
706 0.305002 0.875293 0.030684 0.031880
164 0.310218 0.953821 0.030071 0.036099
69 0.309911 0.982888 0.027002 0.028598
391 0.262504 0.109705 0.029764 0.056259
334 0.266953 0.163854 0.033753 0.052039
481 0.265572 0.218003 0.028536 0.051571
577 0.262964 0.273090 0.028230 0.050164
380 0.262811 0.319503 0.023627 0.042663
1018 0.264345 0.362166 0.031605 0.037975
716 0.265419 0.407407 0.027616 0.046882
778 0.264805 0.452883 0.031912 0.040319
997 0.263885 0.501172 0.033753 0.051571
344 0.264805 0.556493 0.023934 0.052508
794 0.265419 0.602203 0.022706 0.040788
142 0.264652 0.645570 0.029764 0.045007
402 0.262964 0.690811 0.035594 0.042663
442 0.268180 0.738397 0.033139 0.042194
778 0.268334 0.787154 0.035901 0.042194
642 0.264959 0.831927 0.032218 0.037037
685 0.267567 0.873418 0.036821 0.043132
619 0.267567 0.926629 0.031298 0.051102
829 0.267260 0.973277 0.027616 0.040319
571 0.220927 0.107361 0.039276 0.058134
775 0.217551 0.162213 0.030684 0.043132
436 0.217858 0.213080 0.025161 0.051102
987 0.216171 0.263479 0.030377 0.045945
849 0.219546 0.307782 0.032218 0.047351
442 0.219392 0.397093 0.031298 0.045007
463 0.220927 0.445148 0.034980 0.042663
706 0.221387 0.487107 0.032832 0.040319
1004 0.222307 0.535396 0.036514 0.053446
778 0.218472 0.585795 0.025775 0.045476
161 0.221234 0.637600 0.041117 0.048758
987 0.220927 0.684716 0.031912 0.040788
716 0.221080 0.724332 0.028536 0.039381
778 0.224149 0.766995 0.026695 0.037506
474 0.224762 0.811064 0.029764 0.050633
764 0.221847 0.864744 0.033139 0.046414
317 0.224149 0.912330 0.030377 0.044069
306 0.223075 0.930380 0.030684 0.042663
1072 0.224916 0.973043 0.031298 0.044538
1067 0.171985 0.111580 0.036514 0.053446
91 0.172292 0.165495 0.025468 0.048758
450 0.172446 0.207689 0.022706 0.039381
69 0.171525 0.258790 0.030684 0.057196
380 0.173213 0.310595 0.033446 0.043601
402 0.173673 0.350445 0.027616 0.033286
647 0.169684 0.392639 0.025775 0.041725
541 0.172139 0.438584 0.030684 0.048289
716 0.173059 0.492264 0.033753 0.051571
778 0.175361 0.548758 0.034060 0.052039
474 0.175974 0.596343 0.030377 0.040319
218 0.176281 0.642053 0.027923 0.051102
481 0.174593 0.699250 0.031912 0.056728
402 0.175974 0.752227 0.043265 0.042663
941 0.174440 0.801688 0.035287 0.050633
721 0.172139 0.847398 0.028230 0.038912
389 0.173213 0.886076 0.025468 0.041256
751 0.177508 0.929208 0.037128 0.038444
115 0.174593 0.974684 0.032525 0.045945
530 0.119822 0.097515 0.029150 0.033755
328 0.120743 0.181200 0.023013 0.040788
401 0.121663 0.227848 0.028536 0.050633
380 0.124118 0.280122 0.031605 0.044538
290 0.126419 0.318800 0.030071 0.032818
402 0.123197 0.356306 0.029150 0.035631
647 0.123811 0.404594 0.029150 0.047820
14 0.122123 0.454993 0.029457 0.046414
541 0.123811 0.505391 0.027309 0.050633
716 0.124578 0.555321 0.031298 0.046414
778 0.127340 0.603844 0.026388 0.036568
402 0.128567 0.646038 0.028230 0.043132
65 0.127800 0.695499 0.029150 0.042663
749 0.129488 0.737693 0.031912 0.037975
1077 0.128260 0.783638 0.028843 0.047351
401 0.128567 0.862400 0.031912 0.040788
749 0.127800 0.906939 0.031605 0.048289
429 0.131175 0.950070 0.039583 0.036099
1072 0.128720 0.982419 0.034060 0.032349