93 0.809604 0.111346 0.026695 0.038912
612 0.810064 0.153774 0.020865 0.038444
381 0.809451 0.244726 0.022706 0.041256
142 0.811752 0.282700 0.024854 0.037506
481 0.811752 0.319269 0.017490 0.029067
1067 0.814207 0.352086 0.018717 0.030942
91 0.816048 0.384201 0.026082 0.036099
245 0.816048 0.423582 0.030377 0.042663
722 0.815434 0.502110 0.026082 0.037506
652 0.816968 0.545241 0.021786 0.043132
586 0.816662 0.588842 0.020558 0.038444
594 0.816662 0.624004 0.021786 0.026254
200 0.817122 0.656587 0.021479 0.033286
468 0.816662 0.691983 0.021786 0.031880
751 0.816968 0.730192 0.017490 0.041725
94 0.817275 0.768636 0.018717 0.034224
40 0.819270 0.817159 0.019638 0.046882
96 0.820190 0.863104 0.020865 0.043132
593 0.821111 0.901547 0.022706 0.033755
1002 0.765419 0.120019 0.025468 0.053446
699 0.764959 0.168308 0.025161 0.030942
778 0.765265 0.214252 0.020865 0.042194
347 0.765572 0.253165 0.023320 0.031880
914 0.764652 0.289030 0.025161 0.037037
612 0.765419 0.326067 0.026695 0.034224
721 0.767567 0.368261 0.021786 0.042663
441 0.768794 0.413033 0.024854 0.037506
105 0.767413 0.457337 0.020252 0.037975
602 0.768334 0.497890 0.022706 0.037506
474 0.770789 0.537740 0.023934 0.039381
808 0.720620 0.115331 0.027309 0.042194
5 0.720620 0.154008 0.021786 0.028598
344 0.723228 0.195734 0.031298 0.046414
1018 0.722614 0.243085 0.019638 0.035162
109 0.721694 0.281528 0.018411 0.028598
481 0.720620 0.319972 0.027309 0.044538
778 0.720466 0.358415 0.020252 0.032349
651 0.721540 0.392171 0.016263 0.036099
14 0.721847 0.431552 0.026695 0.040788
546 0.724762 0.470699 0.032525 0.039381
751 0.725222 0.509845 0.023627 0.037037
1080 0.724762 0.554618 0.025775 0.043132
799 0.725990 0.596109 0.023934 0.037975
237 0.725836 0.638537 0.021786 0.039381
105 0.724916 0.676512 0.020558 0.034693
143 0.726603 0.713549 0.025775 0.036568
541 0.727831 0.753399 0.022093 0.033755
594 0.729365 0.788561 0.025161 0.033755
855 0.728905 0.828645 0.024854 0.037975
40 0.727984 0.873887 0.020558 0.044069
344 0.727831 0.913737 0.020252 0.032818
109 0.677662 0.120019 0.025468 0.042194
145 0.677508 0.165026 0.019024 0.036568
482 0.677355 0.207220 0.018104 0.041256
576 0.679810 0.258556 0.021172 0.046414
930 0.683185 0.306142 0.028536 0.043132
97 0.679196 0.347632 0.021786 0.030474
344 0.678429 0.385842 0.025775 0.033755
1077 0.682725 0.433896 0.030071 0.049226
143 0.680884 0.477262 0.028843 0.035631
1067 0.682418 0.517112 0.022093 0.044069
91 0.682264 0.561416 0.023627 0.040788
245 0.685793 0.609001 0.027616 0.044069
722 0.684873 0.685888 0.022706 0.039381
1080 0.684412 0.724098 0.019331 0.033286
148 0.685640 0.760197 0.018717 0.034224
751 0.686407 0.801219 0.023934 0.041256
796 0.688862 0.843647 0.034980 0.041725
1018 0.688555 0.918425 0.025161 0.034693
928 0.688862 0.943507 0.025775 0.035162
391 0.636238 0.125879 0.021172 0.047351
334 0.635931 0.172293 0.020558 0.034224
920 0.636085 0.210970 0.019638 0.038444
751 0.638693 0.250820 0.027923 0.037506
1018 0.637159 0.293952 0.029150 0.044069
110 0.635931 0.335912 0.025468 0.039850
751 0.641608 0.377168 0.028230 0.035162
402 0.640841 0.413268 0.023627 0.032349
513 0.642682 0.451946 0.026082 0.030005
148 0.640534 0.493202 0.023013 0.038444
1067 0.641148 0.531411 0.024241 0.031411
91 0.639767 0.564229 0.021479 0.031411
245 0.639460 0.601031 0.028230 0.040319
722 0.642682 0.639709 0.018104 0.032349
941 0.641608 0.674637 0.018411 0.029067
344 0.642528 0.709798 0.019024 0.031880
1077 0.642835 0.752461 0.022706 0.044069
105 0.645290 0.798875 0.031298 0.042194
602 0.642528 0.839897 0.019024 0.036099
605 0.646517 0.889123 0.031298 0.046414
356 0.593587 0.124707 0.021172 0.036568
148 0.594661 0.169948 0.020865 0.037037
1 0.594968 0.206048 0.022093 0.033286
956 0.593740 0.292780 0.021479 0.037975
524 0.598496 0.342007 0.029764 0.046414
956 0.595121 0.390764 0.021172 0.037037
558 0.597729 0.437178 0.022093 0.046414
66 0.595121 0.484060 0.022400 0.039850
419 0.595735 0.527661 0.028536 0.041725
673 0.598650 0.571496 0.023934 0.040319
890 0.598957 0.616503 0.022706 0.043132
587 0.597423 0.654946 0.021479 0.031880
749 0.598803 0.697140 0.021786 0.044069
309 0.601565 0.744257 0.021172 0.029536
799 0.599417 0.783872 0.021172 0.047820
237 0.599570 0.830052 0.020252 0.036099
513 0.600338 0.870605 0.024854 0.032818
550 0.601872 0.901782 0.027309 0.026723
749 0.553851 0.131974 0.023320 0.042663
1067 0.555078 0.218472 0.017797 0.031880
91 0.556306 0.251055 0.016569 0.034224
450 0.556919 0.288561 0.020252 0.041725
136 0.559988 0.338959 0.023934 0.041256
1072 0.559988 0.387951 0.018411 0.043601
1067 0.558300 0.427567 0.017490 0.027192
91 0.559067 0.460150 0.015956 0.033286
245 0.561675 0.495312 0.026695 0.033286
722 0.563516 0.534927 0.028536 0.037506
925 0.559834 0.576184 0.019331 0.036568
746 0.559988 0.630098 0.018411 0.041256
925 0.559527 0.681669 0.018717 0.038444
517 0.561829 0.727848 0.019024 0.036099
941 0.562596 0.766526 0.017490 0.032818
651 0.564284 0.808486 0.017797 0.036099
402 0.563670 0.843179 0.017183 0.027661
5 0.564284 0.876934 0.017797 0.029536
513 0.564744 0.911392 0.018104 0.038444
401 0.519638 0.137834 0.018104 0.037506
1072 0.517643 0.184248 0.024547 0.045007
288 0.520252 0.224801 0.021172 0.034224
401 0.522093 0.266057 0.019945 0.038912
195 0.521019 0.303563 0.020865 0.025785
5 0.521632 0.340131 0.019024 0.039850
401 0.523934 0.386545 0.021786 0.043601
164 0.524087 0.465776 0.018411 0.032349
1072 0.528536 0.507032 0.024241 0.038912
401 0.489261 0.142991 0.018717 0.047820
880 0.489567 0.189170 0.022400 0.034224
1060 0.488954 0.226442 0.018104 0.038444
1072 0.490334 0.263479 0.019024 0.033755
1067 0.491408 0.305204 0.016876 0.042194
91 0.491408 0.350680 0.016263 0.030942
245 0.491255 0.385373 0.014115 0.031880
722 0.492022 0.423113 0.018717 0.040788
930 0.494170 0.466714 0.024241 0.038912
647 0.494630 0.504454 0.019638 0.036568
439 0.494170 0.543601 0.018717 0.035162
69 0.494937 0.586029 0.017183 0.039381
880 0.496625 0.635021 0.016263 0.035162
109 0.497699 0.681435 0.022093 0.037975
313 0.498619 0.725270 0.017797 0.031880
523 0.499233 0.766292 0.015956 0.033286
930 0.499847 0.896156 0.017797 0.040788