991 0.812059 0.117675 0.029764 0.043132
697 0.812673 0.171589 0.027923 0.053446
143 0.813900 0.221988 0.025468 0.047351
513 0.760203 0.115565 0.029764 0.049226
546 0.758055 0.211908 0.026695 0.040319
870 0.758208 0.253868 0.023320 0.037975
401 0.755140 0.294655 0.029457 0.040788
879 0.754066 0.342475 0.026082 0.043601
674 0.757134 0.388654 0.030991 0.047820
457 0.755600 0.440694 0.029150 0.051571
736 0.754373 0.489217 0.023627 0.039850
1018 0.752378 0.535631 0.031298 0.048289
683 0.754679 0.587670 0.029764 0.052039
716 0.756214 0.635724 0.026082 0.044069
778 0.755140 0.680497 0.022706 0.034224
791 0.754373 0.718003 0.029764 0.037037
457 0.752378 0.759259 0.027002 0.038912
672 0.749923 0.805204 0.026388 0.045476
1080 0.749003 0.865917 0.021479 0.052508
273 0.749463 0.916315 0.018717 0.035162
571 0.749923 0.955931 0.024547 0.035631
941 0.750230 0.987576 0.020252 0.023910
332 0.713256 0.170886 0.026082 0.046414
603 0.711875 0.228551 0.031912 0.067979
697 0.712642 0.288795 0.023627 0.045945
798 0.713562 0.334271 0.027309 0.041256
370 0.710801 0.385138 0.030377 0.049226
143 0.710647 0.433193 0.027002 0.041256
921 0.709880 0.475856 0.019331 0.036568
270 0.710954 0.513127 0.033753 0.039850
474 0.710647 0.559306 0.025775 0.042194
1046 0.709420 0.605954 0.027002 0.048289
1017 0.710187 0.655415 0.026695 0.048758
603 0.706812 0.698312 0.021786 0.037037
1080 0.703130 0.749180 0.026082 0.045945
440 0.703590 0.798640 0.023934 0.044538
546 0.703130 0.844351 0.025468 0.044069
431 0.703897 0.886545 0.027616 0.034693
829 0.703130 0.927567 0.023627 0.039850
1034 0.703283 0.965541 0.022706 0.033286
775 0.665848 0.113690 0.025775 0.035162
1067 0.666922 0.154243 0.023627 0.040319
91 0.666309 0.199250 0.021786 0.039381
450 0.665081 0.243085 0.023013 0.043601
474 0.664468 0.289030 0.028536 0.045476
7 0.665542 0.334974 0.027002 0.039850
188 0.665695 0.381388 0.023627 0.048289
315 0.665848 0.423113 0.022093 0.031411
751 0.664928 0.461791 0.028843 0.045945
436 0.665081 0.510314 0.019945 0.043601
870 0.662473 0.551571 0.020865 0.036099
1067 0.663240 0.587436 0.019331 0.035631
91 0.662627 0.625645 0.021786 0.042663
245 0.661706 0.665963 0.024241 0.041725
722 0.660939 0.707454 0.021479 0.045945
541 0.663701 0.748008 0.028843 0.034224
711 0.659251 0.785045 0.024241 0.037975
640 0.660939 0.826770 0.026388 0.046414
968 0.660172 0.867792 0.030377 0.037506
380 0.662627 0.910689 0.030377 0.042663
743 0.660018 0.952649 0.023934 0.038444
925 0.625192 0.163150 0.017490 0.035631
380 0.624732 0.202532 0.016569 0.037506
107 0.624885 0.243554 0.027923 0.041725
474 0.623964 0.285513 0.023627 0.041256
346 0.624732 0.325363 0.031298 0.040319
475 0.621970 0.373887 0.023934 0.049226
605 0.619975 0.425457 0.023013 0.051102
796 0.619362 0.472574 0.021172 0.042194
38 0.619822 0.522269 0.028230 0.054383
262 0.621510 0.571730 0.023013 0.025785
457 0.619055 0.609705 0.024241 0.041725
672 0.617981 0.658462 0.022093 0.050164
190 0.619975 0.700422 0.023013 0.026254
870 0.617674 0.739334 0.022706 0.045945
1067 0.616600 0.785279 0.024241 0.040319
91 0.616447 0.833333 0.027616 0.052039
245 0.617521 0.883732 0.019331 0.043132
722 0.616293 0.924754 0.021172 0.029536
778 0.616754 0.962025 0.022706 0.037506
603 0.617367 0.985466 0.022706 0.029067
393 0.584075 0.125645 0.024854 0.040319
697 0.583921 0.175809 0.025161 0.055321
507 0.584075 0.227848 0.023013 0.044069
749 0.584382 0.270042 0.024854 0.033755
829 0.584689 0.307079 0.021172 0.041256
384 0.581160 0.353024 0.019024 0.033755
234 0.580700 0.393108 0.021786 0.035162
682 0.582234 0.428504 0.023013 0.035631
236 0.581620 0.466245 0.035287 0.037975
143 0.579779 0.509611 0.026082 0.045945
641 0.579626 0.554618 0.029457 0.035631
972 0.580546 0.597984 0.032525 0.047351
905 0.579779 0.648617 0.027923 0.038912
401 0.578705 0.714252 0.026388 0.091421
749 0.578245 0.738397 0.022400 0.047820
751 0.578859 0.787857 0.031605 0.042663
190 0.577017 0.838256 0.023013 0.052508
315 0.579319 0.888420 0.027002 0.039381
930 0.577938 0.936240 0.028536 0.050633
641 0.574870 0.982419 0.027923 0.034224
1077 0.557533 0.742382 0.057686 0.042663
402 0.541884 0.130098 0.022093 0.044538
69 0.542498 0.174402 0.023320 0.037506
751 0.543878 0.216362 0.025468 0.039850
983 0.544799 0.254102 0.021786 0.034693
747 0.542498 0.290670 0.022093 0.034693
344 0.540350 0.331224 0.024547 0.044538
546 0.541117 0.370839 0.026082 0.036568
751 0.540503 0.412096 0.027923 0.038444
142 0.542805 0.457337 0.027002 0.044538
143 0.540810 0.549461 0.023013 0.042194
905 0.542037 0.587670 0.025468 0.030474
778 0.541731 0.620956 0.024241 0.030474
577 0.540350 0.656587 0.028230 0.041725
380 0.542037 0.701828 0.024241 0.033755
142 0.542037 0.744023 0.025468 0.041256
196 0.540963 0.790202 0.026388 0.037975
839 0.541117 0.840835 0.029764 0.052039
77 0.541731 0.888186 0.026695 0.044538
755 0.543111 0.926160 0.025161 0.030474
105 0.540657 0.968120 0.021479 0.043132
1032 0.506290 0.129395 0.020865 0.038444
402 0.507518 0.171120 0.022093 0.043132
647 0.504909 0.217534 0.021172 0.040319
270 0.504142 0.261838 0.021479 0.033286
602 0.502762 0.327942 0.023013 0.041725
1046 0.506137 0.369902 0.027923 0.044069
344 0.503836 0.411392 0.022706 0.037037
1018 0.503682 0.452180 0.021172 0.047351
972 0.504142 0.497421 0.025775 0.039381
905 0.504603 0.539850 0.024854 0.036099
1004 0.506290 0.580872 0.028230 0.041256
778 0.502762 0.619316 0.020558 0.030942
577 0.502608 0.658931 0.024547 0.040788
380 0.505063 0.700188 0.027616 0.037037
1018 0.504142 0.741913 0.025161 0.041725
516 0.503836 0.778012 0.024547 0.030474
196 0.504909 0.817393 0.027309 0.049226
77 0.503682 0.861228 0.021786 0.037506
755 0.501994 0.897562 0.027616 0.035162
673 0.503836 0.937412 0.025161 0.038912
778 0.491255 0.905063 0.053391 0.036099
402 0.472998 0.135959 0.019945 0.040319
647 0.472077 0.176278 0.019331 0.035631
1067 0.471310 0.217534 0.019024 0.030942
602 0.471464 0.249180 0.021172 0.023910
941 0.471924 0.280825 0.019024 0.031880
751 0.471924 0.322550 0.019638 0.041256
190 0.473612 0.370136 0.026695 0.043601
641 0.471464 0.419362 0.021786 0.044538
1077 0.471617 0.463901 0.024547 0.039850
439 0.472384 0.500703 0.023627 0.032818
603 0.473918 0.542429 0.022400 0.042194
605 0.470236 0.578762 0.018104 0.026723
1004 0.470697 0.616034 0.020865 0.042194
993 0.471003 0.662916 0.021479 0.042194
775 0.471310 0.703000 0.019024 0.038912
1077 0.470850 0.739569 0.019331 0.031411
332 0.471924 0.771449 0.023320 0.028598
749 0.471157 0.803563 0.026082 0.033755
402 0.471464 0.841772 0.020558 0.040788
941 0.471770 0.879278 0.020558 0.034224
148 0.472077 0.917956 0.019331 0.042194
546 0.416232 0.111111 0.018717 0.032818
751 0.416232 0.140647 0.017490 0.029067
1080 0.417766 0.180263 0.018717 0.038912
1039 0.416539 0.222691 0.018717 0.045007
69 0.417920 0.265823 0.017797 0.037506
1032 0.416385 0.340600 0.023934 0.039850
290 0.417306 0.424051 0.019638 0.028598
1004 0.416232 0.496718 0.016876 0.036099
778 0.415925 0.537740 0.019945 0.040319
1060 0.416079 0.575949 0.020252 0.033286
1072 0.417153 0.614862 0.021172 0.034224
1067 0.415618 0.655649 0.019331 0.038912
91 0.416232 0.693390 0.021786 0.034693
450 0.416692 0.737459 0.021479 0.040319
474 0.416079 0.782935 0.019024 0.035631
716 0.416846 0.825129 0.023013 0.039381
778 0.415925 0.871074 0.019331 0.038444
1077 0.415772 0.923113 0.021479 0.042194
941 0.385548 0.120956 0.020558 0.030942
751 0.386008 0.162916 0.014115 0.028598
956 0.385394 0.199953 0.014728 0.034224
641 0.385394 0.243085 0.018411 0.043601
972 0.384627 0.288795 0.021172 0.036568
905 0.386315 0.327707 0.016569 0.030942
401 0.387542 0.369198 0.019638 0.037037
641 0.387696 0.411861 0.020558 0.032349
855 0.385855 0.447257 0.016876 0.030942
1 0.384934 0.488045 0.020558 0.034693
143 0.382019 0.538444 0.021479 0.037975
972 0.382479 0.580403 0.021172 0.036568
905 0.384627 0.622128 0.026695 0.040319
69 0.383093 0.668308 0.021786 0.037037
379 0.381712 0.708861 0.022706 0.040319
931 0.382479 0.751289 0.019331 0.041725
40 0.383400 0.797234 0.020558 0.046414
105 0.383400 0.848336 0.024854 0.043601
280 0.382633 0.895218 0.020252 0.041725
794 0.382940 0.941632 0.025161 0.041725
474 0.351028 0.103141 0.022706 0.041256
972 0.351642 0.150961 0.023934 0.042194
778 0.350875 0.204641 0.023013 0.046414
995 0.351948 0.258087 0.019638 0.042663
608 0.352255 0.303797 0.020865 0.038444
905 0.350261 0.345757 0.021786 0.040788
474 0.350414 0.389123 0.023934 0.039381
219 0.351795 0.439287 0.024241 0.043132
419 0.350568 0.487342 0.026695 0.038912
123 0.351181 0.534224 0.028536 0.037975
1046 0.352102 0.576418 0.021786 0.046414
541 0.352409 0.625410 0.025468 0.041256
594 0.354250 0.666667 0.029150 0.035631
280 0.350107 0.711908 0.022093 0.045476
794 0.351488 0.757618 0.022400 0.041256
742 0.349801 0.802625 0.022093 0.038444
972 0.350721 0.853962 0.023320 0.045476
829 0.348727 0.902485 0.023627 0.046882
419 0.349340 0.944679 0.023627 0.037506
472 0.350107 0.974449 0.024547 0.029536
972 0.312059 0.096578 0.027002 0.040319
778 0.311752 0.142053 0.024547 0.041256
152 0.313440 0.181435 0.026082 0.036568
366 0.313900 0.224332 0.025161 0.044538
1060 0.312826 0.270980 0.027309 0.033755
1072 0.315434 0.356071 0.022706 0.044538
1067 0.314360 0.403188 0.026082 0.046882
91 0.314514 0.445851 0.025775 0.040319
245 0.311292 0.490858 0.033446 0.043132
722 0.314820 0.589545 0.027002 0.042663
830 0.314667 0.634552 0.029764 0.043601
69 0.315894 0.684482 0.033446 0.045007
546 0.311752 0.729958 0.026388 0.045945
751 0.311445 0.774730 0.022093 0.037037
641 0.312059 0.815987 0.023934 0.037037
855 0.313133 0.854430 0.030991 0.042663
366 0.312979 0.900141 0.033139 0.046882
905 0.311292 0.951008 0.027923 0.044538
402 0.313286 0.986170 0.023320 0.027661
941 0.269561 0.092827 0.026082 0.042194
829 0.272630 0.136428 0.026082 0.039381
726 0.272016 0.183075 0.022400 0.040788
775 0.274317 0.226910 0.023320 0.044069
457 0.274010 0.281997 0.025775 0.046414
674 0.276158 0.334505 0.025161 0.039850
0 0.275084 0.374121 0.023013 0.034693
991 0.273550 0.415612 0.019945 0.034224
563 0.227370 0.090952 0.031912 0.042194
697 0.229211 0.133849 0.026388 0.039850
18 0.227984 0.174637 0.023320 0.041725
775 0.227370 0.223160 0.028230 0.045945
1077 0.227984 0.270980 0.027616 0.045007
956 0.229979 0.311767 0.024241 0.036568
791 0.230132 0.359587 0.028843 0.048758
230 0.229211 0.406470 0.025161 0.040319
749 0.230592 0.451711 0.024854 0.044538
429 0.231206 0.496953 0.027923 0.035631
944 0.231206 0.535396 0.022400 0.039381
706 0.229058 0.616737 0.024854 0.039850
58 0.233047 0.660806 0.030991 0.043601
673 0.230592 0.710267 0.029150 0.053446
462 0.231206 0.762072 0.022400 0.050164
879 0.233507 0.812236 0.035594 0.044538
344 0.230899 0.862400 0.029150 0.037975
794 0.230285 0.906001 0.023013 0.036099
164 0.232894 0.952649 0.036207 0.046882
539 0.231052 0.987107 0.027002 0.024848
69 0.182725 0.098922 0.027923 0.052508
380 0.186714 0.152368 0.032832 0.042194
109 0.183492 0.202297 0.030071 0.055790
641 0.187327 0.299812 0.030991 0.049226
705 0.185026 0.354430 0.025161 0.050633
905 0.187327 0.406235 0.034673 0.050164
366 0.186253 0.479372 0.022093 0.037037
672 0.187481 0.523676 0.023320 0.042194
778 0.186407 0.567042 0.022400 0.039850
791 0.189629 0.610173 0.027002 0.042663
672 0.189629 0.657759 0.028843 0.043132
99 0.189168 0.706985 0.026082 0.042194
1002 0.190549 0.748945 0.027616 0.036099
366 0.191163 0.790202 0.033753 0.041725
546 0.191010 0.833802 0.021172 0.042663
1077 0.190549 0.937647 0.027616 0.045945
344 0.190396 0.980309 0.026082 0.033755
705 0.137465 0.094702 0.023934 0.045007
905 0.141148 0.136662 0.030684 0.034224
1 0.139460 0.181903 0.034673 0.053446
778 0.140074 0.270277 0.026695 0.039850
791 0.140534 0.324895 0.029457 0.048758
1067 0.141301 0.374824 0.026695 0.046414
91 0.140534 0.420300 0.036821 0.046414
637 0.140534 0.446085 0.030684 0.057665
674 0.142989 0.462260 0.023320 0.036568
879 0.144063 0.506329 0.021172 0.040319
708 0.142682 0.542897 0.022706 0.033755
879 0.144676 0.584857 0.037128 0.046414
963 0.148819 0.636193 0.034366 0.048758
474 0.146671 0.685654 0.024547 0.046414
1080 0.147745 0.739100 0.034673 0.052977
391 0.144369 0.805204 0.027309 0.059541
334 0.144983 0.854899 0.031605 0.038912
546 0.148358 0.890999 0.030377 0.034224
1077 0.148819 0.936943 0.034980 0.045476
344 0.145290 0.977496 0.034060 0.036568
794 0.093740 0.178387 0.034060 0.050164
402 0.093740 0.233943 0.027923 0.049695
442 0.095735 0.278247 0.027616 0.030474
791 0.096655 0.317862 0.033139 0.038444
513 0.100644 0.365682 0.033753 0.049695
850 0.098803 0.412096 0.033139 0.045007
903 0.102179 0.457571 0.030071 0.043132
404 0.102639 0.507267 0.031605 0.048758
1080 0.104480 0.606188 0.032832 0.040319
755 0.103099 0.654008 0.028843 0.044069
794 0.103713 0.708626 0.028230 0.048289
148 0.101872 0.758087 0.026388 0.041256
567 0.103713 0.805907 0.030071 0.047820
775 0.101872 0.857009 0.023934 0.047820
764 0.102946 0.908345 0.033446 0.039850
793 0.099264 0.955462 0.026082 0.040319
101 0.100031 0.986873 0.024547 0.024379