474 0.808223 0.169714 0.024547 0.047820
129 0.807763 0.220581 0.026082 0.043601
502 0.810371 0.307782 0.026388 0.040788
1051 0.810985 0.347164 0.028843 0.039850
577 0.813133 0.439287 0.025775 0.035631
477 0.815894 0.533052 0.023934 0.045945
143 0.816508 0.572433 0.022093 0.025316
380 0.816662 0.612283 0.024854 0.042194
778 0.815588 0.660103 0.022706 0.045007
727 0.817275 0.702297 0.021786 0.039381
408 0.818042 0.741210 0.023934 0.037506
504 0.816662 0.781528 0.028536 0.043132
487 0.815894 0.830286 0.028230 0.058134
925 0.816662 0.883263 0.029150 0.045945
956 0.817582 0.931786 0.027309 0.035162
546 0.817582 0.967651 0.026695 0.039381
1077 0.758822 0.082982 0.030071 0.043132
778 0.759896 0.171120 0.025468 0.049695
924 0.760356 0.225504 0.020865 0.047820
419 0.760663 0.282466 0.027002 0.054852
105 0.758208 0.333333 0.028843 0.041256
591 0.762811 0.388654 0.027616 0.044069
711 0.764191 0.434365 0.021172 0.050164
791 0.763731 0.485466 0.028230 0.046414
589 0.763731 0.535396 0.022706 0.047820
380 0.765726 0.577356 0.026082 0.024848
109 0.763885 0.619316 0.022400 0.040319
145 0.764038 0.666432 0.022706 0.037037
482 0.764652 0.710970 0.027616 0.043601
570 0.761737 0.752696 0.032218 0.038912
504 0.766953 0.801688 0.029764 0.041256
577 0.766033 0.837084 0.028536 0.039850
456 0.766953 0.876465 0.029150 0.039850
1054 0.765572 0.926160 0.028230 0.041725
143 0.768641 0.968354 0.028230 0.040788
380 0.709727 0.266057 0.029457 0.042663
673 0.711415 0.358884 0.025468 0.048289
504 0.714943 0.458509 0.029457 0.041256
727 0.717705 0.503751 0.022093 0.048289
408 0.719699 0.561416 0.027923 0.049226
903 0.716938 0.612986 0.026695 0.038912
404 0.717705 0.656353 0.027002 0.041256
1018 0.720006 0.691045 0.027923 0.030005
605 0.720466 0.730661 0.030071 0.043601
404 0.718779 0.773090 0.022400 0.037506
956 0.720006 0.811533 0.023013 0.036568
589 0.719086 0.851852 0.024854 0.037506
749 0.719239 0.950539 0.032525 0.048289
429 0.666462 0.327473 0.022093 0.044538
402 0.667536 0.368261 0.024854 0.030474
941 0.668150 0.382794 0.026082 0.043601
474 0.669531 0.424051 0.028843 0.043601
958 0.668917 0.451242 0.027002 0.094233
69 0.670758 0.476559 0.025775 0.044538
1032 0.670298 0.563291 0.026695 0.040788
14 0.668763 0.606657 0.024241 0.041256
778 0.671065 0.655180 0.022093 0.051102
775 0.671832 0.704173 0.032832 0.043132
764 0.672446 0.742850 0.023627 0.033286
793 0.672906 0.782232 0.020252 0.041725
36 0.673519 0.831927 0.028230 0.045476
697 0.673826 0.881857 0.026388 0.048758
380 0.624732 0.241678 0.030071 0.044538
137 0.623044 0.289733 0.025468 0.049695
288 0.623658 0.333568 0.022400 0.039850
546 0.629181 0.417253 0.023013 0.025316
630 0.628107 0.455696 0.022706 0.042194
1077 0.627647 0.495077 0.022400 0.032818
1016 0.628720 0.538678 0.027002 0.045007
721 0.628874 0.582044 0.026695 0.037037
389 0.631482 0.656587 0.024547 0.043601
603 0.628874 0.699250 0.024854 0.038912
995 0.631175 0.748242 0.023320 0.042194
608 0.632709 0.797468 0.028230 0.045945
148 0.634550 0.849742 0.028843 0.046414
972 0.580086 0.108533 0.025468 0.046414
905 0.581774 0.157056 0.023934 0.033755
925 0.579626 0.283872 0.027616 0.038912
650 0.582694 0.329348 0.029457 0.043601
481 0.584842 0.373183 0.024547 0.041256
1018 0.583615 0.423816 0.028230 0.049695
602 0.582541 0.474215 0.027309 0.053915
1067 0.583921 0.528129 0.023934 0.049226
91 0.585302 0.571964 0.021786 0.038444
450 0.587910 0.661275 0.019024 0.037037
1018 0.590519 0.788561 0.026695 0.039381
756 0.540043 0.200188 0.022093 0.037506
647 0.539583 0.247773 0.021786 0.044538
567 0.542805 0.335209 0.029457 0.042194
261 0.538662 0.380450 0.024854 0.045476
794 0.540963 0.420300 0.022093 0.033286
1018 0.543572 0.464604 0.027309 0.044069
791 0.543265 0.510080 0.021172 0.035631
344 0.546026 0.554149 0.024854 0.047820
598 0.546640 0.604782 0.025468 0.050633
673 0.545413 0.650023 0.021172 0.036099
567 0.546793 0.689639 0.026388 0.036568
261 0.548328 0.732536 0.027616 0.041725
905 0.545873 0.778715 0.025775 0.047820
855 0.547561 0.826770 0.023013 0.042663
380 0.547867 0.868495 0.022400 0.036099
651 0.549862 0.881857 0.019024 0.030005
504 0.506444 0.147445 0.023013 0.041725
1001 0.507978 0.191514 0.021786 0.037975
401 0.508898 0.224801 0.021786 0.022035
380 0.508438 0.259259 0.029457 0.036568
749 0.508745 0.298875 0.022706 0.043601
799 0.508131 0.337553 0.021479 0.034693
237 0.508131 0.374121 0.025161 0.034693
380 0.508438 0.392405 0.023320 0.035631
673 0.509359 0.429208 0.020865 0.035162
504 0.509972 0.463432 0.023934 0.036099
456 0.510126 0.508908 0.023627 0.037975
401 0.512120 0.545945 0.019638 0.035162
380 0.513961 0.578059 0.019024 0.023441
224 0.513041 0.611580 0.020252 0.036099
468 0.513041 0.651195 0.021479 0.031880
1059 0.516416 0.694796 0.023934 0.048758
419 0.515035 0.743788 0.021172 0.045476
380 0.516876 0.784107 0.019945 0.026723
143 0.517337 0.821613 0.019638 0.037975
504 0.475759 0.228786 0.017490 0.033755
903 0.476833 0.268636 0.019024 0.037506
925 0.479135 0.392405 0.024241 0.044069
380 0.478828 0.428739 0.021786 0.029536
739 0.479288 0.464369 0.022706 0.039850
905 0.479288 0.510549 0.019024 0.040319
401 0.482203 0.554383 0.023013 0.045476
109 0.483891 0.604313 0.023320 0.043132
145 0.486806 0.648851 0.024241 0.039381
482 0.486806 0.692218 0.019945 0.040788
570 0.486499 0.729723 0.020558 0.022972
602 0.486499 0.766057 0.018717 0.041256
791 0.487573 0.848336 0.016569 0.032349
308 0.487726 0.891702 0.016876 0.037506
164 0.413624 0.124473 0.017183 0.038912
69 0.413317 0.175574 0.020865 0.045476
380 0.414084 0.222925 0.016876 0.039850
143 0.415005 0.273558 0.016876 0.044538
905 0.414698 0.315049 0.017490 0.033755
148 0.414698 0.406001 0.018717 0.043132
349 0.414391 0.447023 0.020558 0.037037
603 0.412857 0.487342 0.016876 0.034224
858 0.413317 0.526020 0.015956 0.035631
431 0.413931 0.605485 0.020865 0.040788
1031 0.413470 0.652368 0.021786 0.037037
796 0.412857 0.700188 0.018717 0.032349
381 0.412243 0.740506 0.021786 0.040788
497 0.411629 0.788795 0.018104 0.047351
391 0.411783 0.831224 0.020252 0.035631
334 0.411936 0.869902 0.020558 0.037975
1067 0.412396 0.907173 0.019638 0.036568
91 0.380792 0.119550 0.023320 0.045945
245 0.381559 0.168308 0.022400 0.041256
722 0.381405 0.213315 0.023320 0.045007
436 0.380792 0.265823 0.028843 0.054383
477 0.381712 0.318097 0.020252 0.044538
178 0.382019 0.365213 0.020865 0.049695
855 0.383093 0.416315 0.023013 0.042194
481 0.381866 0.506329 0.025468 0.042194
474 0.381559 0.546414 0.030991 0.039850
72 0.380792 0.590483 0.021479 0.039850
829 0.380485 0.633380 0.021479 0.044069
726 0.380025 0.685420 0.026695 0.045945
794 0.378030 0.725035 0.021479 0.034224
482 0.378797 0.759962 0.021172 0.033755
519 0.378183 0.795827 0.018104 0.038912
685 0.379411 0.837084 0.021172 0.036099
697 0.378797 0.882091 0.019331 0.041725
971 0.378951 0.924285 0.019024 0.034224
829 0.345812 0.117440 0.020252 0.045476
772 0.343817 0.169480 0.028536 0.048289
457 0.346886 0.214955 0.023013 0.044538
715 0.347039 0.255040 0.021479 0.030005
414 0.346272 0.291842 0.021172 0.040788
0 0.350261 0.334505 0.027923 0.043601
1080 0.347192 0.371074 0.016876 0.028598
612 0.347192 0.405298 0.020558 0.042663
635 0.346272 0.450305 0.021786 0.045476
386 0.348727 0.551102 0.021172 0.035162
706 0.347806 0.597750 0.027309 0.046882
143 0.346272 0.642991 0.023013 0.040788
513 0.347346 0.687295 0.021479 0.045945
546 0.350414 0.734412 0.025775 0.042663
402 0.347346 0.784341 0.019638 0.044069
658 0.344738 0.867792 0.021786 0.034693
378 0.345505 0.906235 0.025161 0.045007
708 0.308223 0.115565 0.026695 0.045476
809 0.306843 0.159869 0.022706 0.039381
715 0.310985 0.199719 0.026695 0.041256
482 0.310371 0.242850 0.028536 0.037506
706 0.308530 0.287154 0.026082 0.041725
673 0.311445 0.336381 0.025775 0.043601
462 0.310064 0.379747 0.023627 0.039381
879 0.312826 0.419831 0.026082 0.039850
439 0.309911 0.462963 0.023934 0.041725
328 0.310371 0.506798 0.021172 0.037506
512 0.308070 0.547586 0.022706 0.035631
541 0.311599 0.590717 0.032218 0.044069
956 0.308530 0.636428 0.032218 0.040788
567 0.309758 0.672058 0.028536 0.031411
442 0.309144 0.710267 0.024241 0.043132
474 0.311752 0.751758 0.027002 0.042663
328 0.310525 0.800985 0.021479 0.040788
401 0.308070 0.849977 0.021479 0.046882
867 0.310371 0.903422 0.023627 0.045945
541 0.270328 0.159400 0.024547 0.045945
109 0.270482 0.200422 0.024854 0.038912
145 0.270482 0.243319 0.024241 0.044069
482 0.270942 0.289030 0.023934 0.043601
570 0.271095 0.333099 0.024854 0.037975
1046 0.270789 0.375996 0.027923 0.042194
541 0.270482 0.420769 0.021172 0.040788
711 0.270328 0.465776 0.024547 0.038912
651 0.269561 0.512189 0.027923 0.044538
395 0.268487 0.555087 0.030684 0.044069
439 0.270942 0.598922 0.025161 0.039850
995 0.273090 0.639006 0.023934 0.040319
153 0.271402 0.679794 0.024241 0.041256
105 0.271249 0.723629 0.029457 0.044538
1032 0.268948 0.773324 0.025468 0.052977
778 0.271556 0.824660 0.022706 0.045007
152 0.272783 0.869902 0.030684 0.042663
105 0.272476 0.916549 0.025161 0.045007
109 0.230132 0.115799 0.025161 0.045007
145 0.232280 0.167839 0.027002 0.052508
482 0.233200 0.219878 0.027616 0.040319
570 0.230746 0.260666 0.026388 0.042194
1032 0.232280 0.300047 0.020865 0.040319
631 0.233507 0.338022 0.017797 0.032818
778 0.234888 0.373887 0.026082 0.040788
546 0.235655 0.421238 0.038662 0.045476
16 0.232280 0.461556 0.023320 0.032349
439 0.232587 0.504454 0.029457 0.047820
393 0.232740 0.552977 0.029150 0.051102
958 0.232433 0.600094 0.023627 0.038444
794 0.230899 0.644398 0.024241 0.036099
158 0.233814 0.685185 0.029457 0.037975
1000 0.233354 0.719409 0.021786 0.031411
481 0.233047 0.757618 0.025468 0.040319
1067 0.231973 0.807314 0.031298 0.049695
91 0.231206 0.854430 0.026082 0.038912
245 0.234121 0.896859 0.028230 0.045945
722 0.234428 0.943038 0.026388 0.048289
1046 0.192237 0.106657 0.018717 0.037975
69 0.192851 0.145570 0.019331 0.036099
344 0.191930 0.186123 0.027309 0.043132
791 0.191010 0.230192 0.031605 0.044069
158 0.190549 0.276606 0.033139 0.045945
1018 0.191010 0.323957 0.027923 0.041256
1000 0.189629 0.368261 0.029457 0.042663
1046 0.190549 0.407407 0.028230 0.031880
778 0.191470 0.447961 0.027616 0.043601
546 0.193157 0.493202 0.029150 0.048758
395 0.192544 0.542194 0.024854 0.044538
1048 0.191163 0.589311 0.025775 0.038444
562 0.189322 0.639709 0.030071 0.046414
105 0.191316 0.685654 0.021786 0.042663
290 0.193618 0.727379 0.028230 0.037037
436 0.191623 0.768167 0.023627 0.037037
91 0.191777 0.854430 0.025161 0.041725
470 0.193618 0.898734 0.027002 0.039381
940 0.194845 0.945148 0.022093 0.048758
928 0.146517 0.105251 0.029150 0.048289
431 0.144830 0.150023 0.025775 0.034693
673 0.143909 0.193390 0.033753 0.043601
474 0.147438 0.242147 0.032832 0.047351
391 0.146210 0.286217 0.029764 0.041725
334 0.145443 0.335912 0.033139 0.052039
546 0.146978 0.415143 0.027616 0.042663
1077 0.145137 0.463197 0.029457 0.040319
152 0.145750 0.503751 0.027002 0.036099
673 0.143909 0.541491 0.022706 0.030942
631 0.145443 0.585091 0.021479 0.041256
941 0.146210 0.623535 0.019331 0.036568
1067 0.146517 0.663385 0.026082 0.044069
91 0.147284 0.712846 0.042344 0.047351
245 0.146517 0.761135 0.026695 0.039850
722 0.145597 0.802625 0.026695 0.035631
846 0.147131 0.842710 0.028536 0.046414
147 0.147591 0.880684 0.026388 0.025785
380 0.147591 0.923816 0.031912 0.046414
344 0.144830 0.956868 0.026388 0.032818
142 0.097423 0.106188 0.026695 0.043601
743 0.097576 0.148148 0.026388 0.030942
290 0.104787 0.195734 0.034060 0.043601
378 0.102946 0.243319 0.024854 0.043132
506 0.100031 0.294187 0.031298 0.055790
481 0.098957 0.344585 0.027923 0.044069
474 0.099264 0.390295 0.020558 0.040788
716 0.102025 0.438584 0.026695 0.042663
778 0.102179 0.483591 0.024547 0.044538
778 0.103253 0.530942 0.029150 0.039850
69 0.103406 0.567042 0.028843 0.035162
1032 0.103099 0.610877 0.021479 0.042194
989 0.101718 0.655415 0.025468 0.045007
855 0.102792 0.702063 0.021479 0.041725
55 0.102639 0.747304 0.025468 0.038444
145 0.104173 0.796531 0.033446 0.047820
482 0.101258 0.839194 0.026388 0.039381
570 0.100491 0.881388 0.026082 0.046882
474 0.100491 0.928504 0.026695 0.045476
673 0.103406 0.964604 0.021479 0.023910