138 0.802700 0.143694 0.027616 0.038912
513 0.802393 0.187998 0.030684 0.044069
880 0.805308 0.233005 0.022400 0.042194
728 0.805002 0.274027 0.021786 0.039850
148 0.804388 0.314346 0.019945 0.035162
450 0.804695 0.357712 0.021786 0.047820
401 0.807303 0.404829 0.022706 0.040788
801 0.808070 0.447023 0.025468 0.043601
594 0.807149 0.490858 0.023013 0.042194
1 0.808837 0.537506 0.025161 0.043601
474 0.807610 0.585326 0.022093 0.044538
723 0.809297 0.630802 0.026695 0.042663
69 0.809144 0.679559 0.024547 0.040788
1032 0.807149 0.724801 0.024854 0.040319
880 0.808837 0.770277 0.023934 0.043132
431 0.808377 0.810830 0.023627 0.038912
550 0.808837 0.853258 0.022706 0.043132
697 0.812519 0.895921 0.025775 0.044069
764 0.810678 0.939053 0.021479 0.044069
317 0.811445 0.960619 0.019331 0.023441
728 0.756827 0.093296 0.024241 0.040319
148 0.755753 0.134083 0.019024 0.030942
450 0.756214 0.168776 0.019331 0.040319
778 0.754679 0.225504 0.021786 0.039381
586 0.756981 0.270042 0.022093 0.042194
402 0.756520 0.309423 0.020558 0.028129
941 0.757134 0.341538 0.019945 0.033286
474 0.758208 0.384904 0.025775 0.040319
764 0.759742 0.427332 0.025775 0.037037
317 0.759129 0.460150 0.022093 0.028598
728 0.760663 0.500234 0.022706 0.044069
148 0.760663 0.544538 0.019638 0.037975
571 0.760970 0.589076 0.027002 0.039850
764 0.762044 0.633380 0.027309 0.043132
1010 0.761430 0.679090 0.023013 0.048289
586 0.763885 0.734177 0.028536 0.042194
401 0.762044 0.781997 0.021786 0.037506
652 0.760509 0.828176 0.024241 0.039850
594 0.760663 0.872011 0.022093 0.045945
431 0.760049 0.914205 0.027616 0.041256
728 0.714176 0.095406 0.017490 0.039850
148 0.713102 0.135490 0.018411 0.033755
1067 0.714483 0.174168 0.016876 0.036099
91 0.713716 0.218003 0.024547 0.049695
450 0.713102 0.267932 0.022093 0.044538
701 0.713256 0.314580 0.021786 0.038444
680 0.714943 0.364510 0.028230 0.043601
934 0.712488 0.415612 0.019638 0.045476
148 0.716631 0.469292 0.029150 0.043132
315 0.716324 0.508204 0.022400 0.034693
470 0.716938 0.540084 0.019331 0.024379
470 0.717091 0.571964 0.017797 0.031880
926 0.716477 0.602907 0.020252 0.030942
926 0.717091 0.638537 0.021479 0.044069
450 0.719392 0.681669 0.024854 0.032818
1038 0.718625 0.719878 0.019638 0.032349
470 0.720006 0.753165 0.020558 0.029536
470 0.720160 0.785045 0.015956 0.031411
926 0.722307 0.815518 0.016569 0.026723
764 0.722154 0.849039 0.029150 0.037506
1010 0.719699 0.890999 0.021786 0.043601
474 0.720160 0.932724 0.020865 0.034224
728 0.722307 0.964135 0.017797 0.030474
148 0.673673 0.095640 0.019331 0.038444
1067 0.673213 0.134787 0.016569 0.032349
91 0.674287 0.173933 0.016263 0.036568
450 0.674133 0.214252 0.017797 0.037506
778 0.672752 0.271917 0.022400 0.043132
764 0.675054 0.321613 0.023320 0.040319
317 0.674287 0.360759 0.021172 0.038912
450 0.674287 0.402250 0.019331 0.045945
1038 0.675514 0.452180 0.026695 0.028598
148 0.674287 0.487811 0.018104 0.037037
764 0.677815 0.527426 0.024547 0.032818
270 0.676434 0.570323 0.021172 0.047351
623 0.675054 0.621425 0.022706 0.038912
941 0.676895 0.659400 0.020865 0.034224
513 0.682571 0.697375 0.028536 0.031411
880 0.681651 0.742382 0.022400 0.048289
845 0.680884 0.793015 0.016569 0.035162
504 0.678122 0.843179 0.023320 0.046414
1067 0.682111 0.892171 0.018411 0.034693
91 0.682418 0.935068 0.020865 0.042663
450 0.633323 0.097984 0.023320 0.037506
401 0.632556 0.179325 0.017490 0.036099
652 0.632403 0.220347 0.022093 0.045007
474 0.635164 0.269339 0.022093 0.043601
723 0.632709 0.310127 0.027002 0.035162
69 0.635471 0.350680 0.023934 0.044069
389 0.636238 0.393108 0.023627 0.039850
695 0.636698 0.441632 0.025161 0.045945
845 0.637772 0.487107 0.024241 0.041256
1067 0.639613 0.535162 0.027309 0.045476
91 0.638539 0.582278 0.023320 0.037506
245 0.634704 0.624473 0.019945 0.029067
722 0.636852 0.665963 0.021172 0.040788
382 0.637926 0.709095 0.019024 0.040788
880 0.637926 0.763713 0.017797 0.042194
981 0.640227 0.804032 0.015649 0.030942
880 0.642222 0.880216 0.020865 0.037975
821 0.595275 0.101266 0.023934 0.042194
1046 0.595428 0.145804 0.024854 0.042194
920 0.596195 0.187060 0.020865 0.036568
880 0.594814 0.230661 0.024241 0.040319
436 0.594968 0.267698 0.019638 0.030005
803 0.600184 0.304501 0.027002 0.036099
477 0.597576 0.348336 0.023013 0.039381
481 0.598957 0.390999 0.027616 0.043132
474 0.599110 0.440694 0.021786 0.037506
592 0.599570 0.484998 0.020865 0.034224
391 0.598496 0.524613 0.024241 0.044069
334 0.598036 0.551336 0.024547 0.095640
880 0.597883 0.576418 0.024854 0.042663
1 0.599570 0.623769 0.019638 0.037037
474 0.601872 0.669011 0.027923 0.039381
723 0.602025 0.713549 0.024547 0.040319
38 0.600951 0.762775 0.021786 0.044069
566 0.601105 0.806845 0.023934 0.045007
749 0.601872 0.855134 0.023627 0.038444
474 0.603559 0.900609 0.023934 0.044069
105 0.556152 0.110642 0.024854 0.045945
746 0.557073 0.217768 0.029764 0.045476
306 0.555999 0.259962 0.022093 0.035162
778 0.558147 0.351617 0.023934 0.043132
402 0.561982 0.406235 0.023627 0.045476
710 0.559681 0.490624 0.020252 0.043601
880 0.560908 0.537740 0.020865 0.039381
791 0.561062 0.586029 0.023627 0.045945
1067 0.562136 0.627286 0.018411 0.031880
91 0.562749 0.668308 0.016569 0.034224
245 0.567352 0.707454 0.029457 0.036568
722 0.566125 0.751992 0.025161 0.044069
981 0.565511 0.802625 0.023320 0.042194
880 0.565511 0.851617 0.019024 0.038912
208 0.567659 0.894984 0.021479 0.044069
1077 0.538202 0.941397 0.012274 0.021566
474 0.520252 0.212143 0.025468 0.039850
105 0.520252 0.255977 0.021786 0.039381
378 0.519791 0.277778 0.019638 0.082982
506 0.520098 0.301922 0.018411 0.039381
1067 0.522093 0.382091 0.017490 0.038444
91 0.525315 0.423582 0.023934 0.040788
245 0.525621 0.473277 0.022706 0.041725
722 0.523167 0.518753 0.021479 0.044538
325 0.525928 0.568214 0.022706 0.045945
419 0.524547 0.612752 0.018717 0.032818
325 0.525468 0.657290 0.017490 0.039381
747 0.526695 0.703704 0.018104 0.031880
778 0.527002 0.740272 0.016263 0.039381
402 0.529610 0.921941 0.020252 0.037975
710 0.485425 0.124707 0.021479 0.049695
115 0.485732 0.177684 0.020865 0.043132
270 0.486346 0.221050 0.021479 0.039850
880 0.486652 0.264885 0.020865 0.042194
1032 0.487266 0.317628 0.019638 0.047351
844 0.489721 0.378809 0.020865 0.040319
529 0.489721 0.420300 0.015342 0.030474
419 0.490181 0.458509 0.014422 0.034693
506 0.490488 0.500234 0.021172 0.039381
474 0.492943 0.546414 0.026082 0.045476
506 0.490641 0.590717 0.017183 0.038444
1067 0.492482 0.631036 0.019638 0.032818
91 0.494017 0.662916 0.022706 0.032818
245 0.492022 0.706282 0.013808 0.038912
722 0.493556 0.790905 0.018104 0.031880
115 0.493249 0.827004 0.017490 0.030942
270 0.493556 0.840835 0.018104 0.035162
133 0.494937 0.880450 0.020865 0.037506
775 0.495858 0.921003 0.022706 0.036099
764 0.411936 0.144398 0.018717 0.030942
793 0.411169 0.185185 0.019638 0.038444
734 0.412703 0.223394 0.016569 0.031411
673 0.414698 0.263713 0.016263 0.040788
10 0.415005 0.339194 0.013808 0.037037
109 0.415618 0.381153 0.020558 0.040319
844 0.415465 0.421472 0.020865 0.042194
529 0.415158 0.462963 0.020252 0.035162
211 0.414237 0.501875 0.017797 0.040788
221 0.413164 0.577121 0.017490 0.031880
880 0.413164 0.611111 0.014422 0.026723
506 0.412243 0.670183 0.013194 0.029536
1067 0.412243 0.722925 0.015649 0.035631
91 0.413931 0.760197 0.022093 0.036099
245 0.412703 0.801219 0.018411 0.035631
722 0.411936 0.873887 0.018104 0.024379
69 0.411016 0.909048 0.018717 0.036568
602 0.382633 0.142991 0.021479 0.028129
148 0.382633 0.179325 0.020252 0.036099
846 0.383400 0.220816 0.024241 0.042194
531 0.383707 0.267698 0.026695 0.042194
1067 0.383707 0.363338 0.019331 0.040319
91 0.382633 0.398031 0.017183 0.027192
245 0.381866 0.428504 0.017490 0.034693
722 0.382940 0.466245 0.019638 0.034224
69 0.381559 0.502579 0.020558 0.035631
1065 0.382326 0.547820 0.019024 0.039850
1077 0.383553 0.586967 0.019638 0.024379
401 0.382786 0.625410 0.019945 0.041256
652 0.384320 0.669011 0.019945 0.034693
723 0.385548 0.706048 0.017490 0.021566
218 0.382479 0.737459 0.018717 0.037506
391 0.383860 0.775668 0.017797 0.030474
334 0.384320 0.797703 0.016876 0.024848
778 0.383400 0.826067 0.014422 0.029067
402 0.383860 0.860056 0.012887 0.030474
941 0.383246 0.890530 0.011660 0.025785
721 0.382940 0.923113 0.016569 0.031880
389 0.350414 0.145804 0.023320 0.045945
143 0.349033 0.183779 0.018104 0.024379
380 0.350721 0.222925 0.025775 0.047351
723 0.349033 0.272621 0.026082 0.047351
1032 0.348266 0.316456 0.024547 0.045007
380 0.349954 0.357712 0.024241 0.043132
105 0.347959 0.399672 0.020865 0.039850
503 0.312826 0.139241 0.029150 0.045945
1067 0.311445 0.181200 0.017797 0.029536
91 0.313133 0.219878 0.019945 0.040319
637 0.311445 0.261838 0.022093 0.039850
674 0.314360 0.302391 0.021172 0.029067
879 0.313440 0.351383 0.022400 0.043601
708 0.315127 0.438115 0.017183 0.031411
879 0.316815 0.474918 0.022400 0.033755
516 0.313593 0.517581 0.022093 0.036568
419 0.315281 0.556024 0.029764 0.037506
801 0.315127 0.596812 0.020252 0.042194
594 0.316355 0.643460 0.030684 0.039850
808 0.314820 0.683544 0.023320 0.043132
5 0.313593 0.720581 0.019638 0.031880
651 0.314053 0.758322 0.027923 0.041725
958 0.314974 0.805438 0.016876 0.045945
148 0.313286 0.851617 0.018411 0.037975
694 0.315127 0.890530 0.025161 0.033286
775 0.316508 0.925223 0.021786 0.033286
1067 0.316815 0.944444 0.018104 0.028598
18 0.275084 0.143694 0.027309 0.051102
148 0.274624 0.196437 0.024547 0.050633
133 0.274778 0.247539 0.027923 0.044069
775 0.278920 0.295124 0.025775 0.046414
764 0.276005 0.343179 0.023013 0.042194
793 0.276465 0.388186 0.028843 0.045007
148 0.276312 0.436006 0.024241 0.040319
133 0.277693 0.473746 0.022706 0.029536
775 0.279687 0.511721 0.026082 0.045476
520 0.278306 0.560478 0.022093 0.037037
630 0.277232 0.609470 0.019945 0.047820
1080 0.276312 0.652368 0.018104 0.032349
836 0.275851 0.688701 0.015956 0.036568
450 0.276465 0.726207 0.021479 0.031880
218 0.279687 0.771214 0.028536 0.045945
249 0.276312 0.820206 0.017490 0.035162
571 0.275238 0.864276 0.027002 0.043601
391 0.273550 0.911158 0.021172 0.044538
69 0.273090 0.956634 0.024547 0.036099
1032 0.237956 0.137131 0.021172 0.035162
689 0.238877 0.172058 0.021172 0.024379
1067 0.236576 0.213315 0.023320 0.047820
91 0.236269 0.264885 0.020865 0.037506
245 0.237956 0.312002 0.021172 0.043601
722 0.237650 0.364744 0.021786 0.046882
928 0.240104 0.422175 0.027923 0.038912
419 0.239491 0.462025 0.023627 0.039850
779 0.237650 0.506329 0.019331 0.043132
222 0.239644 0.543835 0.021479 0.029067
577 0.239797 0.584857 0.021172 0.040788
380 0.237650 0.639475 0.019945 0.042194
356 0.236882 0.684951 0.020252 0.041256
474 0.235809 0.730895 0.023013 0.046882
143 0.235041 0.772386 0.020865 0.032349
689 0.235502 0.814580 0.021786 0.046414
1037 0.238570 0.912564 0.019945 0.023910
709 0.236576 0.943507 0.021479 0.039850
855 0.198527 0.158697 0.017183 0.028598
1046 0.196226 0.204641 0.020558 0.042663
571 0.193925 0.247304 0.024547 0.032349
778 0.196840 0.292077 0.023627 0.045945
651 0.195919 0.336850 0.029764 0.042663
491 0.196226 0.383029 0.023627 0.048758
173 0.198681 0.431552 0.028536 0.038912
408 0.197913 0.476090 0.023320 0.044538
260 0.196686 0.522738 0.024547 0.045945
380 0.197453 0.573371 0.027309 0.050633
646 0.197913 0.619784 0.024547 0.039381
667 0.198220 0.660806 0.020865 0.041725
589 0.199755 0.704173 0.020865 0.033755
173 0.200522 0.746601 0.021786 0.037037
903 0.197760 0.788092 0.015649 0.036568
404 0.198220 0.829114 0.019638 0.036099
739 0.198374 0.872246 0.021172 0.029536
742 0.199755 0.916081 0.020252 0.038444
1032 0.201902 0.955462 0.020252 0.038444
1043 0.155723 0.133849 0.018104 0.036099
419 0.156797 0.170652 0.016569 0.030942
546 0.158484 0.252696 0.030991 0.044069
928 0.157717 0.296296 0.021479 0.038444
571 0.158484 0.332865 0.016876 0.031880
751 0.157410 0.376231 0.023934 0.048289
689 0.157564 0.420534 0.022400 0.034693
1067 0.158331 0.492968 0.023320 0.037975
91 0.158331 0.537740 0.022093 0.044069
245 0.158331 0.585091 0.025775 0.044069
722 0.157871 0.623066 0.023013 0.030005
401 0.157410 0.659634 0.020865 0.041256
91 0.159405 0.705579 0.023627 0.037506
450 0.160018 0.748945 0.021786 0.037975
1038 0.158177 0.790670 0.021786 0.040788
470 0.160172 0.842944 0.021479 0.038444
1067 0.158177 0.889592 0.020558 0.038912
270 0.159712 0.932489 0.017490 0.027192
778 0.164007 0.960384 0.025468 0.022972
651 0.148205 0.662447 0.042958 0.040319
958 0.112918 0.139006 0.020252 0.040788
148 0.113071 0.188233 0.021172 0.038912
694 0.112765 0.230427 0.024854 0.043601
775 0.111998 0.275668 0.019638 0.034693
1067 0.114759 0.317159 0.022706 0.037037
18 0.113532 0.400609 0.019024 0.035162
491 0.115680 0.434365 0.025161 0.034224
1067 0.117674 0.481716 0.024241 0.046414
345 0.116907 0.527895 0.022706 0.038444
579 0.118595 0.572433 0.027923 0.046882
148 0.118441 0.628223 0.028843 0.051571
1067 0.119055 0.711908 0.020252 0.033286
761 0.120896 0.756681 0.020252 0.041256
900 0.117214 0.854665 0.018411 0.035631
148 0.115526 0.892171 0.017490 0.030005
1067 0.116907 0.934599 0.020252 0.039850
292 0.118902 0.962025 0.018104 0.017815