571 0.854557 0.254102 0.023320 0.035631
709 0.855017 0.292077 0.029150 0.039381
855 0.857778 0.327942 0.021786 0.031411
721 0.858699 0.364979 0.023013 0.041725
389 0.859006 0.405063 0.024241 0.038444
974 0.860233 0.449133 0.030991 0.042194
622 0.861307 0.501875 0.022706 0.052977
1002 0.861614 0.551805 0.028230 0.042194
1016 0.864836 0.601031 0.018717 0.039381
778 0.861000 0.646038 0.027616 0.048758
223 0.861614 0.685654 0.025775 0.031411
407 0.863148 0.724801 0.023934 0.041256
1039 0.860387 0.764651 0.024547 0.032818
589 0.863915 0.806376 0.033446 0.046882
605 0.860387 0.857243 0.025161 0.046414
1002 0.859159 0.909517 0.024547 0.046882
605 0.860540 0.958040 0.028536 0.041725
810 0.859466 0.987342 0.024547 0.024379
227 0.806689 0.129864 0.021479 0.035631
302 0.806075 0.173465 0.030684 0.046882
1 0.808530 0.221050 0.030071 0.044538
366 0.807763 0.265354 0.023627 0.044069
428 0.808070 0.357243 0.023013 0.040319
603 0.808684 0.399672 0.024854 0.047351
401 0.811752 0.447726 0.030991 0.045945
105 0.810832 0.496718 0.026082 0.051102
366 0.812519 0.544773 0.023320 0.042194
6 0.812059 0.591186 0.024241 0.046882
411 0.812979 0.633849 0.028536 0.036568
603 0.809911 0.678387 0.022400 0.038444
107 0.812826 0.715190 0.029457 0.037975
778 0.809604 0.764182 0.023627 0.032818
89 0.810218 0.807782 0.027923 0.046882
537 0.814053 0.855602 0.025161 0.041256
731 0.811752 0.897797 0.026082 0.037506
571 0.809451 0.939756 0.030071 0.030474
775 0.812519 0.977262 0.019024 0.029536
745 0.755907 0.176043 0.027309 0.052039
458 0.757748 0.229958 0.027309 0.052039
546 0.757594 0.276606 0.028230 0.042194
751 0.757288 0.321847 0.027002 0.039850
1002 0.758975 0.365213 0.027309 0.045007
956 0.758975 0.450070 0.029150 0.045007
340 0.758361 0.499531 0.026082 0.045476
810 0.760970 0.549226 0.030071 0.042663
227 0.763271 0.598218 0.027309 0.045945
610 0.761276 0.644866 0.028230 0.045476
1077 0.766339 0.685185 0.032218 0.038912
546 0.762197 0.730661 0.021479 0.045476
751 0.763731 0.784810 0.023934 0.048758
778 0.764038 0.831927 0.028843 0.051102
1011 0.761430 0.924519 0.027923 0.044069
1038 0.761123 0.965776 0.025468 0.037506
1077 0.714943 0.141116 0.019024 0.046882
791 0.714176 0.202297 0.025468 0.057665
964 0.715097 0.253399 0.023013 0.038912
415 0.715403 0.300750 0.026695 0.043601
778 0.716324 0.340835 0.023627 0.034693
76 0.715864 0.388654 0.024547 0.047820
325 0.714330 0.449133 0.024547 0.042194
910 0.718319 0.493202 0.029457 0.038444
562 0.714943 0.535865 0.023320 0.045007
474 0.715710 0.587201 0.028536 0.039850
963 0.714790 0.631036 0.026695 0.035631
778 0.714330 0.675809 0.030071 0.038912
404 0.717551 0.721753 0.036514 0.053915
546 0.718779 0.776606 0.022400 0.043601
751 0.716631 0.823722 0.022400 0.036568
994 0.718319 0.865917 0.023934 0.036568
55 0.716784 0.903188 0.018411 0.028598
224 0.719546 0.933662 0.023934 0.034224
468 0.721387 0.972339 0.022706 0.041256
778 0.671832 0.136662 0.025468 0.037037
76 0.670758 0.182607 0.027616 0.044538
910 0.671372 0.232302 0.021479 0.050164
1077 0.670298 0.290436 0.027309 0.050164
778 0.673826 0.346695 0.024547 0.050164
105 0.671832 0.396624 0.021786 0.041256
76 0.670911 0.438350 0.023013 0.034693
1046 0.673519 0.472574 0.023320 0.040319
831 0.672752 0.515940 0.026082 0.044538
595 0.670604 0.567979 0.023013 0.041725
995 0.673673 0.610877 0.028536 0.044069
914 0.674287 0.656118 0.024241 0.038912
993 0.674133 0.746132 0.019638 0.041725
775 0.674133 0.797703 0.026388 0.046414
28 0.673673 0.842475 0.025468 0.041256
519 0.674593 0.888420 0.037742 0.047820
187 0.677202 0.940459 0.027002 0.043132
830 0.626266 0.188701 0.022093 0.040788
697 0.629181 0.234880 0.027309 0.045945
971 0.631942 0.335912 0.023013 0.059541
143 0.630408 0.393577 0.031605 0.052977
513 0.633937 0.444444 0.026388 0.044069
546 0.631789 0.489451 0.026388 0.042194
630 0.633477 0.530942 0.025468 0.041725
1056 0.633783 0.577121 0.019945 0.045007
826 0.631942 0.623769 0.021786 0.037975
644 0.634397 0.682841 0.027923 0.049226
481 0.634857 0.774965 0.022706 0.037506
1080 0.636392 0.818097 0.024547 0.031880
571 0.635931 0.860291 0.024241 0.047820
1067 0.637159 0.912096 0.025468 0.039850
91 0.637465 0.953352 0.018104 0.038912
450 0.591132 0.143460 0.021786 0.033755
474 0.590365 0.239334 0.023320 0.055790
672 0.588984 0.293718 0.022400 0.042663
136 0.590672 0.338725 0.022706 0.044538
221 0.592206 0.493436 0.025775 0.051102
479 0.594508 0.595406 0.026082 0.042194
995 0.595428 0.631739 0.019331 0.030474
914 0.550322 0.152602 0.026082 0.040788
930 0.551089 0.236287 0.028230 0.037506
97 0.551856 0.362166 0.023627 0.042663
603 0.551856 0.405298 0.021172 0.033286
290 0.552777 0.442100 0.023627 0.035631
995 0.556766 0.524848 0.021172 0.038912
951 0.557840 0.567745 0.020252 0.041256
567 0.561522 0.619316 0.035594 0.047820
607 0.560908 0.669011 0.024547 0.040319
603 0.560908 0.715190 0.022706 0.045476
402 0.560601 0.765588 0.022706 0.041256
354 0.560908 0.810127 0.020865 0.041256
439 0.559681 0.856774 0.028843 0.042663
69 0.561215 0.894749 0.023934 0.035162
602 0.520865 0.211439 0.016876 0.036568
105 0.522246 0.254805 0.020865 0.040788
1 0.523167 0.422410 0.014728 0.031880
14 0.524394 0.465073 0.015956 0.033755
721 0.524854 0.507032 0.015649 0.041725
389 0.526695 0.564932 0.016876 0.039381
1067 0.528076 0.620956 0.016569 0.033286
91 0.527923 0.661978 0.018717 0.030942
450 0.527769 0.699953 0.017183 0.034693
472 0.528076 0.755040 0.018411 0.037037
69 0.528076 0.808720 0.016569 0.043132
603 0.527769 0.850211 0.015342 0.037975
123 0.527923 0.872480 0.015649 0.040319
778 0.529457 0.924051 0.020558 0.038444
650 0.469469 0.204641 0.018411 0.032349
603 0.469776 0.242147 0.017183 0.037037
930 0.470850 0.285045 0.018717 0.039381
69 0.472384 0.329817 0.016263 0.037975
603 0.471157 0.375996 0.014422 0.032818
233 0.472538 0.464838 0.014728 0.026723
325 0.472691 0.501875 0.013808 0.034224
173 0.470543 0.759494 0.017490 0.027192
995 0.470850 0.803563 0.016876 0.030942
474 0.445382 0.131974 0.019945 0.040788
69 0.445075 0.218940 0.017490 0.035631
603 0.444615 0.266760 0.019638 0.044069
995 0.442007 0.364510 0.020558 0.041725
589 0.445996 0.422410 0.024241 0.042194
173 0.445689 0.467182 0.019945 0.047351
206 0.446303 0.516643 0.019331 0.045007
192 0.445382 0.562822 0.023013 0.042663
143 0.442467 0.609236 0.020865 0.038912
513 0.444768 0.650258 0.023627 0.044069
438 0.443541 0.733474 0.022400 0.040788
344 0.442927 0.777309 0.020558 0.039381
142 0.443848 0.824895 0.018104 0.037037
995 0.444615 0.862869 0.019638 0.032349
173 0.443848 0.932489 0.018104 0.032818
1077 0.408714 0.124004 0.020865 0.035162
791 0.410249 0.175574 0.020252 0.046414
452 0.408101 0.218472 0.027002 0.036568
704 0.408407 0.262775 0.019638 0.046414
995 0.406260 0.307079 0.028843 0.039381
1039 0.405492 0.345992 0.032832 0.044069
631 0.409175 0.393577 0.024241 0.046414
38 0.409021 0.442804 0.020252 0.045476
262 0.407947 0.535396 0.021172 0.033755
129 0.410555 0.573605 0.025775 0.039850
1077 0.409021 0.617206 0.023934 0.044538
778 0.409175 0.667604 0.026082 0.044069
129 0.409021 0.711674 0.025775 0.044069
452 0.409021 0.762541 0.023320 0.041725
1077 0.411476 0.810595 0.020865 0.046882
697 0.414084 0.858181 0.018717 0.034224
754 0.413777 0.902016 0.018104 0.034693
401 0.414544 0.938584 0.022093 0.040319
672 0.368365 0.124707 0.021786 0.036568
971 0.366370 0.248008 0.022706 0.043132
263 0.367597 0.295593 0.024547 0.056728
475 0.370359 0.351383 0.026388 0.046414
995 0.366984 0.429911 0.028230 0.045007
778 0.369899 0.481247 0.023013 0.049226
36 0.370819 0.530708 0.023627 0.046882
475 0.371586 0.576653 0.020865 0.040319
69 0.374041 0.618847 0.021479 0.042194
1032 0.373274 0.670652 0.021786 0.043601
290 0.374348 0.715659 0.032525 0.045476
725 0.371126 0.775434 0.023013 0.050633
513 0.372507 0.831458 0.027002 0.042663
607 0.376956 0.885607 0.021172 0.044069
631 0.375729 0.932255 0.021786 0.040788
651 0.376496 0.972339 0.019638 0.041256
995 0.328628 0.127051 0.022706 0.046882
589 0.326941 0.182372 0.028536 0.048758
173 0.327248 0.230192 0.027923 0.046882
595 0.325560 0.281763 0.027616 0.055321
930 0.326174 0.387951 0.031298 0.045476
541 0.329089 0.436709 0.026082 0.041725
971 0.328322 0.477262 0.032525 0.043132
39 0.328475 0.529067 0.030991 0.048289
98 0.328935 0.577121 0.025775 0.041256
471 0.328782 0.619316 0.021786 0.037506
67 0.330623 0.660338 0.028536 0.039850
778 0.332617 0.707923 0.025161 0.051571
695 0.333998 0.766760 0.023627 0.051102
651 0.332771 0.817628 0.023013 0.047820
995 0.333231 0.866854 0.023934 0.040319
173 0.333845 0.911392 0.022093 0.045007
429 0.335839 0.961791 0.030991 0.043601
402 0.287972 0.124004 0.024854 0.048289
941 0.284903 0.176981 0.024241 0.041725
474 0.284750 0.232302 0.022093 0.048289
589 0.284750 0.338725 0.027616 0.048289
380 0.283676 0.379278 0.021786 0.032818
479 0.288892 0.422175 0.031605 0.044538
995 0.287051 0.474449 0.023013 0.038444
914 0.286438 0.515940 0.021172 0.041725
651 0.289199 0.565166 0.023013 0.043601
956 0.289353 0.619316 0.024547 0.040319
831 0.292574 0.694327 0.038969 0.047820
474 0.291807 0.744491 0.031912 0.040319
335 0.290427 0.786685 0.025468 0.032818
545 0.292728 0.835443 0.020865 0.043132
831 0.291961 0.893108 0.023627 0.040319
595 0.293035 0.943507 0.026388 0.038912
944 0.294415 0.979137 0.026082 0.034224
749 0.240871 0.119081 0.025775 0.047820
231 0.240871 0.172293 0.022706 0.051102
233 0.196533 0.120956 0.026082 0.045945
971 0.195152 0.167839 0.029457 0.045007
143 0.194385 0.212143 0.035901 0.045476
513 0.193311 0.268167 0.025775 0.056259
546 0.190089 0.324660 0.022400 0.053915
794 0.191470 0.424519 0.026388 0.046414
201 0.191930 0.473511 0.022400 0.050633
993 0.189322 0.526020 0.033753 0.057196
775 0.191470 0.577825 0.032525 0.050164
11 0.193925 0.626348 0.029457 0.045945
879 0.193004 0.673933 0.023320 0.046414
1074 0.195152 0.727379 0.030071 0.052039
4 0.197913 0.776371 0.026388 0.047820
402 0.197760 0.825598 0.042037 0.044069
794 0.154035 0.126582 0.029457 0.063760
158 0.155569 0.188701 0.029457 0.060478
128 0.150353 0.249414 0.033139 0.050633
735 0.152808 0.303094 0.025775 0.048289
133 0.151887 0.345523 0.034980 0.039381
105 0.150660 0.394984 0.027002 0.050164
1032 0.148819 0.454290 0.026388 0.058134
941 0.147131 0.511486 0.029764 0.057196
457 0.148205 0.564698 0.027616 0.051102
672 0.146210 0.612752 0.026082 0.039381
263 0.148819 0.664323 0.029457 0.059072
419 0.152194 0.719644 0.025161 0.045945
603 0.150813 0.765588 0.035287 0.044069
402 0.150046 0.817628 0.027616 0.051571
98 0.152347 0.861228 0.024241 0.031880
595 0.152194 0.900844 0.025161 0.042663
143 0.155876 0.948898 0.025161 0.034693