808 0.900890 0.090248 0.033139 0.052039
5 0.900276 0.134318 0.027002 0.034224
1060 0.899202 0.177918 0.028536 0.039850
1072 0.899969 0.224566 0.028230 0.049695
1067 0.897975 0.273793 0.020558 0.041256
91 0.898435 0.316456 0.025775 0.033755
62 0.897515 0.396859 0.025775 0.049226
930 0.897515 0.448429 0.025161 0.047351
647 0.897668 0.499531 0.029150 0.047351
824 0.901964 0.541725 0.031605 0.037975
1080 0.898742 0.582982 0.036207 0.043601
755 0.901657 0.627989 0.032832 0.041725
129 0.904419 0.672527 0.032218 0.042663
66 0.902424 0.715424 0.024547 0.037506
673 0.905032 0.750117 0.032218 0.034693
69 0.906260 0.765120 0.038969 0.036568
391 0.906566 0.810830 0.034673 0.048289
334 0.903958 0.860291 0.030684 0.045007
546 0.901197 0.908814 0.031298 0.043601
751 0.904572 0.954055 0.027616 0.036568
1032 0.904112 0.984998 0.026082 0.028129
747 0.849954 0.090717 0.028843 0.049226
494 0.851028 0.143226 0.026082 0.050164
148 0.850261 0.188701 0.024547 0.037975
211 0.851028 0.229489 0.029764 0.037037
751 0.849647 0.268401 0.026388 0.039850
344 0.853329 0.317393 0.033139 0.051571
109 0.850721 0.364041 0.026695 0.036099
145 0.848266 0.403891 0.027923 0.040788
482 0.852102 0.451242 0.038048 0.046414
570 0.851028 0.493671 0.037742 0.043132
651 0.850414 0.536803 0.026695 0.043132
143 0.850875 0.583216 0.025161 0.048758
419 0.850721 0.641116 0.030991 0.052039
1060 0.851028 0.695734 0.026695 0.045007
1072 0.853176 0.746601 0.026695 0.049226
930 0.851642 0.799812 0.026082 0.050633
749 0.851488 0.849742 0.024547 0.045476
855 0.854250 0.903891 0.024547 0.044069
402 0.852716 0.947023 0.023934 0.030942
941 0.851795 0.980778 0.022093 0.033755
808 0.806536 0.092593 0.030991 0.051102
47 0.806689 0.146742 0.036207 0.053446
1067 0.805155 0.194562 0.023320 0.037506
91 0.806536 0.237928 0.019331 0.037975
245 0.808223 0.280591 0.032525 0.047351
722 0.808837 0.330286 0.041117 0.052039
402 0.804541 0.371074 0.027002 0.031411
641 0.806996 0.454759 0.031298 0.047820
836 0.806536 0.502110 0.030377 0.041256
22 0.809758 0.538912 0.035594 0.030474
1077 0.805308 0.577356 0.028536 0.035162
577 0.806536 0.619784 0.027309 0.035631
751 0.806382 0.657525 0.026388 0.028598
402 0.804388 0.706048 0.024854 0.050633
212 0.804081 0.752696 0.027309 0.044538
139 0.803928 0.804032 0.027002 0.052508
686 0.804081 0.853024 0.027923 0.045476
958 0.809911 0.899203 0.034673 0.046882
69 0.808223 0.943976 0.027002 0.042663
1032 0.809604 0.981716 0.026695 0.030942
507 0.760970 0.088608 0.026388 0.053446
749 0.763731 0.136662 0.034366 0.044538
404 0.760663 0.183544 0.024547 0.045476
930 0.760203 0.233943 0.021786 0.045007
97 0.763424 0.279419 0.024547 0.041256
641 0.763885 0.323722 0.024241 0.048289
1067 0.760816 0.372480 0.018104 0.037037
91 0.764038 0.408579 0.031298 0.047351
245 0.763731 0.460384 0.036207 0.047820
722 0.760049 0.499531 0.024547 0.031411
402 0.760509 0.532818 0.026082 0.038912
401 0.760816 0.577121 0.023627 0.058134
749 0.760203 0.631271 0.029150 0.047351
694 0.758515 0.678387 0.028230 0.040319
568 0.760203 0.720347 0.029764 0.044538
838 0.760356 0.762307 0.025161 0.042194
133 0.758975 0.808955 0.032832 0.044538
764 0.762504 0.853258 0.029457 0.042194
105 0.760970 0.900141 0.024547 0.044069
782 0.758668 0.940459 0.023013 0.037506
399 0.759742 0.979606 0.025161 0.036099
546 0.746241 0.183310 0.060755 0.042194
751 0.720620 0.089311 0.027309 0.045476
91 0.720927 0.135724 0.025468 0.040788
245 0.718779 0.183310 0.025468 0.032818
722 0.720160 0.229958 0.025161 0.045476
66 0.718472 0.281294 0.023627 0.039381
22 0.721080 0.320206 0.026388 0.031880
1077 0.681037 0.090483 0.031605 0.050633
673 0.677662 0.138537 0.025468 0.043601
402 0.678736 0.181435 0.020252 0.036568
490 0.678889 0.220347 0.018717 0.033755
5 0.679963 0.259025 0.027616 0.041725
652 0.682418 0.303797 0.033139 0.044069
1048 0.680884 0.347398 0.031298 0.043132
69 0.679810 0.389123 0.026695 0.040319
481 0.678736 0.466245 0.027616 0.037975
288 0.678276 0.501875 0.023627 0.030474
1041 0.677815 0.541491 0.031298 0.038444
906 0.678889 0.580169 0.026082 0.033286
995 0.678122 0.619550 0.029457 0.039850
402 0.678429 0.669011 0.027002 0.045945
513 0.679503 0.722457 0.030377 0.048758
105 0.675974 0.778481 0.027002 0.049226
143 0.674747 0.822316 0.023320 0.036568
436 0.677815 0.863807 0.031298 0.037975
567 0.678122 0.901547 0.020252 0.029067
22 0.677355 0.945851 0.026695 0.047351
351 0.679349 0.984998 0.022706 0.025316
474 0.639000 0.089780 0.025468 0.040788
66 0.638386 0.127754 0.022400 0.027661
673 0.638693 0.171824 0.029150 0.052977
69 0.637465 0.219175 0.025468 0.037037
751 0.637619 0.263479 0.023320 0.046882
1032 0.639307 0.310595 0.026695 0.041725
14 0.638386 0.357243 0.027923 0.046882
1 0.639920 0.403188 0.024854 0.040319
472 0.640074 0.443741 0.025775 0.039850
109 0.638693 0.491561 0.025468 0.042663
641 0.639767 0.537037 0.029457 0.040788
1077 0.639613 0.578762 0.025468 0.037975
69 0.642528 0.625410 0.028843 0.047820
602 0.640534 0.672058 0.027309 0.037975
778 0.637926 0.723394 0.023934 0.045007
651 0.638386 0.775902 0.022400 0.045945
1080 0.640994 0.832630 0.027002 0.047820
513 0.640687 0.879512 0.024547 0.037506
419 0.640994 0.918659 0.022093 0.033286
148 0.600338 0.091889 0.027309 0.047820
565 0.599570 0.150961 0.022093 0.047820
930 0.598957 0.204407 0.022093 0.045945
97 0.600184 0.247773 0.019638 0.035162
380 0.599417 0.292546 0.027309 0.040319
811 0.596655 0.344585 0.029150 0.052508
55 0.597269 0.390999 0.027309 0.043132
109 0.596349 0.428973 0.021786 0.030942
145 0.598036 0.468354 0.025775 0.041256
482 0.597423 0.520394 0.022093 0.046882
570 0.598650 0.565870 0.022706 0.036568
203 0.600644 0.605016 0.024854 0.026723
474 0.598343 0.643226 0.023934 0.044069
567 0.599724 0.734177 0.023627 0.041256
546 0.598343 0.780591 0.023934 0.036568
513 0.601258 0.827473 0.029150 0.047820
419 0.598650 0.876465 0.028843 0.045476
513 0.600491 0.917722 0.021479 0.034224
964 0.600031 0.953352 0.023013 0.034224
513 0.559834 0.093765 0.023013 0.051571
391 0.561062 0.148617 0.024241 0.052508
334 0.560295 0.197375 0.024547 0.044069
148 0.563516 0.239569 0.024854 0.039381
565 0.561675 0.279184 0.024854 0.039850
105 0.559221 0.330052 0.020558 0.042194
350 0.559988 0.381622 0.025161 0.050633
763 0.560295 0.431786 0.025161 0.046882
994 0.560295 0.475387 0.019024 0.036568
675 0.562596 0.522504 0.026082 0.045476
337 0.559067 0.575715 0.020865 0.039381
233 0.560295 0.620019 0.019638 0.046414
565 0.560141 0.672293 0.021172 0.045945
148 0.561062 0.727145 0.022400 0.045945
143 0.559527 0.780122 0.018104 0.045945
994 0.559834 0.799578 0.017490 0.028598
351 0.559067 0.889827 0.021479 0.039381
328 0.560141 0.934599 0.024854 0.044538
401 0.559374 0.980778 0.019638 0.032818
380 0.488493 0.096812 0.021479 0.042663
109 0.489414 0.150727 0.023320 0.052039
145 0.488340 0.205110 0.026695 0.045476
482 0.490028 0.254571 0.024547 0.045945
570 0.491408 0.305438 0.023627 0.044538
651 0.492329 0.380450 0.023627 0.035162
436 0.490488 0.417253 0.024854 0.035631
838 0.492943 0.470699 0.028536 0.054383
474 0.490948 0.521331 0.030071 0.045945
723 0.494477 0.608767 0.024854 0.036099
749 0.492789 0.653071 0.022706 0.042194
499 0.492789 0.698078 0.023320 0.039381
568 0.494170 0.744491 0.025468 0.043132
1067 0.493556 0.793483 0.022400 0.045476
91 0.493249 0.840131 0.019945 0.038444
245 0.494170 0.880450 0.027309 0.039381
722 0.492789 0.917722 0.021479 0.035162
963 0.494170 0.954759 0.018717 0.034224
69 0.496778 0.984998 0.022093 0.025316
577 0.447070 0.105954 0.030071 0.052508
380 0.445535 0.143460 0.023320 0.026254
41 0.446149 0.172761 0.025161 0.043601
173 0.451979 0.220347 0.033139 0.046882
270 0.446763 0.266292 0.025161 0.037506
995 0.450598 0.300750 0.027309 0.025785
778 0.450292 0.343647 0.030991 0.050633
673 0.448450 0.391233 0.024241 0.039850
567 0.453974 0.439991 0.027923 0.033286
652 0.451519 0.484294 0.027309 0.041256
69 0.450905 0.529770 0.026695 0.042194
215 0.449985 0.575949 0.023013 0.044538
995 0.451212 0.619784 0.024241 0.039381
941 0.451212 0.663150 0.024854 0.045476
105 0.452133 0.707923 0.025468 0.038444
350 0.455048 0.751289 0.031298 0.044538
109 0.453513 0.800985 0.022093 0.044538
145 0.453974 0.846460 0.027923 0.036099
482 0.452286 0.884669 0.019024 0.033755
570 0.453820 0.922410 0.024547 0.032349
474 0.454587 0.952649 0.025468 0.032818
105 0.456735 0.984060 0.018717 0.027192
143 0.407180 0.098218 0.025775 0.037975
723 0.408407 0.148617 0.030071 0.048758
441 0.408254 0.195265 0.030991 0.043601
270 0.411169 0.244257 0.036207 0.053446
778 0.407794 0.286451 0.025775 0.038444
577 0.409481 0.331224 0.023627 0.046414
995 0.409635 0.379044 0.026388 0.045476
421 0.409942 0.427567 0.025161 0.040319
173 0.414391 0.468120 0.028536 0.036099
270 0.411476 0.515940 0.023934 0.044538
941 0.412090 0.562822 0.027002 0.034224
651 0.411783 0.604079 0.029457 0.039850
550 0.412550 0.658697 0.023013 0.053446
148 0.414391 0.699250 0.022400 0.028598
723 0.417306 0.730895 0.029457 0.030942
69 0.413624 0.769573 0.020252 0.039850
411 0.415311 0.812002 0.020558 0.038444
778 0.415465 0.856306 0.033139 0.047351
514 0.413317 0.899672 0.022706 0.040319
602 0.415311 0.947726 0.026695 0.041725
109 0.360847 0.104079 0.030071 0.049695
808 0.361921 0.158462 0.023627 0.045945
730 0.363762 0.209564 0.020558 0.050633
1067 0.363608 0.261369 0.028230 0.045476
91 0.322031 0.104079 0.028536 0.047820
245 0.322031 0.147679 0.024854 0.043132
722 0.323105 0.188936 0.020865 0.040319
640 0.322185 0.231833 0.020252 0.036099
450 0.323872 0.269339 0.028536 0.039850
732 0.324639 0.312002 0.031912 0.043601
568 0.320957 0.356071 0.022093 0.039850
143 0.319883 0.409048 0.021786 0.046414
641 0.321264 0.453821 0.024547 0.045007
858 0.320497 0.492968 0.030991 0.034224
874 0.319883 0.530942 0.023627 0.040788
940 0.322645 0.622363 0.024854 0.037037
697 0.321878 0.665026 0.023320 0.038912
595 0.323259 0.703469 0.025468 0.035162
401 0.325253 0.747773 0.027616 0.040319
481 0.322952 0.791374 0.025468 0.039381
754 0.324179 0.833099 0.024854 0.034693
767 0.324793 0.872949 0.028536 0.042194
111 0.325253 0.912799 0.025161 0.040319
22 0.324639 0.953118 0.029457 0.038444
1077 0.324026 0.987576 0.020865 0.022035
393 0.278306 0.105954 0.025775 0.051571
497 0.281068 0.182841 0.031912 0.046882
874 0.282449 0.221519 0.030377 0.037037
22 0.281221 0.262541 0.028536 0.043132
105 0.279227 0.308720 0.025161 0.043601
142 0.278460 0.354196 0.024241 0.041725
22 0.280147 0.401078 0.023320 0.043601
796 0.281528 0.439991 0.022400 0.034224
631 0.283983 0.481950 0.030991 0.047820
22 0.283216 0.523207 0.031912 0.035631
393 0.280301 0.561650 0.026695 0.040319
602 0.281681 0.599859 0.030684 0.041725
421 0.281681 0.643226 0.025161 0.044069
481 0.281681 0.689405 0.023320 0.046414
1067 0.283216 0.734880 0.030071 0.044538
91 0.284443 0.773793 0.021479 0.037037
245 0.285824 0.811767 0.018717 0.032349
722 0.287358 0.846226 0.031605 0.038444
808 0.234428 0.109001 0.031298 0.049226
37 0.237343 0.151430 0.029764 0.038444
824 0.233967 0.197843 0.026082 0.046882
69 0.237189 0.246132 0.028843 0.045007
1041 0.232740 0.294421 0.024854 0.047820
906 0.233661 0.333099 0.023627 0.027661
513 0.231052 0.374355 0.034980 0.047351
546 0.231820 0.418659 0.029150 0.039381
513 0.232894 0.463197 0.029457 0.049695
652 0.235195 0.506095 0.030377 0.039850
22 0.234581 0.549461 0.027309 0.045007
344 0.239951 0.593765 0.033753 0.045476
845 0.239030 0.641585 0.031298 0.051102
474 0.237650 0.689873 0.024854 0.040788
1018 0.239184 0.730661 0.023627 0.035162
602 0.239030 0.774262 0.027616 0.045476
481 0.239951 0.815518 0.024547 0.037975
1067 0.240104 0.857243 0.027309 0.041725
91 0.239337 0.897797 0.021479 0.040319
245 0.239491 0.938584 0.019945 0.031880
722 0.242559 0.977496 0.026082 0.032818
697 0.189936 0.109939 0.040503 0.052039
7 0.192851 0.160103 0.032218 0.051102
161 0.190089 0.206048 0.026695 0.038912
436 0.188708 0.254805 0.030071 0.048289
474 0.191623 0.304970 0.029764 0.035162
995 0.189629 0.351383 0.027002 0.044538
1041 0.190242 0.399906 0.027002 0.045007
906 0.189322 0.451008 0.025161 0.045945
109 0.191777 0.497656 0.023320 0.029536
1032 0.191316 0.533052 0.024241 0.038444
1072 0.191930 0.573840 0.027309 0.041256
855 0.193771 0.622128 0.027309 0.048758
402 0.193004 0.671824 0.022706 0.045007
941 0.193157 0.709095 0.026082 0.029536
838 0.193618 0.741210 0.023934 0.035631
393 0.194385 0.787389 0.024241 0.043601
727 0.197300 0.836146 0.031298 0.046414
408 0.195766 0.883497 0.022706 0.037975
419 0.195919 0.925223 0.020558 0.040788
506 0.196533 0.967651 0.021172 0.036568
1067 0.197453 0.979841 0.020558 0.031880
91 0.140227 0.108298 0.027616 0.049695
450 0.141454 0.154477 0.024547 0.039850
148 0.141608 0.193624 0.025468 0.044069
1032 0.143142 0.237928 0.024241 0.038912
567 0.144216 0.280591 0.026388 0.045476
647 0.145904 0.329583 0.030377 0.049695
351 0.145597 0.382794 0.024854 0.043601
105 0.148205 0.428270 0.027616 0.044538
143 0.147898 0.528364 0.024547 0.045007
344 0.150199 0.579466 0.025468 0.044069
1069 0.148358 0.629395 0.023013 0.045476
1060 0.148052 0.675340 0.026082 0.037975
1072 0.149739 0.724098 0.027002 0.046414
1067 0.144983 0.770042 0.023627 0.037037
91 0.146364 0.813174 0.019024 0.040788
245 0.146824 0.857478 0.026082 0.040319
722 0.149125 0.899203 0.032525 0.042194
930 0.146671 0.942804 0.022093 0.045945
981 0.147438 0.985701 0.021172 0.026723