751 0.847039 0.078059 0.024854 0.035162
956 0.846425 0.118612 0.023627 0.042194
829 0.846579 0.192218 0.025775 0.039381
1077 0.846732 0.262307 0.024241 0.037037
274 0.849494 0.306845 0.023013 0.043601
1077 0.848880 0.351852 0.026695 0.043601
778 0.849494 0.395218 0.029150 0.045007
143 0.848727 0.442569 0.025775 0.046882
421 0.851028 0.483357 0.021786 0.042194
504 0.852869 0.528129 0.026082 0.048289
325 0.853329 0.577590 0.025161 0.043132
808 0.856091 0.662213 0.024547 0.041725
867 0.856705 0.706985 0.022093 0.040319
1067 0.798711 0.090248 0.028843 0.048289
91 0.801013 0.250117 0.032832 0.038912
245 0.804541 0.289733 0.034366 0.041256
722 0.803467 0.331224 0.027309 0.039850
1080 0.804081 0.374824 0.030991 0.042663
829 0.803314 0.419831 0.026388 0.038912
1077 0.804695 0.493436 0.024854 0.036099
577 0.803774 0.534693 0.028536 0.040788
261 0.806075 0.579934 0.024547 0.042194
765 0.807917 0.630333 0.033753 0.041725
421 0.806689 0.674168 0.022093 0.048758
481 0.806382 0.726442 0.022706 0.046414
391 0.806996 0.772855 0.027002 0.044538
328 0.806843 0.812236 0.019945 0.036099
829 0.808223 0.849977 0.018411 0.038444
391 0.810678 0.887717 0.028230 0.037975
778 0.752071 0.089545 0.025775 0.042194
105 0.751764 0.181435 0.026388 0.035631
811 0.752378 0.222925 0.021479 0.037975
1067 0.752838 0.258556 0.024241 0.038912
91 0.753452 0.338725 0.022400 0.037975
450 0.753452 0.390061 0.026695 0.050633
1 0.758822 0.440928 0.036207 0.040788
474 0.756981 0.484998 0.028230 0.041725
811 0.760356 0.530474 0.031298 0.041725
1067 0.757594 0.572668 0.022706 0.043601
91 0.757594 0.618847 0.025775 0.041256
450 0.757441 0.659869 0.027923 0.040788
770 0.758055 0.706751 0.026695 0.039850
971 0.760509 0.758322 0.025468 0.045476
436 0.760509 0.806845 0.023627 0.046882
513 0.761737 0.850680 0.024854 0.040788
93 0.760509 0.894280 0.026082 0.034224
1038 0.762350 0.926395 0.021172 0.030942
474 0.711108 0.089545 0.025468 0.045945
226 0.710494 0.135256 0.023013 0.037975
602 0.709573 0.182607 0.022400 0.043601
140 0.709880 0.229958 0.023627 0.041725
743 0.712642 0.281997 0.032832 0.050164
411 0.711108 0.328645 0.029150 0.045945
1080 0.713102 0.377403 0.028230 0.040319
829 0.711568 0.421707 0.021479 0.047351
993 0.712182 0.466714 0.025161 0.044538
0 0.714023 0.556728 0.020865 0.037975
186 0.715864 0.602438 0.024547 0.047820
69 0.716171 0.653305 0.023934 0.041725
380 0.712795 0.705110 0.027002 0.042194
995 0.718472 0.756212 0.033446 0.051571
835 0.716017 0.802860 0.025468 0.038912
1077 0.719699 0.851383 0.023013 0.045007
107 0.719853 0.898265 0.023320 0.044069
474 0.719239 0.943507 0.022093 0.037975
105 0.668150 0.193390 0.025468 0.045476
811 0.669377 0.237928 0.019945 0.034224
1067 0.670144 0.274965 0.017797 0.034224
91 0.670298 0.315518 0.021786 0.042194
450 0.670144 0.370370 0.020252 0.046882
346 0.670911 0.415143 0.021786 0.038912
874 0.672139 0.464604 0.028536 0.045945
22 0.672446 0.515471 0.020558 0.042663
602 0.674440 0.561181 0.027002 0.045007
577 0.674593 0.606657 0.026695 0.040319
140 0.677048 0.651899 0.025468 0.043601
743 0.677202 0.690577 0.021479 0.031880
411 0.676128 0.730895 0.017490 0.035631
934 0.674900 0.772621 0.023627 0.044069
148 0.678122 0.823957 0.034366 0.052039
401 0.677662 0.872714 0.021786 0.040788
481 0.677355 0.916549 0.026082 0.039381
1067 0.674440 0.965541 0.023320 0.042663
91 0.630562 0.377168 0.027002 0.045476
245 0.633170 0.428739 0.028536 0.043601
722 0.633630 0.479137 0.025161 0.039381
1048 0.632249 0.528364 0.026082 0.042194
592 0.632863 0.575715 0.022400 0.044069
391 0.632249 0.628223 0.025468 0.048758
334 0.632709 0.672058 0.020252 0.034224
546 0.635778 0.717534 0.023934 0.046414
751 0.639460 0.763713 0.026388 0.040319
1063 0.639460 0.801922 0.022093 0.024848
1004 0.639767 0.841772 0.023934 0.038912
808 0.640534 0.891233 0.022400 0.041256
867 0.591132 0.244726 0.023013 0.041256
706 0.589751 0.289264 0.019638 0.030942
855 0.590365 0.327707 0.015342 0.035631
1067 0.590979 0.417722 0.033139 0.045945
91 0.591439 0.467886 0.024241 0.045007
749 0.593434 0.511486 0.022706 0.035631
854 0.596502 0.595171 0.020865 0.034224
404 0.597729 0.681669 0.025775 0.038444
507 0.598036 0.728083 0.022706 0.040319
1031 0.600644 0.774027 0.027309 0.042194
778 0.599877 0.819737 0.020252 0.043601
133 0.601258 0.862166 0.021172 0.034693
775 0.551243 0.117909 0.029150 0.037975
436 0.551550 0.139475 0.027309 0.083919
507 0.551856 0.162916 0.028536 0.037037
450 0.550782 0.204407 0.021479 0.043132
855 0.550936 0.250820 0.022400 0.042194
474 0.556459 0.297468 0.029764 0.041725
343 0.552777 0.342475 0.026695 0.040788
143 0.553544 0.387248 0.020252 0.042194
344 0.554771 0.429677 0.023934 0.032349
281 0.558147 0.502110 0.020865 0.028129
401 0.517797 0.187764 0.018104 0.039850
981 0.518717 0.235115 0.016876 0.026723
58 0.520252 0.265120 0.018104 0.030474
674 0.520865 0.300516 0.016263 0.041256
809 0.521786 0.385607 0.014422 0.037975
0 0.522246 0.436006 0.017797 0.045007
290 0.522706 0.473746 0.017490 0.024848
401 0.523934 0.506798 0.016876 0.038444
1060 0.523780 0.549226 0.017797 0.038912
1072 0.526388 0.600563 0.018104 0.040319
778 0.525928 0.637834 0.017183 0.029536
152 0.528076 0.678856 0.021479 0.039381
941 0.528843 0.716128 0.018104 0.030474
281 0.528536 0.754102 0.016263 0.037975
401 0.471924 0.221050 0.013501 0.031411
1072 0.471617 0.259025 0.011660 0.025785
404 0.472077 0.273090 0.011353 0.033286
930 0.471617 0.313877 0.011660 0.031411
401 0.471924 0.353258 0.013501 0.037975
516 0.471310 0.442100 0.019638 0.033755
1031 0.469776 0.477965 0.017797 0.035162
380 0.470083 0.516409 0.017183 0.042663
415 0.467782 0.563057 0.021786 0.040319
612 0.469009 0.601969 0.018717 0.035631
178 0.467628 0.645570 0.019638 0.041256
903 0.465940 0.690577 0.018104 0.040319
178 0.463639 0.732536 0.019024 0.041725
404 0.462258 0.810361 0.017490 0.041725
290 0.438018 0.395452 0.020558 0.036099
401 0.437864 0.443038 0.025161 0.045945
1072 0.434182 0.498828 0.023320 0.050633
1077 0.433415 0.547351 0.021172 0.042663
243 0.434029 0.593765 0.020558 0.042663
1067 0.431421 0.633146 0.019638 0.037975
91 0.431728 0.682138 0.025161 0.044069
245 0.429580 0.719409 0.022093 0.035162
722 0.429273 0.762072 0.022706 0.044538
401 0.399969 0.257618 0.024854 0.052977
540 0.399202 0.305673 0.022706 0.037506
507 0.400276 0.350211 0.021786 0.045007
749 0.397054 0.399906 0.023934 0.045945
404 0.397668 0.452883 0.022093 0.048758
281 0.395060 0.500469 0.023013 0.041725
401 0.395674 0.534224 0.019945 0.031411
1060 0.397208 0.561885 0.027309 0.037975
1072 0.393832 0.611111 0.021786 0.041725
930 0.394753 0.651899 0.026082 0.038912
380 0.393372 0.684248 0.023320 0.022035
402 0.392605 0.715659 0.028536 0.045476
442 0.391224 0.764182 0.020865 0.038444
595 0.390457 0.811064 0.021786 0.038444
290 0.360387 0.276840 0.025468 0.048289
401 0.359313 0.327942 0.019024 0.035162
109 0.360080 0.369198 0.015649 0.036099
1072 0.359926 0.411392 0.024547 0.044538
855 0.362381 0.459212 0.033139 0.048289
595 0.356705 0.503047 0.026695 0.041256
928 0.355784 0.552508 0.023627 0.052977
419 0.356551 0.602203 0.031298 0.043601
69 0.354403 0.648617 0.022093 0.051102
602 0.351948 0.804501 0.021479 0.042194
778 0.351488 0.890530 0.022400 0.046414
1072 0.339521 0.509142 0.063516 0.043132
148 0.321878 0.097515 0.026388 0.040319
1043 0.321724 0.141819 0.021786 0.037037
419 0.321418 0.161744 0.026695 0.057196
1067 0.321724 0.181435 0.027923 0.035631
91 0.321264 0.225973 0.023320 0.044069
450 0.320957 0.268636 0.021479 0.037506
315 0.320804 0.314815 0.023627 0.045476
507 0.318963 0.364744 0.019331 0.047820
647 0.319423 0.414674 0.023934 0.041725
1067 0.318656 0.463432 0.024241 0.043601
143 0.317582 0.516409 0.023320 0.043601
380 0.318503 0.562119 0.027616 0.041256
281 0.316201 0.605954 0.022400 0.042663
401 0.316968 0.647914 0.022706 0.043132
706 0.314053 0.693858 0.024241 0.045945
234 0.312366 0.739334 0.019024 0.039381
674 0.312979 0.881857 0.030071 0.041256
637 0.287818 0.099156 0.028843 0.045476
957 0.284443 0.148851 0.022093 0.045476
991 0.281988 0.191045 0.020252 0.029536
531 0.281528 0.204876 0.021786 0.044069
401 0.283062 0.261838 0.024854 0.052039
442 0.238877 0.192218 0.028536 0.059072
1067 0.238570 0.245663 0.023013 0.042194
91 0.236882 0.345523 0.025775 0.056259
245 0.235962 0.400375 0.023934 0.045945
722 0.233814 0.456165 0.020865 0.040319
830 0.232894 0.501406 0.023320 0.047351
641 0.229058 0.611580 0.026082 0.052039
595 0.229365 0.654946 0.023627 0.033755
143 0.229211 0.739803 0.018411 0.039381
288 0.228598 0.779419 0.017797 0.035162
994 0.228905 0.817159 0.033753 0.044069
513 0.229518 0.864510 0.036821 0.047820
401 0.191010 0.094233 0.026082 0.047820
592 0.187634 0.142991 0.026695 0.043132
391 0.186100 0.230895 0.030991 0.051102
334 0.185486 0.279887 0.025468 0.043132
751 0.184719 0.324895 0.022706 0.045007
288 0.185026 0.422879 0.028230 0.051571
401 0.185026 0.475387 0.025775 0.040319
402 0.183645 0.515471 0.025468 0.034224
442 0.183799 0.554618 0.023934 0.042194
1048 0.184566 0.592124 0.025468 0.034693
474 0.184719 0.631974 0.028843 0.039381
1060 0.185486 0.683310 0.026082 0.052039
1072 0.183338 0.739334 0.027309 0.048758
1067 0.184719 0.787154 0.027002 0.040319
91 0.185026 0.830286 0.027002 0.045007
450 0.182571 0.876231 0.020252 0.040319
130 0.180270 0.924285 0.016263 0.037037
148 0.180423 0.967417 0.023934 0.040788
1047 0.144983 0.090248 0.024854 0.039850
930 0.145750 0.134083 0.022093 0.045945
905 0.145904 0.186826 0.024854 0.051102
431 0.144063 0.241678 0.029764 0.050164
958 0.142222 0.290436 0.024854 0.047351
1032 0.142682 0.339428 0.025161 0.045007
507 0.141761 0.388420 0.027002 0.049226
749 0.141915 0.445617 0.023627 0.053915
404 0.144063 0.499766 0.029150 0.046882
944 0.143602 0.555556 0.025775 0.048758
964 0.144216 0.606423 0.025775 0.048289
148 0.141608 0.651899 0.022400 0.039850
944 0.140534 0.696437 0.029457 0.039850
391 0.140687 0.749180 0.031605 0.053446
334 0.137926 0.803563 0.028536 0.049695