474 0.898589 0.155415 0.032218 0.035162
380 0.899049 0.180263 0.033753 0.036099
1077 0.898589 0.269339 0.031605 0.045476
791 0.901504 0.315284 0.034980 0.041725
481 0.900123 0.353962 0.033446 0.037506
554 0.898128 0.395452 0.022706 0.032349
995 0.898282 0.427567 0.019331 0.035631
402 0.897975 0.473511 0.023627 0.045945
941 0.898282 0.521566 0.025468 0.048289
778 0.895827 0.609470 0.023013 0.038444
142 0.897975 0.659869 0.023627 0.049226
436 0.897668 0.719644 0.030991 0.062822
589 0.898128 0.780591 0.034366 0.049695
450 0.901043 0.830520 0.035287 0.043601
345 0.900583 0.960619 0.021479 0.025316
579 0.899969 0.988514 0.020865 0.022035
474 0.849187 0.105954 0.030377 0.053446
1060 0.850414 0.150727 0.026082 0.035162
1072 0.851642 0.192452 0.027309 0.037037
380 0.849187 0.233708 0.028536 0.036099
515 0.849801 0.275434 0.023013 0.037975
481 0.850875 0.316456 0.023934 0.037506
299 0.851181 0.357243 0.030071 0.043132
443 0.854403 0.398500 0.030377 0.040319
401 0.854863 0.438819 0.033139 0.036568
1067 0.850721 0.484294 0.027923 0.047820
91 0.856551 0.532114 0.036514 0.045945
450 0.851948 0.578762 0.031605 0.052977
211 0.850107 0.627286 0.026695 0.045007
995 0.853176 0.673230 0.034673 0.045007
143 0.851028 0.731364 0.030377 0.055321
315 0.850721 0.781060 0.026695 0.049695
507 0.851335 0.823488 0.026695 0.034224
171 0.855477 0.868964 0.037435 0.045476
836 0.849494 0.914674 0.026082 0.043132
450 0.849801 0.963666 0.029764 0.049226
207 0.808070 0.106423 0.042037 0.058134
1038 0.803928 0.161041 0.027002 0.044538
474 0.803467 0.204641 0.026082 0.033286
105 0.804081 0.245898 0.024241 0.040788
345 0.805922 0.287154 0.029150 0.038912
579 0.803928 0.327942 0.024547 0.042663
778 0.806689 0.372246 0.028230 0.047820
402 0.806996 0.423582 0.023934 0.046414
710 0.805462 0.466479 0.036207 0.038444
129 0.808684 0.519925 0.037128 0.054383
880 0.802854 0.566807 0.029764 0.044069
129 0.808223 0.616971 0.034366 0.055321
651 0.803774 0.668776 0.030991 0.041725
218 0.803928 0.714955 0.027002 0.045945
325 0.806689 0.760431 0.034980 0.044069
419 0.807917 0.806845 0.032525 0.045945
325 0.808837 0.836381 0.029457 0.032818
747 0.809144 0.855368 0.026388 0.053915
115 0.810064 0.870839 0.029457 0.032349
218 0.812366 0.902719 0.032832 0.027661
952 0.808223 0.946085 0.030684 0.045007
952 0.809758 0.983357 0.030071 0.030474
402 0.783676 0.325363 0.066278 0.041256
65 0.763424 0.100797 0.029457 0.051571
513 0.761430 0.197609 0.021172 0.039850
210 0.761890 0.240975 0.022706 0.048758
746 0.763424 0.282466 0.025161 0.034224
930 0.763885 0.319972 0.026082 0.038912
91 0.765419 0.362166 0.028536 0.034224
475 0.765726 0.403657 0.025468 0.044069
1046 0.766033 0.444679 0.029764 0.033286
148 0.765419 0.483357 0.027309 0.038444
62 0.765726 0.525316 0.028536 0.040788
1018 0.764652 0.572433 0.028843 0.050633
211 0.763731 0.621425 0.022706 0.042663
129 0.764959 0.669480 0.022093 0.051571
995 0.767260 0.720816 0.025468 0.037975
982 0.765265 0.763244 0.022706 0.042194
766 0.766186 0.806142 0.028230 0.033286
749 0.766953 0.850680 0.029764 0.029536
270 0.764498 0.886545 0.023013 0.033755
778 0.767260 0.931552 0.028536 0.044069
62 0.768027 0.977262 0.026388 0.039850
742 0.738110 0.152133 0.069653 0.046414
777 0.719699 0.105251 0.027309 0.042663
928 0.719853 0.150961 0.030071 0.046882
129 0.719086 0.190577 0.023013 0.030474
308 0.718625 0.236990 0.027002 0.048289
1046 0.719239 0.275902 0.025775 0.028598
689 0.718319 0.314112 0.027002 0.038444
62 0.720313 0.360525 0.025468 0.049695
474 0.719546 0.415377 0.032525 0.053446
115 0.718472 0.468589 0.030991 0.049226
344 0.717705 0.515940 0.026388 0.039850
791 0.717091 0.562588 0.027002 0.036568
1061 0.722307 0.609001 0.028230 0.044069
474 0.721540 0.658228 0.021786 0.049695
506 0.722001 0.705813 0.033753 0.039850
749 0.722307 0.753868 0.030071 0.052508
836 0.724149 0.810595 0.025161 0.038444
857 0.723842 0.905767 0.027002 0.049695
308 0.722001 0.951711 0.025775 0.040319
1060 0.725376 0.987576 0.022706 0.024848
1072 0.674593 0.110408 0.025468 0.050164
105 0.675361 0.160572 0.030684 0.045476
651 0.674287 0.213080 0.024241 0.052039
1014 0.676741 0.254102 0.030991 0.030005
930 0.673673 0.295827 0.028536 0.047820
749 0.678582 0.344351 0.035287 0.044538
1077 0.676128 0.393343 0.029150 0.048758
513 0.673980 0.447492 0.024241 0.046414
1060 0.677355 0.484998 0.028536 0.027661
1072 0.678122 0.502110 0.025775 0.052508
930 0.677508 0.520628 0.025775 0.034224
62 0.677048 0.560478 0.021786 0.037037
1018 0.676588 0.595874 0.020865 0.032818
786 0.676588 0.637600 0.020865 0.042194
1046 0.676741 0.684013 0.023013 0.043132
931 0.677202 0.725738 0.022706 0.039381
40 0.677202 0.766526 0.020865 0.035631
359 0.676588 0.804501 0.023320 0.042194
829 0.677508 0.847398 0.027002 0.042663
419 0.676895 0.890764 0.020865 0.037506
474 0.680730 0.935302 0.021172 0.037506
105 0.681191 0.977028 0.020865 0.036568
506 0.632249 0.102438 0.026082 0.042663
498 0.633323 0.152133 0.026388 0.043601
778 0.633477 0.197609 0.029150 0.043601
539 0.633937 0.244726 0.031298 0.044069
69 0.633937 0.291374 0.030684 0.048289
411 0.635931 0.336615 0.029764 0.042194
308 0.637926 0.383497 0.032525 0.044069
357 0.635471 0.421238 0.030071 0.037037
420 0.634244 0.460619 0.026388 0.042663
148 0.637465 0.503047 0.034673 0.042194
376 0.636085 0.544538 0.022706 0.040788
69 0.633477 0.588373 0.030991 0.043132
1032 0.635778 0.628926 0.027616 0.036099
513 0.635624 0.673230 0.025468 0.047820
319 0.636392 0.711205 0.023934 0.030005
229 0.637312 0.744491 0.022093 0.033755
673 0.638693 0.778715 0.024241 0.029067
706 0.639460 0.810830 0.022093 0.033286
62 0.640380 0.855837 0.026388 0.048289
100 0.643142 0.902250 0.028230 0.039850
963 0.590058 0.149086 0.027002 0.041256
69 0.592053 0.191983 0.029764 0.031411
129 0.589905 0.233240 0.025468 0.040788
129 0.591593 0.307314 0.025775 0.042663
589 0.592360 0.389592 0.027923 0.030005
109 0.596195 0.421238 0.033139 0.033286
1072 0.595275 0.461791 0.028843 0.039381
62 0.595121 0.508204 0.027923 0.045007
474 0.596349 0.553446 0.026082 0.037975
62 0.594354 0.592124 0.020865 0.037506
105 0.596195 0.627051 0.023320 0.026723
472 0.599264 0.662682 0.028843 0.040788
147 0.598343 0.697140 0.026388 0.027192
270 0.595275 0.737459 0.022093 0.040319
129 0.597269 0.778481 0.020558 0.040788
1016 0.597883 0.819737 0.026695 0.028598
129 0.595735 0.864744 0.024241 0.046414
105 0.597269 0.902485 0.024854 0.026254
402 0.550476 0.206751 0.022706 0.034693
69 0.550782 0.246835 0.020252 0.041725
62 0.552317 0.291608 0.024547 0.037506
602 0.552317 0.338725 0.020865 0.044538
775 0.552163 0.388889 0.020558 0.040788
62 0.552317 0.423816 0.020252 0.024379
513 0.555078 0.457806 0.025775 0.039850
402 0.554771 0.497421 0.020252 0.029067
69 0.559527 0.531411 0.030377 0.031411
129 0.556459 0.571964 0.019945 0.039381
602 0.559374 0.658931 0.028230 0.033286
775 0.560295 0.697843 0.030071 0.038912
474 0.558454 0.751289 0.027002 0.051102
115 0.560755 0.799109 0.029150 0.041725
436 0.558760 0.838725 0.020865 0.033755
1072 0.559221 0.876934 0.022400 0.033286
595 0.561982 0.962025 0.024854 0.034693
402 0.463025 0.116034 0.030071 0.048289
584 0.462719 0.159165 0.025161 0.037037
402 0.464713 0.199015 0.028536 0.037975
65 0.465787 0.239569 0.022706 0.036568
115 0.464867 0.279653 0.023934 0.037975
530 0.465173 0.317628 0.019638 0.034224
401 0.466094 0.356540 0.020252 0.037975
218 0.464867 0.397093 0.023934 0.039381
344 0.463025 0.435068 0.026388 0.036568
845 0.464713 0.471402 0.024854 0.036099
109 0.465327 0.514534 0.026082 0.042663
145 0.465327 0.556728 0.023013 0.042663
482 0.465173 0.593999 0.022093 0.031880
602 0.467168 0.625645 0.029764 0.037037
921 0.466708 0.669480 0.020865 0.042194
474 0.467014 0.710502 0.030071 0.040788
781 0.464099 0.758087 0.023627 0.043132
109 0.463946 0.806142 0.023934 0.044538
1004 0.464560 0.851149 0.024547 0.040788
148 0.461645 0.894280 0.020558 0.040788
651 0.462105 0.982419 0.018411 0.019222
264 0.425898 0.116503 0.023934 0.047351
481 0.427125 0.157993 0.022706 0.033755
631 0.428045 0.203938 0.018411 0.045945
264 0.426971 0.253868 0.021172 0.043601
411 0.424517 0.292311 0.029150 0.032349
401 0.426665 0.324895 0.028536 0.031880
218 0.426511 0.365917 0.023934 0.041725
1031 0.424517 0.408579 0.026695 0.036099
69 0.426665 0.448195 0.029150 0.040319
1032 0.426665 0.490858 0.021786 0.045945
1072 0.425744 0.537975 0.019945 0.045476
351 0.428199 0.579700 0.029150 0.041725
55 0.426665 0.625645 0.027309 0.044538
244 0.426818 0.665260 0.020252 0.030942
419 0.425437 0.702766 0.023013 0.036568
673 0.425898 0.749883 0.025775 0.048289
749 0.426358 0.797703 0.023627 0.041725
924 0.424824 0.837084 0.022400 0.035162
799 0.424670 0.876699 0.022093 0.037506
778 0.423136 0.912799 0.022093 0.030005
609 0.426204 0.954290 0.027616 0.043601
497 0.391224 0.115799 0.022093 0.050633
749 0.390150 0.169245 0.026082 0.040319
924 0.389690 0.216831 0.026388 0.040788
836 0.387542 0.259962 0.022706 0.039850
450 0.390917 0.307548 0.029457 0.036568
109 0.390304 0.354899 0.028230 0.045007
145 0.388309 0.408345 0.025468 0.053446
482 0.390457 0.458509 0.021786 0.041256
570 0.388923 0.497656 0.021172 0.037975
450 0.392298 0.538444 0.031605 0.040788
981 0.389997 0.582982 0.028230 0.042663
1080 0.390764 0.629630 0.027309 0.032818
610 0.387389 0.673699 0.026082 0.045007
942 0.390611 0.721988 0.025775 0.034693
943 0.389076 0.775902 0.023934 0.052508
925 0.388002 0.822316 0.027309 0.042194
517 0.387696 0.867557 0.021786 0.046414
148 0.387542 0.912564 0.023320 0.038912
1060 0.389230 0.964838 0.028536 0.040319
1072 0.348420 0.106892 0.022400 0.036568
62 0.347499 0.145804 0.024854 0.039381
1018 0.346118 0.187060 0.024547 0.034693
689 0.349187 0.229958 0.023934 0.041725
178 0.306382 0.165495 0.023627 0.053446
855 0.305308 0.219175 0.025161 0.043601
158 0.305462 0.269105 0.030377 0.047820
764 0.306229 0.313174 0.024547 0.030942
317 0.305002 0.348805 0.026388 0.034693
161 0.306996 0.400141 0.030377 0.054852
105 0.306536 0.448429 0.031912 0.043601
1032 0.268641 0.109470 0.030377 0.037975
450 0.266800 0.162447 0.025468 0.046414
539 0.266646 0.209798 0.021479 0.036099
845 0.265879 0.248008 0.019945 0.037506
109 0.266953 0.289967 0.026388 0.043601
145 0.266800 0.338959 0.021172 0.045007
482 0.266646 0.384904 0.023320 0.040319
570 0.267260 0.428504 0.033753 0.043132
434 0.267720 0.470699 0.023627 0.039381
1072 0.268334 0.516878 0.026695 0.042663
1067 0.267106 0.561650 0.022400 0.042194
91 0.265879 0.602203 0.019331 0.036099
450 0.266953 0.649320 0.022093 0.049695
143 0.266953 0.695499 0.023934 0.035162
641 0.268027 0.741210 0.026082 0.041256
934 0.266493 0.780825 0.023627 0.030474
148 0.266800 0.819034 0.023013 0.034693
322 0.265879 0.859822 0.019945 0.032818
143 0.268641 0.902250 0.028536 0.040788
941 0.266646 0.939522 0.025161 0.030942
880 0.266953 0.973980 0.022093 0.037037
24 0.223842 0.116971 0.029764 0.051102
262 0.221694 0.168073 0.026695 0.040788
1046 0.221080 0.208626 0.023013 0.036568
109 0.222154 0.250352 0.024547 0.045007
706 0.222154 0.293249 0.019638 0.033286
58 0.225376 0.328880 0.032218 0.037975
879 0.227064 0.374590 0.035594 0.045007
595 0.224455 0.419831 0.026082 0.040788
401 0.226296 0.467417 0.032218 0.051571
1067 0.224609 0.515471 0.023320 0.040788
91 0.223995 0.555087 0.021479 0.032818
245 0.224916 0.590483 0.028230 0.042663
722 0.224916 0.635724 0.024547 0.046882
129 0.224762 0.675105 0.025468 0.031880
796 0.225836 0.707689 0.027002 0.025785
1067 0.223688 0.746132 0.023934 0.041725
91 0.225069 0.785982 0.026695 0.032349
450 0.223381 0.827239 0.028230 0.045476
880 0.224609 0.874355 0.024547 0.038444
577 0.226910 0.912330 0.026082 0.039381
380 0.225990 0.952883 0.026082 0.037975
395 0.227831 0.983826 0.026695 0.029536
1046 0.179196 0.109939 0.025161 0.045476
871 0.179503 0.152133 0.024547 0.034224
794 0.179349 0.189873 0.021786 0.025316
769 0.179196 0.226910 0.023934 0.036568
69 0.179656 0.269105 0.026695 0.035631
743 0.181344 0.314815 0.021479 0.048289
880 0.181037 0.356071 0.023320 0.031411
401 0.185640 0.400141 0.031298 0.042663
493 0.183185 0.446085 0.022706 0.041725
612 0.183032 0.492499 0.023627 0.044538
158 0.184566 0.540788 0.026695 0.044538
880 0.184259 0.581341 0.024241 0.037506
401 0.185026 0.612283 0.022706 0.026254
380 0.183799 0.657056 0.034980 0.051102
902 0.183799 0.696203 0.026388 0.030005
884 0.183338 0.713080 0.029150 0.041256
1046 0.183799 0.726207 0.027002 0.030942
148 0.180884 0.762307 0.027923 0.036568
322 0.181651 0.785982 0.026388 0.081106
727 0.183032 0.803797 0.024854 0.038912
880 0.182418 0.842007 0.022400 0.035631
401 0.184412 0.880684 0.027002 0.033286
380 0.184719 0.914674 0.024547 0.031880
356 0.186714 0.945148 0.024854 0.022504
362 0.185947 0.978434 0.020252 0.037506
766 0.136392 0.111814 0.025468 0.039850
507 0.136238 0.151430 0.021479 0.033755
749 0.136852 0.188467 0.030071 0.036568
474 0.135778 0.227614 0.023627 0.041725
1046 0.135011 0.270511 0.025775 0.044069
148 0.135624 0.307782 0.027616 0.030474
91 0.135471 0.343413 0.024241 0.036099
450 0.138079 0.383497 0.019024 0.035631
1038 0.136238 0.425926 0.030684 0.044538
930 0.138539 0.470230 0.027309 0.043132
941 0.139920 0.513361 0.025775 0.045945
880 0.140534 0.553446 0.022093 0.033286
164 0.141454 0.597281 0.025161 0.042194
148 0.144983 0.639006 0.027923 0.039381
91 0.141608 0.681669 0.019945 0.038444
701 0.142835 0.721753 0.022400 0.034224
680 0.141761 0.772386 0.025775 0.054852
934 0.140534 0.882091 0.029457 0.045476
148 0.140227 0.932021 0.022093 0.043132
126 0.138539 0.976090 0.026082 0.040319