1067 0.827094 0.085326 0.032832 0.052508
91 0.826020 0.173933 0.031912 0.043132
857 0.828935 0.216831 0.033446 0.043601
69 0.828015 0.262775 0.034673 0.045476
880 0.830009 0.350445 0.030684 0.046414
436 0.831543 0.395218 0.031298 0.043132
838 0.832004 0.437412 0.033446 0.044069
360 0.830930 0.484060 0.036207 0.047351
880 0.833998 0.528833 0.033753 0.042194
195 0.834458 0.574074 0.032832 0.046414
69 0.833538 0.622128 0.028536 0.039381
1067 0.834458 0.665260 0.034673 0.044069
91 0.832004 0.712611 0.034673 0.045945
857 0.833845 0.799812 0.031605 0.048758
474 0.832157 0.844585 0.033139 0.036099
811 0.837373 0.886310 0.034366 0.045476
796 0.782602 0.083451 0.026695 0.044069
589 0.784136 0.133615 0.029150 0.047820
450 0.783983 0.234880 0.030071 0.052508
1067 0.783829 0.293249 0.029764 0.059541
91 0.783983 0.353962 0.034366 0.050633
857 0.786284 0.407407 0.029764 0.050633
211 0.788585 0.452180 0.030684 0.034224
775 0.788432 0.494843 0.030377 0.046414
340 0.788279 0.536568 0.030071 0.032349
234 0.785517 0.578059 0.032525 0.046882
682 0.787205 0.624473 0.022400 0.042194
236 0.784290 0.678856 0.029457 0.055321
115 0.789659 0.773090 0.029150 0.042194
270 0.791194 0.816925 0.030991 0.040788
880 0.790733 0.860759 0.028230 0.044069
109 0.791347 0.906939 0.031298 0.039850
356 0.737036 0.182607 0.031912 0.043601
109 0.737650 0.227379 0.028230 0.043132
614 0.740565 0.273793 0.027309 0.049695
69 0.741332 0.319737 0.031912 0.041256
1032 0.744554 0.360291 0.028536 0.040788
972 0.744707 0.403188 0.026388 0.045007
1034 0.744093 0.447023 0.030071 0.045476
1067 0.744093 0.487107 0.027002 0.030942
91 0.744247 0.526254 0.030377 0.044538
857 0.743019 0.571496 0.027923 0.045945
673 0.741178 0.619784 0.033446 0.048758
845 0.743019 0.706517 0.027309 0.040319
504 0.741639 0.751524 0.030071 0.045945
764 0.740258 0.796531 0.031605 0.045007
317 0.744860 0.845054 0.029150 0.043601
117 0.747622 0.887482 0.031605 0.041256
270 0.747775 0.924519 0.019024 0.030005
541 0.692390 0.090952 0.029150 0.042194
594 0.692544 0.134318 0.031912 0.045476
880 0.693311 0.176981 0.027923 0.034224
109 0.694231 0.214252 0.027309 0.042194
107 0.693925 0.301219 0.035901 0.047351
930 0.696226 0.346226 0.032525 0.038912
1034 0.697146 0.438584 0.028230 0.044538
775 0.697760 0.478200 0.030684 0.036568
1067 0.699294 0.517815 0.033753 0.041725
91 0.698374 0.618847 0.030071 0.051571
857 0.697146 0.666667 0.032525 0.038444
477 0.699601 0.711674 0.030071 0.048758
880 0.700368 0.770277 0.030991 0.052508
100 0.649893 0.200422 0.030071 0.047351
673 0.653114 0.247304 0.030377 0.042663
1067 0.653575 0.290436 0.028843 0.042663
91 0.655416 0.333802 0.033753 0.040319
245 0.654035 0.377403 0.024854 0.042194
722 0.655876 0.417253 0.026695 0.036568
830 0.658331 0.454759 0.028536 0.041256
694 0.658638 0.497187 0.026082 0.047351
84 0.654649 0.539616 0.033446 0.043132
694 0.655569 0.584623 0.027309 0.042194
796 0.657564 0.632911 0.030071 0.046882
880 0.655723 0.681435 0.028843 0.039850
436 0.658791 0.721988 0.031912 0.040319
419 0.655569 0.769105 0.034673 0.048289
880 0.659865 0.819503 0.032218 0.045007
195 0.657717 0.862400 0.034060 0.035162
69 0.657871 0.909283 0.027616 0.055790
1067 0.629641 0.409283 0.015956 0.027192
91 0.627340 0.860525 0.067199 0.040788
857 0.604787 0.098453 0.027002 0.047820
910 0.607241 0.140647 0.028843 0.030005
595 0.605861 0.178153 0.030377 0.045945
944 0.606628 0.220816 0.027616 0.044069
711 0.608469 0.271214 0.028230 0.052039
880 0.606935 0.315987 0.029457 0.037506
506 0.608162 0.353727 0.025775 0.033286
1067 0.606321 0.392874 0.028843 0.044069
91 0.606781 0.437881 0.034673 0.045007
857 0.611077 0.482185 0.029150 0.043601
836 0.612458 0.516878 0.028843 0.030474
325 0.609389 0.602438 0.029457 0.045007
507 0.611384 0.649555 0.025468 0.043601
749 0.613225 0.695265 0.029764 0.037506
115 0.612918 0.735584 0.028536 0.041256
270 0.612611 0.771449 0.029150 0.029536
880 0.612151 0.812705 0.028230 0.050164
264 0.614299 0.860525 0.030684 0.043601
531 0.613839 0.898500 0.030377 0.036099
148 0.615373 0.941163 0.027923 0.048289
62 0.586990 0.182138 0.066892 0.042663
158 0.586990 0.394280 0.067505 0.041256
880 0.591593 0.554852 0.070574 0.040788
392 0.565664 0.103844 0.023013 0.033286
117 0.564284 0.146038 0.026388 0.043601
270 0.567199 0.188233 0.027309 0.038912
880 0.567812 0.230427 0.033446 0.041725
105 0.567045 0.272386 0.027002 0.038444
143 0.566738 0.316456 0.025775 0.046882
649 0.567812 0.360525 0.029150 0.039381
905 0.568579 0.398031 0.028230 0.041256
270 0.567659 0.433896 0.023320 0.034224
744 0.570114 0.469526 0.024547 0.037037
381 0.570267 0.510549 0.029150 0.043132
497 0.570420 0.554852 0.027616 0.037975
419 0.570574 0.593999 0.024241 0.040319
62 0.571034 0.633146 0.025775 0.040788
158 0.571187 0.675340 0.029150 0.038912
178 0.570727 0.721285 0.029457 0.044538
709 0.570267 0.769105 0.029764 0.045476
178 0.571648 0.815752 0.028230 0.043132
855 0.573796 0.860291 0.030071 0.043132
981 0.574870 0.901782 0.029764 0.036099
880 0.575176 0.942569 0.027309 0.043601
401 0.529457 0.119550 0.023013 0.039381
129 0.530071 0.160103 0.027309 0.038912
88 0.531605 0.200891 0.025468 0.039850
178 0.528690 0.238162 0.023934 0.036568
309 0.528536 0.275902 0.029150 0.041725
178 0.528383 0.316925 0.025161 0.041256
224 0.528997 0.401782 0.024547 0.035631
880 0.529917 0.440225 0.022093 0.045007
195 0.528690 0.484529 0.027616 0.041725
964 0.533599 0.571261 0.023934 0.048289
880 0.534673 0.616737 0.029150 0.038912
69 0.535287 0.661978 0.031605 0.045945
1067 0.534520 0.705579 0.028843 0.043132
91 0.536975 0.751055 0.025775 0.045007
857 0.536821 0.889592 0.030377 0.038912
129 0.509205 0.122832 0.054311 0.036568
502 0.513501 0.441632 0.055539 0.042194
880 0.495858 0.126582 0.025775 0.033755
117 0.496318 0.169011 0.027309 0.039850
327 0.496164 0.216596 0.029457 0.050633
956 0.496471 0.265120 0.022706 0.038912
749 0.496471 0.355134 0.021479 0.045476
105 0.497392 0.400375 0.025161 0.044069
602 0.494477 0.486639 0.026695 0.043132
445 0.496011 0.573605 0.028536 0.044538
752 0.496471 0.618847 0.026388 0.043132
115 0.497238 0.663150 0.022400 0.037037
526 0.497852 0.738865 0.024854 0.040319
450 0.497699 0.782232 0.022093 0.041725
669 0.497699 0.823722 0.020252 0.032818
639 0.498926 0.869433 0.022093 0.051102
468 0.427892 0.121425 0.018717 0.039381
428 0.429733 0.171355 0.017490 0.032349
880 0.429119 0.208392 0.018717 0.027661
1018 0.428045 0.255743 0.018411 0.038912
602 0.429119 0.297703 0.016263 0.036568
855 0.428813 0.342241 0.017490 0.044069
930 0.430654 0.430849 0.020558 0.030005
1018 0.428813 0.468354 0.015035 0.028129
1013 0.430807 0.510783 0.019638 0.037975
1046 0.428506 0.632677 0.021786 0.041725
481 0.429273 0.690577 0.020252 0.045007
1067 0.428352 0.729255 0.019638 0.034224
91 0.428966 0.771214 0.020865 0.040319
245 0.428506 0.818097 0.016876 0.037506
722 0.428813 0.863104 0.018104 0.038444
117 0.428506 0.902954 0.018104 0.031880
605 0.428352 0.938350 0.015342 0.030474
749 0.398435 0.116268 0.019331 0.034693
908 0.397208 0.161978 0.022400 0.047351
887 0.396134 0.210502 0.018411 0.031880
295 0.396747 0.248008 0.015956 0.034693
872 0.397054 0.286217 0.027002 0.036099
148 0.396441 0.328411 0.029457 0.040788
450 0.394446 0.411627 0.019945 0.037506
1059 0.396594 0.446085 0.023013 0.027661
224 0.394753 0.480778 0.019945 0.033286
148 0.396134 0.524613 0.020252 0.043132
755 0.396134 0.571730 0.020865 0.031411
148 0.395980 0.605485 0.019331 0.035162
158 0.396134 0.647211 0.020252 0.041725
925 0.394753 0.691514 0.019331 0.040319
481 0.396134 0.732068 0.017183 0.037037
880 0.394753 0.775902 0.016876 0.033755
778 0.393372 0.814346 0.014728 0.031880
880 0.394446 0.851383 0.025468 0.040319
195 0.393986 0.892874 0.020252 0.032349
69 0.393372 0.926395 0.017183 0.027192
1067 0.393219 0.958509 0.016876 0.035162
91 0.359620 0.115799 0.018411 0.041256
450 0.356398 0.159869 0.021172 0.036568
1067 0.357011 0.205579 0.019331 0.045476
91 0.356244 0.296531 0.020252 0.038912
245 0.357625 0.338725 0.021172 0.034224
722 0.358085 0.381388 0.023934 0.037975
105 0.357165 0.425223 0.019024 0.041256
813 0.355477 0.469995 0.021786 0.033286
270 0.357625 0.508439 0.018717 0.030474
148 0.359313 0.544304 0.017797 0.036568
880 0.358852 0.583451 0.025468 0.037037
474 0.361000 0.626817 0.034060 0.042194
880 0.354403 0.667135 0.025161 0.038444
142 0.355324 0.708861 0.022093 0.037506
813 0.356705 0.750820 0.021786 0.043601
148 0.356398 0.907642 0.019331 0.035631
1067 0.356705 0.946554 0.021172 0.036568
91 0.357011 0.966479 0.018717 0.040788
245 0.321264 0.104079 0.015956 0.032818
722 0.321418 0.141350 0.026695 0.043601
402 0.321571 0.183310 0.034366 0.041256
710 0.320957 0.220816 0.027002 0.035631
910 0.319577 0.263244 0.024854 0.040788
711 0.318656 0.302625 0.028536 0.038912
880 0.317122 0.341303 0.023627 0.042194
1018 0.316968 0.380216 0.023320 0.039381
602 0.316201 0.420769 0.023013 0.043601
105 0.316662 0.462729 0.022706 0.042194
142 0.316508 0.500000 0.023627 0.031411
763 0.317429 0.536803 0.019331 0.036568
994 0.317429 0.578997 0.023013 0.038444
675 0.317275 0.622597 0.022093 0.035631
880 0.318196 0.668073 0.023320 0.030942
631 0.317582 0.706985 0.022706 0.039381
1067 0.316815 0.745429 0.023013 0.036568
91 0.319423 0.785982 0.031912 0.037975
245 0.317582 0.823722 0.022706 0.035631
722 0.318656 0.864979 0.022400 0.038444
211 0.316968 0.908579 0.024547 0.045007
594 0.318503 0.953586 0.023320 0.031880
778 0.318809 0.985232 0.025161 0.026723
880 0.280608 0.102907 0.024241 0.032349
929 0.279994 0.144163 0.027309 0.049226
577 0.280608 0.191983 0.027309 0.033286
941 0.279227 0.230192 0.025775 0.042194
880 0.280147 0.270277 0.034980 0.036099
1074 0.279073 0.318800 0.019945 0.046882
4 0.278460 0.364276 0.024241 0.037506
880 0.277999 0.403891 0.033753 0.044538
148 0.277386 0.452649 0.029457 0.049226
764 0.278766 0.497187 0.025468 0.034224
317 0.278460 0.542429 0.026082 0.047820
929 0.277693 0.589780 0.026388 0.034693
994 0.276619 0.625176 0.021786 0.033286
62 0.282602 0.666198 0.032525 0.037506
474 0.278766 0.709564 0.025468 0.043601
402 0.276772 0.756915 0.020252 0.043601
207 0.274164 0.800281 0.024854 0.042194
1038 0.275391 0.844585 0.021786 0.043601
40 0.274931 0.892874 0.023934 0.037975
133 0.276158 0.936006 0.022706 0.041725
775 0.275698 0.977262 0.023013 0.037975
929 0.237650 0.110877 0.021786 0.046414
836 0.238570 0.154243 0.032832 0.032818
450 0.235348 0.197140 0.019638 0.048289
941 0.236115 0.244491 0.023013 0.040788
711 0.235041 0.292077 0.024547 0.048758
631 0.236269 0.344351 0.023320 0.042663
173 0.235962 0.383966 0.023320 0.040319
159 0.237650 0.428036 0.029150 0.044069
129 0.234735 0.469292 0.020865 0.033755
135 0.232740 0.513127 0.019945 0.036099
863 0.235041 0.553446 0.029457 0.047351
838 0.235041 0.606892 0.032525 0.045476
880 0.232587 0.654712 0.021479 0.039850
328 0.233200 0.694093 0.019024 0.036099
270 0.235041 0.731599 0.030071 0.039850
675 0.235041 0.777309 0.037435 0.045945
880 0.234888 0.820675 0.033446 0.041725
778 0.233047 0.863572 0.026082 0.038444
880 0.230285 0.903891 0.030991 0.041256
195 0.229518 0.944444 0.022093 0.037037
69 0.229979 0.979372 0.027309 0.029067
1067 0.196226 0.101735 0.025468 0.035631
91 0.195919 0.140647 0.024241 0.038444
245 0.193925 0.183779 0.027616 0.036568
722 0.193004 0.227379 0.024547 0.047820
1067 0.191777 0.272855 0.022706 0.044069
91 0.191010 0.321144 0.024854 0.040319
245 0.191010 0.361463 0.024854 0.039381
722 0.187327 0.403891 0.030991 0.040788
69 0.191470 0.452649 0.029457 0.049226
880 0.194385 0.498828 0.034060 0.033755
652 0.190089 0.541725 0.024854 0.037975
594 0.191163 0.587670 0.024547 0.041725
290 0.190549 0.626348 0.025161 0.035631
401 0.189322 0.671824 0.024547 0.035631
161 0.188401 0.706985 0.028230 0.036568
652 0.188248 0.754571 0.028536 0.046414
109 0.187941 0.808720 0.030377 0.045007
105 0.185333 0.854196 0.023320 0.038444
191 0.185947 0.897328 0.020252 0.034693
141 0.185640 0.936240 0.017183 0.033755
652 0.184566 0.973043 0.023627 0.039850
880 0.152347 0.101266 0.030377 0.047820
1074 0.150660 0.155415 0.030684 0.055790
4 0.146364 0.201360 0.033139 0.037975
401 0.146517 0.244023 0.023013 0.046414
264 0.104480 0.153071 0.027309 0.042663
531 0.103866 0.195030 0.029150 0.044069
148 0.103866 0.241913 0.030991 0.048758
450 0.101105 0.288326 0.021786 0.040319
69 0.101872 0.328176 0.021479 0.037506
854 0.103099 0.420534 0.043572 0.045945
474 0.097269 0.469526 0.025161 0.046414
115 0.098343 0.563526 0.037742 0.047820
164 0.096962 0.622128 0.025775 0.047820
91 0.092973 0.676512 0.024547 0.050633
148 0.094201 0.730661 0.023320 0.049226
880 0.093127 0.783872 0.023627 0.045945
958 0.092973 0.832396 0.027616 0.048289