635 0.798711 0.121191 0.028843 0.046414
674 0.800706 0.172761 0.030991 0.051102
991 0.797944 0.221988 0.031605 0.049226
971 0.799478 0.272855 0.026082 0.052508
143 0.798098 0.319269 0.026388 0.040319
513 0.795796 0.413502 0.027923 0.047820
794 0.797484 0.457103 0.028230 0.041256
415 0.795950 0.503516 0.038048 0.044069
704 0.800552 0.553211 0.034980 0.053446
264 0.797484 0.600328 0.026388 0.046414
531 0.795643 0.657290 0.036207 0.054383
148 0.798251 0.704173 0.023013 0.037506
1067 0.797484 0.745195 0.022706 0.036099
91 0.800092 0.781294 0.019331 0.033286
450 0.799325 0.824426 0.030071 0.046414
439 0.801166 0.871074 0.021479 0.042194
474 0.801166 0.913502 0.028230 0.035162
764 0.798711 0.953821 0.029457 0.036099
332 0.798098 0.983591 0.026388 0.029067
472 0.751304 0.114627 0.032218 0.041725
995 0.754373 0.203235 0.033446 0.043601
6 0.754833 0.248008 0.027002 0.038444
262 0.752992 0.287154 0.030071 0.043601
778 0.751764 0.326301 0.025775 0.038444
764 0.751764 0.370605 0.027002 0.046414
721 0.752378 0.424519 0.029457 0.049226
389 0.753145 0.465776 0.028536 0.039850
541 0.753759 0.505860 0.025468 0.034693
711 0.754833 0.549930 0.028230 0.045007
55 0.752838 0.591889 0.035901 0.042663
166 0.751764 0.631974 0.028843 0.032818
481 0.753299 0.672527 0.037435 0.046414
513 0.751304 0.720347 0.027923 0.042663
541 0.752992 0.766995 0.027002 0.047820
513 0.752071 0.816690 0.023320 0.045945
351 0.751764 0.872480 0.028843 0.045945
105 0.749156 0.921238 0.030377 0.045007
143 0.746701 0.967182 0.034060 0.046882
264 0.704357 0.120488 0.030991 0.047820
577 0.702363 0.178856 0.029457 0.050164
344 0.707579 0.231130 0.028843 0.049695
845 0.703897 0.276840 0.025161 0.044538
474 0.704971 0.327004 0.024241 0.045476
763 0.705738 0.379278 0.028843 0.053446
994 0.704664 0.427098 0.026082 0.037506
964 0.708500 0.474449 0.035594 0.055321
711 0.706198 0.525082 0.033446 0.049695
821 0.706812 0.571964 0.030991 0.041256
46 0.708653 0.626348 0.032832 0.049695
704 0.709113 0.681200 0.033139 0.051571
474 0.711568 0.729723 0.026388 0.044538
944 0.708346 0.779653 0.030377 0.050633
1002 0.706505 0.834505 0.026695 0.049695
871 0.706505 0.883966 0.026082 0.052039
546 0.706812 0.936006 0.029764 0.045476
751 0.705431 0.975387 0.029457 0.035162
143 0.664621 0.120488 0.025775 0.045007
994 0.665388 0.164088 0.023013 0.042194
835 0.666155 0.222691 0.024547 0.049695
344 0.665848 0.271917 0.027002 0.045945
142 0.666616 0.315049 0.025468 0.036568
821 0.664774 0.361932 0.023013 0.044069
402 0.666309 0.409752 0.026695 0.052508
941 0.665542 0.462729 0.022706 0.047820
778 0.665848 0.514065 0.033139 0.047351
791 0.665388 0.561181 0.023627 0.044069
22 0.667076 0.609001 0.028230 0.045945
764 0.665235 0.649086 0.022706 0.036099
793 0.665235 0.682841 0.021479 0.035162
1000 0.664621 0.724801 0.024547 0.044069
1046 0.666155 0.773324 0.028843 0.049226
721 0.666769 0.821847 0.027002 0.046882
389 0.665695 0.866854 0.029764 0.044069
206 0.664774 0.912564 0.023627 0.044538
192 0.665848 0.956165 0.027616 0.040788
603 0.665542 0.980075 0.027616 0.019222
791 0.625499 0.121660 0.029150 0.043601
402 0.625038 0.164088 0.025161 0.043132
941 0.625038 0.210033 0.022706 0.044069
778 0.625038 0.259962 0.030684 0.042663
257 0.625345 0.298406 0.028230 0.037037
578 0.625192 0.338725 0.029764 0.044538
474 0.622737 0.376934 0.023627 0.034693
152 0.622430 0.413737 0.019945 0.036099
995 0.622737 0.458978 0.023627 0.043132
541 0.623351 0.505391 0.022400 0.045945
351 0.623351 0.553915 0.024854 0.041725
791 0.621356 0.601969 0.032525 0.043132
22 0.621970 0.645570 0.028230 0.043132
577 0.625345 0.695265 0.027002 0.045007
74 0.623811 0.740272 0.026388 0.045007
279 0.623964 0.790202 0.030991 0.047351
1004 0.622277 0.837787 0.029457 0.045945
393 0.621203 0.886076 0.023627 0.046882
436 0.621970 0.930145 0.022706 0.035631
344 0.622584 0.971167 0.032525 0.040788
142 0.585456 0.129161 0.030071 0.049226
1002 0.586683 0.176043 0.027616 0.040788
217 0.584842 0.218706 0.030071 0.048289
1031 0.586530 0.264651 0.028536 0.038912
928 0.586683 0.309423 0.032525 0.049695
571 0.585302 0.355602 0.026695 0.045476
794 0.584075 0.401547 0.026082 0.050164
370 0.582541 0.449133 0.030377 0.040319
474 0.585302 0.496015 0.026082 0.049695
533 0.586683 0.549461 0.027616 0.045007
133 0.582847 0.599859 0.025468 0.042663
794 0.584535 0.648148 0.027616 0.047351
14 0.581467 0.705579 0.030071 0.051571
546 0.581927 0.756915 0.028536 0.044538
474 0.581620 0.805438 0.024241 0.046882
378 0.580239 0.853962 0.038662 0.044538
439 0.584075 0.900141 0.027923 0.045007
778 0.582847 0.949602 0.025468 0.047351
958 0.567812 0.218003 0.064130 0.044069
254 0.565971 0.354899 0.065971 0.042194
474 0.563670 0.605720 0.064437 0.045945
349 0.548481 0.132443 0.030377 0.046414
546 0.548481 0.173230 0.026082 0.037037
751 0.550015 0.218003 0.028536 0.042194
264 0.549095 0.265354 0.024854 0.045007
69 0.546793 0.309892 0.025775 0.041256
854 0.545566 0.353727 0.026388 0.041725
115 0.544492 0.400375 0.029150 0.045945
46 0.544952 0.447961 0.026388 0.043601
921 0.545413 0.493202 0.024241 0.036568
404 0.545873 0.526957 0.028230 0.040319
69 0.546640 0.562588 0.028536 0.037506
411 0.545413 0.608767 0.026082 0.051102
647 0.543572 0.658697 0.025468 0.042194
1067 0.542651 0.706282 0.030377 0.048289
91 0.543265 0.754102 0.022400 0.044538
450 0.543111 0.805438 0.025775 0.050633
788 0.542805 0.857712 0.024547 0.042663
401 0.544185 0.902485 0.027923 0.044069
647 0.545413 0.946085 0.026695 0.039381
934 0.509359 0.140647 0.027002 0.051571
148 0.507824 0.191045 0.023320 0.046414
133 0.508438 0.318565 0.021479 0.036099
794 0.507978 0.379747 0.021786 0.048758
526 0.507364 0.430849 0.023013 0.047820
254 0.505830 0.475621 0.024241 0.037975
778 0.507978 0.518987 0.029764 0.037506
517 0.506904 0.613455 0.029457 0.044538
721 0.508745 0.661978 0.025161 0.042194
389 0.508285 0.705579 0.024854 0.037506
481 0.508131 0.752696 0.025775 0.048289
397 0.508592 0.800516 0.022400 0.043601
930 0.509205 0.848805 0.020558 0.046414
349 0.508898 0.890999 0.026695 0.037975
380 0.476373 0.181903 0.019331 0.039381
351 0.476987 0.272855 0.020558 0.042194
749 0.476987 0.309423 0.020558 0.023441
404 0.475453 0.345523 0.021786 0.038444
474 0.476066 0.394984 0.020558 0.048289
481 0.477294 0.441866 0.023627 0.037975
105 0.476833 0.495781 0.020252 0.037975
264 0.476220 0.585795 0.019638 0.036099
1067 0.476220 0.625176 0.020252 0.048289
91 0.475759 0.678387 0.015035 0.033755
450 0.476373 0.715659 0.016876 0.035162
419 0.477600 0.890764 0.023013 0.037506
404 0.477140 0.929911 0.019024 0.034224
934 0.411016 0.139944 0.019945 0.043601
516 0.411476 0.185654 0.022093 0.040319
419 0.411476 0.225973 0.020252 0.043132
778 0.411169 0.272855 0.019024 0.045945
514 0.411629 0.316221 0.019945 0.038912
858 0.410249 0.364744 0.027002 0.049695
431 0.410555 0.456165 0.027002 0.046882
415 0.411016 0.503047 0.024854 0.044069
704 0.408714 0.551102 0.030684 0.052977
1026 0.408714 0.689170 0.023320 0.041256
177 0.407334 0.741913 0.019331 0.037975
643 0.409942 0.833099 0.023934 0.048758
431 0.407640 0.879747 0.028536 0.039850
828 0.408868 0.922879 0.019945 0.039850
474 0.377416 0.136662 0.022706 0.038912
1048 0.377263 0.181435 0.027923 0.042194
836 0.379257 0.239334 0.025775 0.050164
1040 0.378797 0.282935 0.026082 0.029536
481 0.378030 0.320206 0.026388 0.043132
357 0.376342 0.367557 0.022400 0.052508
420 0.380485 0.421003 0.030684 0.044069
439 0.378644 0.469995 0.022706 0.046414
541 0.377110 0.519691 0.023320 0.044538
711 0.376956 0.570323 0.023013 0.048289
344 0.376649 0.620722 0.028536 0.049695
142 0.374501 0.667839 0.021786 0.042663
539 0.375575 0.712846 0.025161 0.046414
775 0.373734 0.762072 0.022093 0.043601
764 0.374348 0.806845 0.026388 0.044069
793 0.374501 0.846460 0.019331 0.034224
294 0.376036 0.883497 0.023627 0.040788
963 0.375729 0.923816 0.019331 0.034224
474 0.376649 0.939991 0.019945 0.039381
36 0.359773 0.710736 0.055539 0.044069
1067 0.345044 0.135959 0.020558 0.045007
91 0.344584 0.184716 0.022706 0.042194
450 0.344431 0.277075 0.018104 0.035631
1018 0.344584 0.316690 0.017183 0.037975
526 0.343817 0.359822 0.023013 0.045476
475 0.345044 0.414440 0.024854 0.043132
474 0.343203 0.464369 0.021172 0.044538
109 0.343050 0.516643 0.022706 0.048758
436 0.343203 0.565870 0.024854 0.043132
612 0.341823 0.656353 0.023934 0.038444
502 0.342283 0.749414 0.024241 0.038912
100 0.341362 0.800281 0.020558 0.043132
673 0.341823 0.842944 0.022093 0.043132
778 0.342897 0.892639 0.022400 0.046882
123 0.342743 0.940459 0.022706 0.045007
115 0.304234 0.129864 0.020558 0.045945
166 0.305769 0.184013 0.024854 0.048289
481 0.304234 0.232302 0.029150 0.040788
474 0.305769 0.272152 0.026695 0.034224
1080 0.304388 0.323019 0.027616 0.048758
345 0.306382 0.372714 0.029764 0.041256
579 0.305462 0.417722 0.030991 0.044069
854 0.303774 0.475152 0.032525 0.057665
1063 0.304234 0.539616 0.030377 0.057196
831 0.307149 0.591421 0.030684 0.038912
711 0.286898 0.595406 0.071801 0.042194
595 0.263118 0.122363 0.028536 0.045007
944 0.264652 0.175574 0.025468 0.054852
905 0.265112 0.225504 0.028230 0.045007
300 0.262657 0.267229 0.028230 0.039381
819 0.265572 0.314580 0.026695 0.045945
971 0.262811 0.365917 0.024241 0.051102
143 0.266953 0.414205 0.034980 0.049226
513 0.263118 0.462025 0.029764 0.047351
546 0.262197 0.510080 0.024854 0.046882
646 0.260816 0.559072 0.033139 0.047351
667 0.264038 0.603844 0.027923 0.048758
300 0.263578 0.651899 0.026388 0.048289
819 0.262350 0.701360 0.024547 0.051571
439 0.260509 0.757150 0.030071 0.053446
143 0.264191 0.808486 0.031912 0.049226
513 0.263271 0.857478 0.026388 0.048758
438 0.262044 0.906470 0.023934 0.047351
497 0.260203 0.964838 0.034366 0.057196
484 0.225836 0.121660 0.030071 0.050164
778 0.225222 0.169714 0.033753 0.043132
513 0.225836 0.215424 0.036821 0.044538
546 0.223995 0.262307 0.027002 0.047351
370 0.223688 0.315049 0.031298 0.050633
356 0.225069 0.363807 0.026695 0.046882
362 0.223688 0.422410 0.028843 0.059072
474 0.223228 0.478434 0.025468 0.052039
143 0.223075 0.523441 0.025161 0.050164
567 0.222614 0.567745 0.026695 0.039381
129 0.222307 0.613924 0.026695 0.048289
1000 0.222921 0.663854 0.030991 0.047820
730 0.224762 0.710033 0.029150 0.040788
432 0.224609 0.754805 0.028230 0.045007
34 0.224302 0.803563 0.026388 0.052508
474 0.221847 0.856306 0.023934 0.045476
469 0.222768 0.904360 0.022706 0.043132
275 0.219853 0.954290 0.029150 0.047351
780 0.220313 0.986170 0.028230 0.026723
721 0.181344 0.120722 0.030071 0.047351
431 0.184873 0.175340 0.028536 0.053446
766 0.183952 0.220816 0.024854 0.037506
513 0.183338 0.265823 0.029764 0.048758
816 0.180884 0.317628 0.027923 0.039850
402 0.178122 0.364041 0.043878 0.050164
346 0.178582 0.414205 0.029457 0.047351
109 0.179503 0.455931 0.025775 0.037037
468 0.177202 0.499531 0.035901 0.058603
571 0.179349 0.551805 0.026695 0.044069
646 0.178736 0.593999 0.030377 0.031880
667 0.177815 0.638303 0.028536 0.040788
1077 0.177969 0.689170 0.023934 0.050633
778 0.179043 0.739569 0.023627 0.050164
603 0.182264 0.788561 0.033753 0.031880
36 0.178429 0.837553 0.026695 0.052039
697 0.179963 0.884904 0.029764 0.035162
607 0.179963 0.918190 0.027923 0.039850
387 0.181958 0.967886 0.029457 0.050164
34 0.179503 0.989451 0.019638 0.020159
69 0.141301 0.119081 0.030991 0.045945
1065 0.137159 0.163619 0.030684 0.045007
778 0.140380 0.206751 0.025468 0.043132
514 0.136392 0.259025 0.027923 0.050164
21 0.136392 0.306845 0.023013 0.052039
69 0.135318 0.356306 0.020252 0.050633
105 0.136698 0.408345 0.034060 0.044069
366 0.133937 0.453352 0.026082 0.045007
6 0.136852 0.507501 0.030684 0.053915
411 0.136852 0.566573 0.030684 0.048289
1041 0.134550 0.619550 0.028536 0.054852
906 0.131175 0.676278 0.030377 0.051102
956 0.132556 0.720581 0.024547 0.031880
610 0.129794 0.763713 0.027616 0.046882
1048 0.132556 0.810595 0.029457 0.044069
275 0.135318 0.865682 0.031912 0.052977
791 0.135164 0.917956 0.028536 0.048758
5 0.134704 0.969058 0.029457 0.048758
31 0.087757 0.113924 0.023934 0.038444
1001 0.088064 0.158931 0.028843 0.051571
995 0.089905 0.212377 0.032525 0.056259
1039 0.088371 0.266292 0.031298 0.045007
778 0.090519 0.314580 0.027002 0.054383
944 0.087604 0.369198 0.029764 0.058603
36 0.089291 0.426864 0.027002 0.052977
118 0.086530 0.478200 0.027002 0.048758
571 0.086683 0.524848 0.020558 0.040788
474 0.084382 0.579231 0.030071 0.046414
603 0.084689 0.631271 0.028843 0.051102
105 0.084535 0.683544 0.027923 0.044069
811 0.083001 0.730661 0.024241 0.047351
393 0.081774 0.789498 0.028536 0.049695
69 0.080393 0.848570 0.041731 0.054383
380 0.082847 0.905298 0.031298 0.054383
351 0.082847 0.981481 0.028230 0.034224