611 0.809451 0.105720 0.030684 0.042663
398 0.809758 0.154243 0.024547 0.053446
477 0.811599 0.209798 0.024547 0.042663
100 0.812826 0.249414 0.021479 0.037506
673 0.813133 0.289733 0.025775 0.043132
148 0.812673 0.333802 0.024241 0.040319
640 0.813440 0.375762 0.022706 0.044538
697 0.816662 0.419597 0.025468 0.040319
24 0.816508 0.465541 0.025161 0.041256
262 0.817429 0.516643 0.023320 0.045007
14 0.816968 0.563057 0.021786 0.041256
754 0.816508 0.601735 0.025775 0.037037
94 0.815894 0.647211 0.025775 0.047351
603 0.816201 0.691045 0.025161 0.036568
393 0.815588 0.730895 0.027616 0.045007
14 0.813747 0.777075 0.022093 0.042663
796 0.816355 0.827707 0.026695 0.049226
994 0.815281 0.879512 0.023320 0.053446
376 0.815588 0.930614 0.026388 0.045007
697 0.761890 0.110173 0.029457 0.046882
91 0.764191 0.155415 0.029764 0.046414
880 0.760970 0.198781 0.019024 0.040319
796 0.761583 0.247070 0.024547 0.048758
1067 0.764959 0.297937 0.030071 0.046414
91 0.763731 0.337553 0.025161 0.034693
245 0.764345 0.380216 0.020865 0.038444
722 0.766033 0.422879 0.026082 0.039381
393 0.766186 0.467417 0.035594 0.042194
349 0.768794 0.514065 0.034060 0.047351
603 0.772476 0.612283 0.028536 0.041256
972 0.769868 0.655415 0.028230 0.042194
905 0.769715 0.699953 0.024241 0.045007
431 0.769715 0.746367 0.032218 0.046882
697 0.769101 0.791374 0.024854 0.043132
1077 0.770482 0.831692 0.028843 0.034693
798 0.768641 0.871542 0.023320 0.039381
365 0.769561 0.919831 0.030684 0.049695
598 0.767567 0.958275 0.026695 0.032818
1002 0.717091 0.107361 0.032525 0.045007
845 0.716938 0.161978 0.029150 0.048289
401 0.720006 0.211908 0.024241 0.044069
672 0.720006 0.252930 0.023627 0.037975
1025 0.720466 0.294187 0.031912 0.041725
474 0.719853 0.337553 0.028230 0.041256
259 0.720160 0.382325 0.023934 0.043601
475 0.719546 0.430380 0.021479 0.045945
603 0.720927 0.475621 0.025468 0.039850
791 0.722307 0.514534 0.025775 0.042663
402 0.722461 0.549226 0.025468 0.029536
941 0.722461 0.579700 0.020558 0.034224
393 0.721694 0.617206 0.033753 0.041725
219 0.722921 0.667604 0.023934 0.047820
419 0.722768 0.716831 0.029764 0.048758
1002 0.724302 0.762541 0.028536 0.043601
972 0.725836 0.804970 0.026695 0.040319
905 0.726450 0.849977 0.025468 0.044069
431 0.727217 0.896156 0.030684 0.046414
280 0.680270 0.112049 0.021479 0.044069
672 0.678736 0.156353 0.023320 0.041725
778 0.679196 0.197375 0.022400 0.036568
798 0.680117 0.232771 0.027923 0.027661
1077 0.681804 0.275434 0.029457 0.042663
332 0.679963 0.322550 0.022706 0.045007
475 0.681497 0.368495 0.032525 0.046882
1025 0.684106 0.416784 0.030377 0.050633
1 0.683185 0.459447 0.027309 0.035631
1017 0.684566 0.498828 0.020252 0.045007
672 0.682571 0.542194 0.029764 0.042663
393 0.681497 0.583919 0.024547 0.037037
785 0.683338 0.627989 0.027002 0.042663
697 0.682878 0.671355 0.029150 0.044069
1025 0.682264 0.713783 0.021786 0.037975
798 0.680730 0.762775 0.024854 0.051571
370 0.682725 0.806845 0.025161 0.033755
751 0.682111 0.848570 0.022093 0.039381
143 0.683799 0.933193 0.022400 0.043601
641 0.642222 0.112518 0.028230 0.035631
259 0.639767 0.152602 0.027616 0.037037
603 0.641608 0.196671 0.023934 0.038912
105 0.641148 0.238162 0.021786 0.043132
651 0.639920 0.283872 0.028536 0.045476
475 0.642375 0.334037 0.024854 0.037037
1016 0.642989 0.374824 0.031605 0.048289
603 0.641454 0.421003 0.027309 0.044069
393 0.639153 0.471871 0.028843 0.050164
14 0.640380 0.523910 0.027616 0.045476
994 0.642222 0.571730 0.023934 0.039850
474 0.642068 0.607126 0.019945 0.034693
1060 0.642682 0.646038 0.019331 0.032818
1072 0.642989 0.684716 0.018104 0.035162
1067 0.641608 0.730427 0.021479 0.045945
91 0.642375 0.782232 0.026082 0.041725
450 0.643602 0.827707 0.029764 0.038912
393 0.646057 0.870839 0.023013 0.036099
972 0.646364 0.907642 0.019331 0.037506
905 0.646824 0.947492 0.024547 0.036568
148 0.601872 0.116503 0.028536 0.037975
799 0.600644 0.154712 0.024241 0.041256
237 0.599264 0.197609 0.028230 0.039850
474 0.601872 0.231599 0.027923 0.030942
264 0.599877 0.272152 0.028843 0.040788
1034 0.600491 0.318097 0.026388 0.045476
602 0.601258 0.367323 0.034673 0.050164
829 0.601105 0.420300 0.027616 0.045476
726 0.561829 0.126348 0.027616 0.043601
760 0.564130 0.174637 0.021172 0.037975
450 0.563363 0.218940 0.020865 0.039381
143 0.563516 0.263713 0.023627 0.049226
831 0.561675 0.313877 0.021786 0.044538
595 0.563363 0.359822 0.024547 0.042663
697 0.563516 0.406001 0.025468 0.038444
971 0.563823 0.454055 0.026082 0.045476
143 0.563056 0.499766 0.023320 0.033755
288 0.563977 0.537975 0.022093 0.040788
950 0.565664 0.615331 0.026082 0.036099
114 0.565051 0.664088 0.024854 0.049226
105 0.566585 0.755509 0.021786 0.041725
143 0.566738 0.801688 0.027002 0.038444
129 0.566431 0.841303 0.023934 0.037037
958 0.566585 0.882091 0.019945 0.035162
148 0.566738 0.919362 0.019638 0.030005
1067 0.528843 0.124941 0.019945 0.032349
91 0.527769 0.164791 0.028843 0.044538
450 0.527462 0.206517 0.021479 0.039850
143 0.527769 0.245195 0.020252 0.037506
1032 0.528536 0.284810 0.021786 0.037037
129 0.526849 0.325129 0.020252 0.040788
594 0.527769 0.367323 0.022706 0.042663
778 0.527156 0.417018 0.025161 0.049226
195 0.528997 0.461088 0.022706 0.037975
1080 0.529303 0.502110 0.020865 0.036568
571 0.528843 0.541491 0.023013 0.032818
804 0.529303 0.573371 0.020252 0.027192
1046 0.529764 0.612752 0.026082 0.044069
854 0.533599 0.651664 0.027616 0.032818
1063 0.529610 0.687529 0.020252 0.039850
778 0.529303 0.726676 0.015956 0.030942
1067 0.529457 0.763010 0.015649 0.037037
91 0.529610 0.840131 0.017797 0.042194
450 0.530071 0.854899 0.016876 0.031411
526 0.533906 0.925223 0.020252 0.027661
474 0.494784 0.135256 0.019331 0.040788
69 0.497392 0.183310 0.020252 0.038444
1032 0.497085 0.225270 0.020252 0.038912
129 0.496932 0.263010 0.017490 0.030942
823 0.498006 0.304266 0.022706 0.042194
1046 0.496932 0.349977 0.022400 0.037037
344 0.496932 0.388654 0.017490 0.026254
603 0.497545 0.408111 0.019331 0.040788
449 0.498159 0.454290 0.019331 0.047820
778 0.500153 0.502344 0.019638 0.037975
69 0.500307 0.541491 0.018717 0.036568
1002 0.500307 0.578293 0.017490 0.029536
402 0.500153 0.616971 0.020865 0.037506
794 0.500307 0.657056 0.017490 0.028598
577 0.502915 0.697140 0.017183 0.034693
1018 0.503682 0.741913 0.017490 0.038912
363 0.503529 0.789733 0.019024 0.037975
541 0.502915 0.826067 0.017183 0.029067
971 0.502762 0.864276 0.016876 0.034224
38 0.504142 0.906939 0.019638 0.036099
262 0.423596 0.180263 0.019331 0.036099
288 0.424517 0.221050 0.016263 0.039850
950 0.424363 0.274262 0.017797 0.038444
114 0.427125 0.424519 0.019024 0.036099
143 0.425744 0.473511 0.017490 0.042194
994 0.425130 0.517581 0.020558 0.035631
842 0.422676 0.557665 0.019331 0.035162
129 0.422215 0.602672 0.018411 0.037975
778 0.422983 0.636428 0.020558 0.027661
436 0.421755 0.676278 0.018104 0.037975
173 0.419914 0.716596 0.021172 0.030474
571 0.419607 0.751289 0.023013 0.033286
402 0.421295 0.790670 0.016569 0.037037
647 0.419147 0.833568 0.019638 0.035631
721 0.419914 0.881622 0.018104 0.032349
389 0.420068 0.914440 0.019638 0.031411
672 0.421295 0.940694 0.020252 0.023910
962 0.392452 0.146038 0.024547 0.036099
419 0.393219 0.191983 0.022400 0.039850
505 0.391378 0.239803 0.026695 0.043601
1077 0.392298 0.325832 0.020558 0.028129
474 0.392298 0.364276 0.025468 0.040319
981 0.391838 0.413502 0.019024 0.038444
513 0.390917 0.459681 0.019638 0.043601
1041 0.387696 0.506095 0.025468 0.043601
906 0.388616 0.549226 0.024241 0.037037
829 0.388002 0.591655 0.019331 0.039381
571 0.390917 0.631739 0.026388 0.033286
778 0.387235 0.724566 0.021479 0.045476
866 0.388463 0.772152 0.021479 0.040319
528 0.387849 0.814112 0.022093 0.038912
148 0.388002 0.856306 0.018104 0.036099
603 0.390150 0.938584 0.025468 0.041256
393 0.361000 0.142522 0.022400 0.038444
143 0.359159 0.226207 0.026695 0.045476
757 0.359313 0.267464 0.023320 0.030474
474 0.357165 0.310361 0.019638 0.037506
255 0.359926 0.357478 0.023934 0.049226
105 0.357932 0.407876 0.018104 0.047820
972 0.354863 0.451008 0.021786 0.039381
905 0.357011 0.491561 0.024854 0.040788
1077 0.358852 0.535396 0.024241 0.041256
513 0.354863 0.578997 0.023013 0.040319
402 0.355477 0.618612 0.021172 0.032349
647 0.358239 0.660103 0.026695 0.048758
778 0.357778 0.708158 0.025775 0.043601
530 0.356551 0.754337 0.022093 0.043132
401 0.355477 0.805204 0.021172 0.041725
1032 0.357625 0.843647 0.020558 0.034224
366 0.357318 0.883029 0.022400 0.042663
94 0.355631 0.932021 0.019024 0.032818
1046 0.321264 0.142053 0.022706 0.042194
344 0.321724 0.177450 0.019945 0.023910
1044 0.321724 0.196906 0.020558 0.038444
778 0.320497 0.232302 0.021172 0.031411
259 0.320037 0.256915 0.020252 0.025316
129 0.320190 0.280591 0.018717 0.029536
89 0.320497 0.321144 0.019945 0.043132
1040 0.322645 0.357478 0.018717 0.024848
251 0.322798 0.367792 0.024547 0.046414
541 0.323105 0.395452 0.027616 0.039850
711 0.319577 0.438584 0.027309 0.044538
114 0.318349 0.488983 0.027923 0.037506
716 0.319883 0.527426 0.024241 0.040319
778 0.320344 0.566338 0.027616 0.042194
778 0.320497 0.611346 0.031605 0.046882
603 0.319577 0.661978 0.024854 0.045007
649 0.320804 0.753868 0.024241 0.043132
905 0.318503 0.801219 0.022093 0.041256
567 0.319883 0.846226 0.026695 0.039381
431 0.319116 0.895452 0.022093 0.041256
1032 0.320651 0.934599 0.022093 0.034224
129 0.321571 0.968120 0.025161 0.030942
351 0.278920 0.135256 0.017183 0.037037
778 0.277079 0.181200 0.027002 0.040788
152 0.276772 0.221050 0.025161 0.035162
259 0.275391 0.266760 0.023627 0.045007
577 0.280761 0.312940 0.031912 0.043601
402 0.278920 0.362166 0.030684 0.053915
941 0.277079 0.414205 0.025161 0.049226
474 0.276925 0.466479 0.024241 0.052508
402 0.278613 0.513361 0.020252 0.036568
647 0.278460 0.555790 0.019945 0.038912
711 0.277386 0.599859 0.026388 0.045476
1067 0.276158 0.655884 0.031298 0.055321
91 0.281375 0.705579 0.030684 0.039381
450 0.276925 0.751758 0.025468 0.040788
650 0.277079 0.795124 0.028230 0.039381
603 0.277386 0.839897 0.023320 0.045476
474 0.276158 0.887482 0.023320 0.043132
69 0.277079 0.901078 0.022093 0.022504
651 0.277999 0.949602 0.022093 0.054852
395 0.279840 0.977731 0.022093 0.026723
620 0.241025 0.136662 0.023627 0.046414
546 0.241485 0.186123 0.024547 0.038444
751 0.239951 0.230661 0.022093 0.036568
349 0.240718 0.268401 0.030377 0.038912
972 0.241178 0.311767 0.026388 0.045007
905 0.241178 0.335443 0.022706 0.094233
778 0.239951 0.364041 0.022706 0.050164
603 0.242406 0.409517 0.027002 0.039850
105 0.239951 0.459212 0.025161 0.049226
369 0.240871 0.509611 0.021479 0.043132
474 0.239030 0.553680 0.027002 0.043132
107 0.238570 0.602672 0.024241 0.049226
129 0.240258 0.650258 0.027002 0.040319
1018 0.239184 0.693858 0.023013 0.041256
402 0.239644 0.736756 0.027002 0.032349
794 0.239644 0.779653 0.027002 0.047820
158 0.239337 0.842475 0.029457 0.058134
541 0.240871 0.899672 0.025775 0.046882
971 0.238417 0.941163 0.023934 0.035162
501 0.239337 0.975387 0.027616 0.041725
814 0.199294 0.134552 0.024241 0.049695
505 0.202056 0.185888 0.026695 0.045476
1018 0.199755 0.232302 0.020865 0.040788
716 0.199448 0.276137 0.019638 0.037506
778 0.200982 0.320675 0.026388 0.041256
63 0.201749 0.371777 0.026695 0.045945
474 0.199755 0.425692 0.025161 0.045945
402 0.200368 0.479606 0.028230 0.049695
442 0.199141 0.531646 0.030071 0.046882
164 0.198527 0.586029 0.027616 0.036568
69 0.201442 0.623769 0.030991 0.037975
505 0.202363 0.671589 0.029150 0.050164
143 0.199141 0.721753 0.028843 0.045476
513 0.200522 0.767698 0.029764 0.037975
438 0.198527 0.812940 0.023320 0.047820
344 0.196840 0.865213 0.029764 0.048289
142 0.202516 0.962260 0.031912 0.049226
402 0.154956 0.129630 0.025775 0.043601
442 0.156950 0.161510 0.023013 0.026723
791 0.157871 0.196437 0.026082 0.038444
505 0.158024 0.242616 0.027002 0.045476
294 0.158177 0.289733 0.032832 0.046882
673 0.155876 0.330520 0.032525 0.038444
431 0.156029 0.376934 0.027309 0.045007
143 0.158024 0.426160 0.035594 0.047820
288 0.156797 0.475621 0.026388 0.046414
129 0.156797 0.516174 0.028843 0.033755
696 0.161399 0.558368 0.030684 0.039381
284 0.156336 0.606892 0.027923 0.041725
232 0.156950 0.653540 0.025468 0.048758
474 0.159865 0.704173 0.029457 0.045007
167 0.160172 0.761135 0.030684 0.047351
936 0.159405 0.805438 0.026695 0.035631
603 0.160479 0.851617 0.030071 0.041725
38 0.162013 0.900609 0.033753 0.042194
262 0.156490 0.945382 0.027616 0.042663
129 0.157103 0.982419 0.027616 0.033286
306 0.114145 0.130333 0.023934 0.045007
474 0.112765 0.184248 0.024854 0.048758
332 0.111537 0.238162 0.030377 0.050633
505 0.113532 0.284107 0.026388 0.044069
402 0.116447 0.336615 0.027923 0.054383
710 0.113685 0.425692 0.021786 0.044069
402 0.113839 0.463432 0.020865 0.028598
941 0.112918 0.496484 0.020252 0.033755
505 0.113839 0.541022 0.026388 0.047820
785 0.111384 0.588608 0.026388 0.043601
697 0.112458 0.645335 0.023627 0.049226
505 0.113839 0.701360 0.027002 0.048758
651 0.112304 0.749648 0.022706 0.044069
367 0.111077 0.791139 0.021479 0.038912
829 0.111384 0.835209 0.019638 0.041725
1049 0.110617 0.875996 0.024854 0.040788
555 0.112765 0.929677 0.029764 0.049695
934 0.110463 0.971871 0.024547 0.037506