683 0.805308 0.133146 0.027923 0.035631
716 0.805155 0.173465 0.033139 0.040319
778 0.806536 0.216596 0.023627 0.037506
474 0.807763 0.259962 0.026695 0.045476
402 0.806689 0.312471 0.033139 0.052039
567 0.807456 0.360759 0.026082 0.042663
98 0.808990 0.407876 0.033446 0.053446
69 0.809604 0.459212 0.030377 0.045476
1032 0.810985 0.505157 0.024547 0.042663
391 0.812366 0.552274 0.030377 0.045007
334 0.815741 0.608298 0.030377 0.055790
778 0.812366 0.660338 0.031605 0.046414
401 0.815741 0.706048 0.029764 0.045945
796 0.816201 0.785279 0.030684 0.051571
344 0.814360 0.841303 0.035594 0.050164
778 0.814360 0.893812 0.028843 0.050164
672 0.815894 0.948195 0.025775 0.055790
263 0.757134 0.136896 0.043265 0.045007
115 0.756827 0.230661 0.029150 0.043132
811 0.760509 0.321378 0.024241 0.032349
1067 0.760970 0.360759 0.027002 0.047351
91 0.764345 0.406001 0.036821 0.048758
857 0.763885 0.456399 0.030991 0.047351
344 0.764191 0.504923 0.037742 0.042194
778 0.761737 0.551336 0.027923 0.045945
263 0.763424 0.604782 0.030684 0.040319
85 0.762504 0.650492 0.023934 0.047351
166 0.765419 0.689639 0.023013 0.029067
1067 0.764038 0.738397 0.030684 0.058134
91 0.766186 0.788326 0.029457 0.039850
857 0.767106 0.834271 0.037435 0.046414
143 0.764959 0.880450 0.028230 0.043132
344 0.766953 0.923347 0.037742 0.040788
778 0.766493 0.963432 0.033753 0.042194
263 0.710034 0.180731 0.034366 0.037975
308 0.711875 0.225738 0.028843 0.046414
166 0.713562 0.269105 0.023013 0.032818
663 0.714636 0.313643 0.033139 0.046882
441 0.714790 0.352555 0.027923 0.033755
5 0.717245 0.389358 0.037742 0.035162
98 0.713256 0.438584 0.030991 0.059541
595 0.714176 0.493905 0.023627 0.039850
603 0.714176 0.541022 0.030377 0.051571
787 0.715710 0.594233 0.026082 0.046414
402 0.714943 0.642522 0.025161 0.042663
474 0.716477 0.682372 0.026388 0.037037
55 0.718012 0.731833 0.033139 0.044069
747 0.716938 0.810361 0.027923 0.048289
380 0.719239 0.856540 0.031912 0.041256
395 0.719392 0.891702 0.024854 0.030942
1018 0.719546 0.925692 0.026388 0.037975
109 0.721080 0.963197 0.029457 0.037975
148 0.667843 0.274730 0.030377 0.051571
450 0.669684 0.324426 0.030377 0.042194
747 0.670604 0.369198 0.027923 0.049226
136 0.673673 0.421472 0.027309 0.045007
221 0.671372 0.468589 0.027616 0.042663
105 0.670604 0.516643 0.029150 0.047820
1032 0.671678 0.566104 0.031912 0.053915
498 0.672139 0.619081 0.029150 0.039850
721 0.672446 0.665963 0.031605 0.046414
389 0.675207 0.712846 0.029150 0.042663
380 0.675974 0.763947 0.022706 0.049226
107 0.679043 0.806376 0.031298 0.034693
888 0.625038 0.139241 0.025775 0.039381
105 0.628414 0.178856 0.034980 0.035162
383 0.626266 0.217768 0.020252 0.032349
109 0.624578 0.259025 0.026082 0.041725
706 0.627033 0.307782 0.038969 0.048289
879 0.625345 0.349508 0.031912 0.031411
148 0.624271 0.386076 0.027923 0.046414
105 0.627033 0.431786 0.030991 0.043132
1032 0.630101 0.473511 0.030377 0.041256
380 0.629948 0.517346 0.025161 0.043601
539 0.631175 0.561650 0.027002 0.041256
69 0.631329 0.599156 0.026695 0.030005
778 0.630101 0.640881 0.030377 0.050633
356 0.632556 0.688936 0.032218 0.039850
439 0.632096 0.730895 0.027002 0.046882
470 0.632096 0.781060 0.026388 0.054383
470 0.635624 0.838725 0.027923 0.053446
672 0.634397 0.887014 0.023627 0.039381
136 0.634857 0.907876 0.020252 0.029536
221 0.634397 0.961556 0.014422 0.025316
778 0.584535 0.148148 0.022706 0.040319
366 0.584535 0.191514 0.022706 0.043601
402 0.584535 0.229255 0.025161 0.035631
710 0.583768 0.267698 0.023013 0.040319
69 0.585149 0.305438 0.022093 0.035162
1032 0.584689 0.333568 0.020558 0.026723
941 0.583615 0.368261 0.021479 0.047351
651 0.585609 0.417487 0.026082 0.042663
609 0.583768 0.460619 0.024241 0.042663
956 0.584995 0.500703 0.018717 0.038444
609 0.584689 0.545476 0.021786 0.046414
264 0.586223 0.590248 0.023627 0.043132
868 0.586836 0.635959 0.023013 0.042663
749 0.587297 0.682372 0.023320 0.043601
1018 0.587297 0.724801 0.022706 0.042194
36 0.589138 0.771917 0.023934 0.045476
344 0.588371 0.860525 0.022400 0.040788
845 0.590365 0.901078 0.023934 0.040319
474 0.590519 0.939991 0.024854 0.037506
166 0.547407 0.198312 0.025161 0.043132
62 0.546640 0.239334 0.021786 0.039850
158 0.546640 0.276371 0.026082 0.030474
143 0.546947 0.317159 0.024854 0.044538
419 0.547100 0.362869 0.022093 0.040319
404 0.546487 0.405063 0.025161 0.046882
949 0.546793 0.448429 0.023320 0.039850
148 0.546026 0.488748 0.026082 0.037037
778 0.547407 0.577121 0.023320 0.048758
541 0.547407 0.627286 0.025161 0.045945
711 0.549402 0.676278 0.028536 0.050164
143 0.549555 0.722457 0.023320 0.044069
786 0.550015 0.764885 0.020558 0.039850
969 0.549248 0.807782 0.022706 0.041256
751 0.550322 0.844585 0.019945 0.030474
474 0.550782 0.872011 0.019024 0.036568
117 0.551089 0.906235 0.022706 0.038444
941 0.551703 0.931083 0.019638 0.032818
751 0.509359 0.226207 0.016569 0.024848
514 0.509205 0.244257 0.016263 0.026254
1032 0.509666 0.275668 0.019638 0.035631
924 0.511046 0.330520 0.019331 0.024379
943 0.512274 0.363807 0.024854 0.037506
1063 0.513654 0.404126 0.022706 0.038444
1063 0.513808 0.428036 0.017490 0.024379