1080 0.823412 0.138772 0.031605 0.046882
829 0.825867 0.180028 0.023013 0.036568
571 0.824333 0.222925 0.021786 0.046414
474 0.826481 0.268636 0.031605 0.035631
794 0.824946 0.306142 0.024241 0.037506
158 0.822645 0.340366 0.027002 0.033755
609 0.823259 0.380684 0.027002 0.040319
834 0.824486 0.423347 0.023320 0.043132
650 0.823105 0.469761 0.026082 0.047820
603 0.823259 0.523441 0.026388 0.037975
778 0.822645 0.567042 0.022706 0.051102
794 0.819270 0.610877 0.030071 0.034693
974 0.824026 0.645335 0.032832 0.034224
622 0.821571 0.688936 0.027309 0.047351
595 0.823719 0.735818 0.025468 0.043601
36 0.823105 0.775668 0.021786 0.033286
603 0.822798 0.814112 0.023013 0.037037
697 0.821878 0.853962 0.029764 0.037975
475 0.824026 0.897562 0.023627 0.038912
472 0.825560 0.935771 0.024854 0.032818
69 0.826327 0.972105 0.025161 0.039850
794 0.773090 0.138537 0.023013 0.046414
158 0.772630 0.188233 0.021479 0.039850
981 0.773857 0.231130 0.028230 0.041256
778 0.776772 0.275902 0.026082 0.038912
436 0.773857 0.318800 0.024547 0.044069
928 0.772936 0.373183 0.025161 0.041256
794 0.772169 0.411861 0.020558 0.039850
995 0.775391 0.452414 0.027616 0.036568
769 0.773090 0.493202 0.027309 0.044069
1077 0.773550 0.532349 0.028230 0.037975
401 0.775851 0.576418 0.027923 0.042663
769 0.776312 0.626113 0.022093 0.042663
1059 0.774471 0.665963 0.022706 0.028598
474 0.774778 0.703704 0.028843 0.043132
798 0.776772 0.744023 0.027309 0.037506
1077 0.777232 0.780591 0.027616 0.038444
822 0.777079 0.818565 0.027309 0.033755
928 0.776925 0.858650 0.022706 0.037037
629 0.775851 0.898031 0.023013 0.042663
142 0.775545 0.946789 0.020558 0.043601
629 0.773857 0.981716 0.025775 0.030005
778 0.733354 0.136662 0.020865 0.038912
1048 0.733507 0.176746 0.024241 0.030005
794 0.732894 0.216128 0.021786 0.039381
158 0.730899 0.262072 0.023320 0.038444
995 0.730746 0.308251 0.020558 0.043601
651 0.732433 0.351617 0.021479 0.045945
173 0.730439 0.394515 0.026082 0.034224
393 0.730592 0.432958 0.023934 0.035162
107 0.732433 0.466010 0.027002 0.032818
778 0.733814 0.507032 0.024241 0.046414
794 0.737036 0.558368 0.030071 0.047820
351 0.734428 0.606423 0.025468 0.042663
415 0.731513 0.654008 0.025161 0.052508
121 0.729211 0.704173 0.025468 0.035631
1077 0.729365 0.745663 0.022093 0.039850
721 0.728751 0.778715 0.022706 0.030005
441 0.731820 0.847632 0.036207 0.042194
603 0.728598 0.893812 0.023013 0.042663
105 0.729211 0.937178 0.019945 0.044069
1032 0.729365 0.975621 0.027616 0.031880
924 0.690703 0.140413 0.023934 0.042663
6 0.689475 0.186826 0.028843 0.045476
411 0.690856 0.235349 0.035287 0.040319
930 0.692237 0.270511 0.030684 0.030942
97 0.691930 0.309189 0.024547 0.034224
603 0.690856 0.354665 0.023627 0.046414
152 0.690396 0.404594 0.023934 0.035631
650 0.689629 0.439991 0.024854 0.038912
798 0.691316 0.490624 0.026388 0.045476
1077 0.690703 0.538678 0.019638 0.043132
143 0.693157 0.583919 0.025161 0.038912
446 0.691010 0.632443 0.029457 0.048758
270 0.691930 0.737225 0.028843 0.044538
778 0.694692 0.782232 0.027002 0.035162
541 0.691470 0.826301 0.023627 0.042663
845 0.690856 0.873887 0.021786 0.046882
474 0.691470 0.966245 0.023013 0.033755
822 0.648205 0.140413 0.027923 0.039850
928 0.651427 0.177918 0.023934 0.030474
69 0.652347 0.217065 0.025775 0.044069
995 0.651273 0.264416 0.021172 0.040319
930 0.649279 0.339662 0.029457 0.046414
173 0.651427 0.383029 0.028843 0.039381
1077 0.649893 0.423347 0.022706 0.042194
472 0.649739 0.469526 0.025468 0.046414
69 0.651120 0.515940 0.028843 0.040788
981 0.650353 0.557431 0.024241 0.043132
603 0.649432 0.610173 0.019945 0.046414
778 0.650660 0.661744 0.023013 0.039850
794 0.649586 0.685185 0.023934 0.081106
1077 0.649739 0.706048 0.030377 0.045007
393 0.648819 0.752461 0.026695 0.041256
107 0.646824 0.836850 0.020865 0.038444
1077 0.649279 0.849508 0.027002 0.054383
1067 0.650660 0.877168 0.029150 0.033755
91 0.648665 0.910689 0.028230 0.032349
450 0.648972 0.947961 0.025161 0.043132
650 0.608009 0.149086 0.032218 0.047820
380 0.607548 0.193155 0.030071 0.036568
231 0.604940 0.238631 0.024241 0.043132
233 0.607088 0.285513 0.026695 0.041256
778 0.606935 0.325832 0.027002 0.033755
402 0.605707 0.365213 0.034366 0.043132
941 0.607241 0.413971 0.023934 0.043132
829 0.608929 0.554149 0.016876 0.039381
371 0.606628 0.596812 0.025161 0.045945
831 0.606628 0.644398 0.022706 0.044538
993 0.610003 0.690108 0.024547 0.027192
775 0.607548 0.726676 0.024547 0.040319
636 0.606935 0.776840 0.030684 0.045945
65 0.605707 0.827942 0.026388 0.048758
145 0.604480 0.868026 0.023320 0.030474
954 0.604633 0.902016 0.020558 0.033755
919 0.586836 0.595171 0.064130 0.039850
227 0.588524 0.824426 0.061369 0.043601
1003 0.568733 0.153305 0.027309 0.042194
595 0.568119 0.206282 0.019945 0.035631
697 0.567505 0.245898 0.023013 0.041725
971 0.564437 0.291139 0.023627 0.045007
344 0.566431 0.384904 0.019024 0.043132
993 0.569040 0.471871 0.021786 0.036099
775 0.569193 0.549695 0.022706 0.046414
1077 0.569193 0.594468 0.028230 0.039381
928 0.569040 0.640413 0.021172 0.044069
612 0.565971 0.686357 0.029150 0.041256
1033 0.568733 0.728083 0.023013 0.039381
465 0.569193 0.771449 0.026388 0.038912
254 0.571187 0.822316 0.027309 0.045007
1034 0.569807 0.911861 0.025161 0.041256
1067 0.570420 0.945382 0.024547 0.031411
91 0.533292 0.158931 0.018411 0.042194
778 0.533753 0.202766 0.021786 0.025785
143 0.531605 0.288795 0.019945 0.037506
513 0.532525 0.326770 0.021786 0.038444
541 0.532218 0.364510 0.019945 0.040788
1077 0.532218 0.409986 0.023013 0.043601
791 0.534673 0.507032 0.017490 0.035162
380 0.535133 0.545241 0.015956 0.033755
356 0.532679 0.584623 0.019638 0.039381
574 0.534520 0.643929 0.020252 0.045476
1070 0.532372 0.688936 0.019638 0.039850
474 0.533292 0.735584 0.030071 0.045007
105 0.534980 0.780591 0.021786 0.043132
143 0.537128 0.818331 0.024241 0.028598
173 0.537435 0.852555 0.023627 0.036099
270 0.537742 0.883966 0.020558 0.022035
176 0.536207 0.920300 0.018104 0.043132
436 0.502455 0.159869 0.019945 0.038444
603 0.503375 0.201125 0.017490 0.036568
778 0.502301 0.251289 0.016569 0.039381
546 0.501534 0.293249 0.016876 0.036099
1002 0.502762 0.332865 0.020558 0.033755
871 0.503068 0.377168 0.019331 0.037037
546 0.502762 0.414674 0.019331 0.032349
612 0.502915 0.449602 0.020252 0.030005
645 0.503222 0.488279 0.019638 0.039850
860 0.503068 0.579700 0.017490 0.034224
229 0.504296 0.679559 0.018717 0.036099
870 0.503836 0.720581 0.021479 0.033755
401 0.502455 0.769339 0.020558 0.045007
642 0.501994 0.818097 0.020252 0.042194
685 0.504296 0.865682 0.020558 0.032349
958 0.448144 0.140881 0.019945 0.038912
34 0.447223 0.233240 0.018717 0.037975
474 0.448450 0.279184 0.016263 0.035162
779 0.448757 0.361228 0.019331 0.039850
69 0.450292 0.441866 0.018104 0.022972
380 0.449064 0.477262 0.015649 0.044069
356 0.448450 0.522269 0.015649 0.039381
362 0.449371 0.564463 0.016263 0.040319
651 0.448144 0.615096 0.019331 0.038444
344 0.446916 0.659400 0.021172 0.037037
993 0.448911 0.692452 0.017797 0.024379
1077 0.448757 0.729255 0.017490 0.040788
1002 0.448144 0.781763 0.017490 0.043601
95 0.447837 0.831692 0.018717 0.037506
1015 0.447376 0.880450 0.018411 0.037506
172 0.449064 0.920534 0.017490 0.033286
571 0.428506 0.479606 0.043878 0.042194
370 0.417459 0.144866 0.021172 0.052508
778 0.417766 0.199484 0.021172 0.042663
546 0.416232 0.290202 0.029150 0.041256
393 0.417459 0.338725 0.021172 0.041725
824 0.417613 0.383497 0.022093 0.041256
82 0.419454 0.430849 0.024547 0.044069
311 0.417766 0.479372 0.018717 0.041725
34 0.416385 0.524848 0.018411 0.036099
69 0.417459 0.561885 0.025468 0.041725
993 0.416539 0.597750 0.020558 0.034693
775 0.416539 0.617206 0.016876 0.046414
636 0.416079 0.669480 0.014115 0.040319
65 0.418687 0.723629 0.019331 0.043601
145 0.419761 0.757384 0.015342 0.029536
474 0.419300 0.815752 0.021172 0.040319
697 0.419914 0.914205 0.020558 0.043132
837 0.384781 0.184951 0.023934 0.048289
794 0.384934 0.230192 0.021786 0.043132
880 0.385855 0.278715 0.027923 0.048289
451 0.383860 0.324660 0.025161 0.039850
921 0.383093 0.369198 0.026082 0.045476
944 0.384627 0.423816 0.025468 0.052508
105 0.383553 0.479606 0.023934 0.045007
1032 0.383246 0.528129 0.025775 0.044538
778 0.383246 0.577825 0.025775 0.048289
794 0.384014 0.626817 0.021172 0.035631
308 0.383860 0.672293 0.022093 0.044069
1046 0.385241 0.728317 0.023627 0.056728
571 0.384014 0.796765 0.027309 0.058603
880 0.384934 0.845757 0.020558 0.039381
516 0.384934 0.889592 0.020558 0.038912
311 0.388770 0.969995 0.023934 0.041256
34 0.367751 0.932255 0.060448 0.038912
474 0.345505 0.127989 0.029457 0.043132
472 0.346118 0.180966 0.025161 0.047820
436 0.345351 0.232302 0.029764 0.048289
6 0.343971 0.286451 0.023934 0.044069
566 0.344891 0.333333 0.025161 0.041256
778 0.344891 0.388186 0.028843 0.055321
503 0.343357 0.501406 0.019638 0.049226
419 0.346118 0.596578 0.020865 0.045476
993 0.346272 0.639241 0.025468 0.037037
775 0.344738 0.679325 0.019331 0.033755
636 0.347039 0.726442 0.022706 0.043601
65 0.348113 0.778950 0.022400 0.052039
145 0.345965 0.833333 0.021172 0.037975
1046 0.345044 0.854196 0.025468 0.041256
571 0.346118 0.894515 0.025775 0.035631
778 0.349340 0.934365 0.024854 0.034693
516 0.346579 0.972808 0.034673 0.035631
436 0.300245 0.127989 0.027923 0.054383
5 0.299632 0.179794 0.021172 0.039850
600 0.299939 0.227379 0.024854 0.047820
34 0.303467 0.276371 0.032525 0.040788
1004 0.301319 0.325363 0.025775 0.048758
287 0.302087 0.370605 0.028536 0.045476
846 0.301013 0.422175 0.031912 0.050164
642 0.303314 0.479606 0.027309 0.047820
685 0.302240 0.525316 0.032525 0.037037
541 0.304081 0.571261 0.030684 0.049226
711 0.299325 0.623066 0.023013 0.046882
393 0.300245 0.664088 0.019331 0.034224
874 0.302393 0.680497 0.026082 0.053915
34 0.304234 0.699484 0.035287 0.040319
431 0.303314 0.750820 0.030377 0.055790
791 0.301319 0.803563 0.027616 0.047820
105 0.301626 0.857009 0.022093 0.043132
766 0.302087 0.900609 0.026695 0.045007
393 0.303007 0.948195 0.027309 0.040788
1002 0.305155 0.984294 0.026082 0.031411
871 0.258515 0.126348 0.024241 0.051102
993 0.258208 0.176512 0.019945 0.035162
775 0.258822 0.195968 0.019331 0.037506
1077 0.258515 0.228786 0.023627 0.041256
474 0.258361 0.275199 0.028230 0.043132
332 0.260509 0.320441 0.031298 0.044538
546 0.259896 0.366854 0.027616 0.049226
697 0.260049 0.416549 0.027309 0.049226
794 0.259896 0.472808 0.027002 0.046414
472 0.262350 0.519925 0.029457 0.040319
402 0.257441 0.561181 0.025775 0.033755
647 0.259435 0.602672 0.024241 0.046414
710 0.259589 0.654946 0.023934 0.050633
105 0.260203 0.704641 0.030684 0.043132
436 0.261276 0.755509 0.020558 0.041725
34 0.261890 0.809189 0.023013 0.060009
880 0.261276 0.864041 0.028536 0.038444
474 0.263118 0.901782 0.021786 0.032349
402 0.262811 0.944210 0.021172 0.040319
38 0.262044 0.983122 0.024547 0.031880
262 0.215403 0.127286 0.027616 0.051102
993 0.214483 0.183544 0.020252 0.051102
775 0.214636 0.210736 0.026082 0.068917
1077 0.215710 0.247539 0.025775 0.076887
697 0.216017 0.277543 0.023934 0.045007
794 0.218625 0.325832 0.028536 0.049695
1018 0.220006 0.374824 0.028843 0.044538
436 0.216324 0.424519 0.027616 0.046414
5 0.217551 0.472339 0.023934 0.038912
489 0.214636 0.517815 0.038969 0.040788
600 0.220160 0.578059 0.029764 0.054383
1048 0.219392 0.635490 0.030684 0.060478
474 0.218779 0.687529 0.030684 0.042663
402 0.219546 0.731130 0.027309 0.039850
647 0.217091 0.783872 0.026695 0.054383
642 0.220773 0.834037 0.027923 0.039381
685 0.219546 0.885138 0.030991 0.052508
393 0.222001 0.947023 0.027923 0.049695
306 0.170298 0.124707 0.031298 0.045945
474 0.170144 0.179090 0.027309 0.048758
697 0.168610 0.228317 0.028536 0.051571
749 0.173673 0.275434 0.030684 0.044538
429 0.171372 0.329114 0.024854 0.048758
880 0.172292 0.381857 0.025468 0.044538
1018 0.168457 0.434130 0.022706 0.046882
874 0.172599 0.488514 0.028536 0.054383
325 0.170604 0.537506 0.025161 0.043601
34 0.168763 0.584857 0.037435 0.051102
431 0.169377 0.643694 0.030684 0.050633
308 0.168610 0.687529 0.026695 0.041725
142 0.171218 0.730895 0.026388 0.047820
1065 0.170604 0.785982 0.025775 0.050164
105 0.171985 0.843647 0.024241 0.051102
766 0.173673 0.896624 0.028230 0.051102
541 0.173519 0.953118 0.026082 0.050633
845 0.125038 0.120956 0.027309 0.040319
143 0.121817 0.172996 0.027616 0.057196
5 0.122430 0.273558 0.023934 0.040788
24 0.123658 0.317628 0.028230 0.051102
262 0.122584 0.369902 0.031605 0.046882
308 0.122430 0.419128 0.027002 0.053446
142 0.120743 0.475621 0.023013 0.041725
38 0.123351 0.519456 0.032525 0.048758
566 0.120743 0.573136 0.024854 0.037975
721 0.123658 0.617440 0.031912 0.045945
441 0.124578 0.681435 0.028843 0.047351
880 0.124885 0.735115 0.028230 0.057196
824 0.123811 0.800985 0.028536 0.052039
82 0.126266 0.857009 0.032218 0.048758
69 0.126726 0.903422 0.025161 0.044069
791 0.127953 0.954290 0.028230 0.052039
778 0.127186 0.990624 0.019331 0.018753