727 0.810064 0.115331 0.023320 0.042194
38 0.810678 0.159400 0.016569 0.030942
262 0.809758 0.244726 0.020252 0.041256
133 0.810064 0.288561 0.023320 0.040788
672 0.813593 0.369667 0.023013 0.040788
331 0.812519 0.411861 0.028230 0.042663
749 0.813747 0.453586 0.031912 0.041725
539 0.813133 0.501641 0.023934 0.047820
474 0.814667 0.552508 0.025161 0.050164
673 0.817275 0.601031 0.021786 0.046882
366 0.818042 0.644398 0.019024 0.037975
571 0.819577 0.684482 0.019638 0.041256
804 0.818503 0.731130 0.021786 0.045476
845 0.819883 0.784576 0.023934 0.043601
310 0.819883 0.827707 0.022093 0.043601
108 0.768180 0.304501 0.026695 0.050164
228 0.767260 0.351383 0.021786 0.039850
143 0.766800 0.400141 0.022706 0.050164
783 0.770021 0.445617 0.026695 0.037975
594 0.768487 0.492030 0.023627 0.043601
143 0.767260 0.535865 0.027309 0.041256
441 0.771402 0.581106 0.025775 0.044538
594 0.773857 0.631739 0.028230 0.046414
474 0.776005 0.680731 0.027002 0.051571
1080 0.777386 0.733005 0.019945 0.044538
610 0.724302 0.116034 0.023013 0.035162
942 0.725222 0.155180 0.019945 0.037506
943 0.726757 0.199250 0.022400 0.040319
595 0.727217 0.237693 0.020865 0.040319
308 0.728137 0.278950 0.022093 0.036568
130 0.728444 0.324426 0.023320 0.039381
561 0.728137 0.368495 0.023934 0.044069
871 0.729979 0.416549 0.028230 0.040788
944 0.731052 0.458040 0.027309 0.042194
778 0.731052 0.503282 0.024241 0.050164
546 0.729672 0.553211 0.023934 0.039381
697 0.729518 0.591421 0.027309 0.041725
105 0.733047 0.631505 0.036207 0.039381
526 0.729518 0.678856 0.029150 0.054383
539 0.731359 0.727379 0.023627 0.040788
1017 0.731820 0.768636 0.019638 0.042663
776 0.729058 0.815752 0.025775 0.047820
351 0.731206 0.860525 0.020865 0.040788
436 0.731666 0.901078 0.021172 0.040319
310 0.716017 0.364979 0.049402 0.043601
950 0.687481 0.122597 0.021786 0.042663
1078 0.687327 0.167839 0.021479 0.044069
129 0.689015 0.214487 0.023013 0.041725
26 0.688248 0.264182 0.023320 0.040788
1046 0.690242 0.304266 0.023627 0.036568
357 0.688862 0.353258 0.023320 0.046414
420 0.687634 0.398031 0.027616 0.039381
697 0.690703 0.444679 0.025161 0.048289
3 0.691316 0.495077 0.023934 0.038444
1080 0.689936 0.533521 0.021172 0.039381
1017 0.690242 0.569620 0.020558 0.035631
402 0.689936 0.613690 0.025468 0.044069
710 0.690089 0.634318 0.021479 0.090014
380 0.689629 0.663150 0.020558 0.038912
258 0.690242 0.708626 0.023013 0.039850
1046 0.690549 0.750352 0.021172 0.045476
995 0.692390 0.799812 0.021172 0.047820
154 0.692390 0.851383 0.022400 0.044069
571 0.692544 0.894749 0.020865 0.037037
751 0.693157 0.926629 0.019024 0.028598
603 0.693618 0.962494 0.018104 0.042194
961 0.651427 0.127520 0.022093 0.039381
880 0.651120 0.161041 0.018411 0.027661
1002 0.650967 0.196906 0.026082 0.040319
925 0.650660 0.231364 0.019331 0.028598
39 0.652041 0.269808 0.027002 0.037975
657 0.652501 0.308486 0.025468 0.035631
3 0.652347 0.349742 0.025161 0.041256
105 0.652808 0.387014 0.024241 0.036099
143 0.655723 0.437178 0.023320 0.038912
944 0.655262 0.476324 0.023013 0.038444
778 0.654649 0.520628 0.019945 0.041725
603 0.653268 0.620253 0.028230 0.045945
402 0.658024 0.665729 0.027309 0.040319
367 0.657103 0.748242 0.024241 0.050633
439 0.658484 0.842944 0.021479 0.044069
546 0.657871 0.884904 0.025161 0.035162
105 0.660479 0.927098 0.022400 0.039850
785 0.641915 0.662213 0.059527 0.040788
474 0.642222 0.792311 0.058300 0.044069
142 0.615680 0.130567 0.022400 0.033286
539 0.615986 0.168073 0.019331 0.037037
38 0.617981 0.211439 0.022093 0.043132
262 0.619669 0.258087 0.022400 0.044538
672 0.618595 0.304032 0.022093 0.040788
257 0.618288 0.342710 0.021479 0.033755
474 0.617521 0.385373 0.024854 0.046882
697 0.616907 0.429442 0.021172 0.040319
3 0.617367 0.477028 0.025161 0.045476
105 0.617214 0.525082 0.020558 0.036568
944 0.617674 0.566807 0.022093 0.041256
778 0.619515 0.611111 0.020252 0.037975
1078 0.617367 0.654477 0.019638 0.046882
436 0.617674 0.699484 0.020865 0.036568
129 0.620896 0.740272 0.024854 0.043132
880 0.622277 0.786685 0.022706 0.047820
105 0.620589 0.835912 0.023013 0.040319
1078 0.619362 0.872949 0.024854 0.032818
631 0.623044 0.923347 0.019945 0.052977
605 0.584075 0.135256 0.024854 0.040788
402 0.586683 0.178153 0.025161 0.039381
941 0.587450 0.218237 0.023627 0.036099
1004 0.585916 0.261369 0.019331 0.039850
46 0.585763 0.338022 0.022093 0.038444
129 0.585149 0.411158 0.027616 0.037506
26 0.585763 0.450305 0.022093 0.030474
1077 0.583921 0.484529 0.018411 0.034224
963 0.584842 0.527895 0.023320 0.040319
1038 0.586223 0.568683 0.027309 0.037506
474 0.586069 0.606423 0.023320 0.034224
944 0.585302 0.649789 0.021172 0.044069
672 0.584842 0.690811 0.025775 0.033286
351 0.585763 0.771917 0.022093 0.031411
431 0.587757 0.808017 0.021786 0.038912
1046 0.588984 0.846929 0.029150 0.035162
474 0.589598 0.889358 0.019331 0.037506
252 0.588524 0.932958 0.022093 0.035631
403 0.551703 0.143929 0.025775 0.046882
76 0.552010 0.188233 0.016569 0.030474
651 0.551703 0.225973 0.019024 0.042194
456 0.550936 0.275902 0.023627 0.037975
393 0.551856 0.314112 0.024854 0.036568
697 0.551856 0.347867 0.021786 0.035631
1 0.551856 0.388654 0.022400 0.039381
1080 0.553544 0.436474 0.027002 0.048758
829 0.552930 0.481950 0.022706 0.042194
571 0.554004 0.611346 0.018717 0.035631
804 0.554771 0.686123 0.022093 0.039850
673 0.554004 0.723863 0.020558 0.030942
402 0.555692 0.755509 0.022706 0.031411
647 0.554925 0.794655 0.021786 0.044069
381 0.556459 0.840366 0.020558 0.043601
76 0.559527 0.884669 0.021172 0.042194
158 0.559374 0.907876 0.020865 0.082982
925 0.553851 0.924051 0.030684 0.045007
403 0.558300 0.930380 0.017490 0.040788
595 0.539736 0.529536 0.050936 0.041725
24 0.521632 0.147211 0.020865 0.047820
262 0.523167 0.199484 0.022093 0.045476
69 0.523934 0.239803 0.023627 0.037975
87 0.521786 0.281997 0.018717 0.037975
546 0.522553 0.321378 0.019638 0.040788
105 0.523627 0.402719 0.020558 0.039381
1002 0.523167 0.446320 0.019024 0.042194
672 0.524241 0.527895 0.018717 0.042194
392 0.524394 0.573605 0.017797 0.039850
81 0.526082 0.616971 0.027923 0.045945
474 0.525008 0.663150 0.018411 0.042663
697 0.524701 0.703469 0.019024 0.038912
105 0.524547 0.745898 0.018717 0.041256
290 0.523780 0.837318 0.019024 0.034693
402 0.523780 0.909986 0.019024 0.039381
656 0.436484 0.123769 0.023013 0.043132
474 0.438631 0.171355 0.018717 0.035162
472 0.440166 0.259728 0.016876 0.034693
69 0.441086 0.298640 0.015649 0.036568
1067 0.442007 0.375996 0.018104 0.030942
91 0.442927 0.402250 0.017490 0.030942
450 0.442314 0.436240 0.017490 0.028598
756 0.442160 0.470230 0.018411 0.038444
402 0.441086 0.522972 0.019945 0.046414
710 0.441393 0.578059 0.023013 0.047820
711 0.440626 0.622597 0.020252 0.038444
325 0.439552 0.663385 0.020558 0.039381
672 0.440626 0.703469 0.019638 0.034224
351 0.440473 0.746835 0.019945 0.044069
436 0.441086 0.785513 0.021172 0.034224
310 0.441086 0.824191 0.019945 0.038444
794 0.438785 0.933896 0.026388 0.037506
472 0.401504 0.117909 0.026695 0.041725
402 0.404265 0.172996 0.024241 0.045007
442 0.405799 0.221285 0.023627 0.033755
393 0.405032 0.257150 0.024547 0.039850
218 0.406260 0.300047 0.024547 0.042194
19 0.408868 0.342710 0.021786 0.040319
804 0.408407 0.384201 0.021479 0.043601
393 0.407027 0.432021 0.021172 0.038912
332 0.408714 0.466010 0.021479 0.029067
546 0.407794 0.543601 0.020865 0.031411
697 0.406873 0.581341 0.025161 0.042194
993 0.406720 0.621894 0.019945 0.028598
401 0.407487 0.658462 0.024547 0.043601
1 0.405646 0.702297 0.023320 0.045945
1046 0.406566 0.747070 0.030071 0.038912
1017 0.406720 0.795359 0.021786 0.045476
1046 0.408101 0.840600 0.020865 0.045945
344 0.408868 0.886779 0.020558 0.039850
14 0.367291 0.117206 0.022706 0.043132
393 0.367751 0.166198 0.020558 0.046414
697 0.369285 0.224332 0.023013 0.045476
993 0.369899 0.273324 0.024854 0.035631
143 0.369899 0.369902 0.024241 0.046882
905 0.369285 0.420534 0.024854 0.044069
855 0.369285 0.465307 0.024241 0.043601
439 0.371126 0.507032 0.023013 0.035162
956 0.374041 0.543366 0.021479 0.037506
442 0.372353 0.591655 0.024241 0.042194
105 0.372353 0.634552 0.021786 0.034224
602 0.373427 0.671355 0.030684 0.034693
993 0.372507 0.714955 0.020865 0.046882
308 0.374041 0.763947 0.023934 0.052039
673 0.375575 0.811299 0.022706 0.038912
69 0.375729 0.857009 0.023627 0.046882
794 0.376342 0.909048 0.023627 0.044069
402 0.376036 0.954759 0.021172 0.045476
442 0.333231 0.161744 0.023320 0.052508
778 0.334919 0.214955 0.021786 0.049226
546 0.336913 0.266292 0.029457 0.048758
152 0.334612 0.317628 0.023627 0.046414
105 0.334305 0.373652 0.025468 0.050633
382 0.334919 0.427567 0.023627 0.048758
749 0.335532 0.472105 0.034060 0.040319
1077 0.336146 0.511955 0.024854 0.036568
778 0.336453 0.550633 0.020558 0.043601
672 0.332617 0.595640 0.024547 0.043601
12 0.335839 0.638537 0.028536 0.044069
1002 0.338754 0.690577 0.029457 0.053446
474 0.339214 0.737459 0.030377 0.041256
105 0.339675 0.787857 0.028230 0.047351
263 0.339061 0.891467 0.025775 0.051102
673 0.338754 0.944679 0.027002 0.042194
631 0.341209 0.977965 0.027002 0.027192
727 0.314667 0.504688 0.019945 0.026723
541 0.318656 0.639241 0.064130 0.043601
546 0.291807 0.108767 0.027002 0.043132
944 0.293035 0.149320 0.025161 0.039850
474 0.294876 0.193624 0.023934 0.045945
105 0.292421 0.240741 0.022706 0.043601
791 0.294262 0.287154 0.026388 0.044538
1003 0.294109 0.340600 0.022400 0.044538
40 0.294569 0.354430 0.019638 0.030942
2 0.294569 0.390530 0.022093 0.033755
507 0.293035 0.430145 0.025775 0.047351
749 0.294415 0.477731 0.028536 0.041256
474 0.294722 0.525785 0.029764 0.042663
775 0.295029 0.577356 0.026082 0.051102
764 0.294722 0.640647 0.022400 0.047351
860 0.293188 0.688701 0.023627 0.043132
302 0.295950 0.741678 0.030377 0.052508
370 0.294262 0.795359 0.031298 0.049226
55 0.296563 0.946789 0.028536 0.049226
546 0.251304 0.105016 0.032525 0.044069
1032 0.249003 0.156118 0.024854 0.052508
672 0.251918 0.204876 0.027002 0.044069
567 0.252992 0.247773 0.032832 0.040788
438 0.252071 0.286451 0.035901 0.043132
699 0.250844 0.335677 0.026082 0.056259
1032 0.211261 0.106423 0.027309 0.051571
791 0.212028 0.160103 0.027616 0.048289
827 0.213869 0.207689 0.028230 0.038444
764 0.212795 0.248242 0.034060 0.043601
836 0.212642 0.293718 0.027002 0.041725
857 0.210647 0.335677 0.027309 0.045007
831 0.213256 0.377168 0.023934 0.041725
711 0.213562 0.419128 0.027616 0.048758
595 0.211568 0.468354 0.027923 0.045945
944 0.212795 0.518050 0.025468 0.048758
748 0.218165 0.572668 0.038048 0.055790
481 0.216477 0.627520 0.026695 0.042663
829 0.218779 0.672527 0.030684 0.049226
919 0.216017 0.715893 0.024547 0.039381
714 0.215557 0.756681 0.032218 0.042194
869 0.216324 0.808955 0.027616 0.049226
697 0.216784 0.861697 0.024854 0.046882
829 0.216324 0.908111 0.029457 0.045007
133 0.217705 0.948429 0.021172 0.035631
794 0.218472 0.981950 0.020252 0.034224
201 0.165388 0.104079 0.025775 0.051571
993 0.165542 0.155180 0.034060 0.050633
775 0.166462 0.204173 0.026082 0.045476
28 0.166922 0.253633 0.029457 0.056259
519 0.167536 0.351852 0.025161 0.043601
187 0.165695 0.400141 0.027616 0.046414
143 0.166922 0.445382 0.025775 0.038444
513 0.168303 0.472105 0.027309 0.031880
794 0.167383 0.513830 0.029150 0.044069
105 0.164314 0.560244 0.023013 0.044069
995 0.163087 0.611346 0.026695 0.047820
577 0.162013 0.658931 0.030684 0.045476
380 0.157717 0.709330 0.025161 0.045007
351 0.158944 0.805204 0.030684 0.049226
474 0.159251 0.849039 0.022706 0.043132
958 0.159098 0.893108 0.027309 0.044069
995 0.158638 0.937178 0.022093 0.038444
173 0.115526 0.110642 0.029150 0.052508
536 0.117521 0.162213 0.030684 0.050633
315 0.114606 0.211439 0.037128 0.044069
631 0.115680 0.259025 0.029457 0.045476
69 0.113992 0.303329 0.026695 0.038444
602 0.114759 0.346929 0.027616 0.042194
513 0.117981 0.389358 0.027309 0.041725
344 0.119669 0.435771 0.029457 0.048289
133 0.117060 0.486639 0.026695 0.048758
794 0.116754 0.536568 0.029150 0.044538
995 0.115219 0.583685 0.030377 0.045007
153 0.116140 0.638303 0.027923 0.052039
1004 0.113532 0.692686 0.033139 0.048289
1002 0.115526 0.734412 0.032218 0.041725
571 0.116447 0.777543 0.029150 0.048289
804 0.114145 0.820910 0.030684 0.035631
474 0.111844 0.860291 0.032832 0.042194
1060 0.112151 0.909048 0.028536 0.049695
1072 0.111077 0.955227 0.028843 0.040788