1038 0.416539 0.105251 0.028536 0.050164
346 0.418687 0.148148 0.026082 0.031880
380 0.422062 0.187764 0.030377 0.043601
309 0.420835 0.225270 0.025468 0.024848
109 0.420068 0.260900 0.024547 0.039850
749 0.421448 0.340131 0.021786 0.048289
178 0.419914 0.385842 0.027923 0.040319
855 0.422215 0.433193 0.027002 0.045007
880 0.423903 0.486170 0.025468 0.047820
401 0.423596 0.525785 0.023013 0.033286
1 0.423289 0.566338 0.023013 0.041256
474 0.422829 0.605954 0.025161 0.037037
191 0.426358 0.649320 0.030991 0.038444
1046 0.424517 0.687060 0.023627 0.030474
277 0.422522 0.725504 0.022093 0.039850
589 0.420374 0.768870 0.023934 0.035631
895 0.419147 0.818565 0.026388 0.052508
857 0.421295 0.867792 0.027616 0.042194
178 0.423289 0.913033 0.025468 0.041725
61 0.422062 0.954055 0.023627 0.036568
701 0.424977 0.984763 0.022706 0.027661
91 0.378951 0.096812 0.020252 0.037037
880 0.376342 0.143694 0.026082 0.049226
560 0.378337 0.230192 0.024547 0.034693
105 0.378797 0.269808 0.026695 0.038912
1065 0.382172 0.315752 0.035287 0.051102
474 0.379257 0.363104 0.023934 0.037975
640 0.382326 0.410455 0.026388 0.043601
697 0.380638 0.455462 0.026695 0.042663
7 0.382479 0.496249 0.032218 0.039850
431 0.384320 0.537506 0.032218 0.039850
148 0.380331 0.581575 0.022400 0.037037
754 0.382479 0.621660 0.024854 0.040319
778 0.383553 0.665495 0.029457 0.042663
880 0.380945 0.708626 0.024241 0.034224
105 0.379871 0.743085 0.023320 0.034693
782 0.382633 0.785279 0.030071 0.041256
994 0.381712 0.834740 0.028230 0.049226
450 0.381559 0.882091 0.023013 0.043601
1077 0.383707 0.904594 0.028536 0.065166
450 0.386008 0.920534 0.031912 0.029536
855 0.383553 0.958978 0.026388 0.041725
402 0.364836 0.782232 0.065664 0.039850
941 0.341669 0.106423 0.023627 0.048758
143 0.340135 0.143929 0.019945 0.027192
441 0.339368 0.178856 0.022093 0.035162
594 0.339061 0.221988 0.025775 0.043601
880 0.336299 0.265120 0.023320 0.036099
401 0.336913 0.304266 0.025161 0.041256
380 0.337067 0.342944 0.023627 0.034224
309 0.340288 0.379747 0.027002 0.038444
96 0.340288 0.414440 0.023934 0.024379
402 0.340135 0.448429 0.021786 0.040788
1032 0.340288 0.492030 0.020252 0.038912
749 0.340749 0.532114 0.019945 0.033755
404 0.340595 0.571496 0.021479 0.042194
474 0.341669 0.616971 0.020558 0.042194
673 0.340749 0.662916 0.034673 0.043132
504 0.344738 0.705579 0.029764 0.042194
148 0.343510 0.742147 0.026695 0.032818
91 0.346886 0.780356 0.027309 0.039850
880 0.343510 0.823254 0.021172 0.038444
595 0.345505 0.862400 0.025161 0.035162
401 0.345658 0.902250 0.025468 0.043601
380 0.345812 0.941397 0.023320 0.035631
497 0.346732 0.978200 0.020252 0.030474
419 0.299632 0.097046 0.024241 0.028129
62 0.300552 0.134318 0.026695 0.038912
158 0.299478 0.177450 0.025161 0.043601
567 0.300552 0.199719 0.027923 0.062822
438 0.301933 0.217534 0.027002 0.030005
474 0.298404 0.261603 0.026695 0.050633
431 0.301013 0.309892 0.027616 0.042194
1046 0.299632 0.350445 0.028536 0.036099
845 0.304081 0.392639 0.031912 0.040788
504 0.301013 0.436474 0.031298 0.044069
402 0.306382 0.562588 0.032832 0.038444
710 0.305002 0.597750 0.021479 0.029067
1032 0.305615 0.635490 0.021479 0.044538
133 0.305769 0.720347 0.029150 0.037975
764 0.307763 0.762307 0.026388 0.039381
378 0.306689 0.801922 0.022400 0.041725
306 0.307917 0.876934 0.026695 0.030474
474 0.306075 0.913033 0.026082 0.037975
14 0.305769 0.952883 0.025468 0.039850
1046 0.308377 0.986873 0.022093 0.025316
148 0.260816 0.198547 0.035594 0.047351
880 0.258055 0.240741 0.024547 0.038912
971 0.259742 0.279184 0.023627 0.031411
993 0.257901 0.313643 0.022400 0.035631
775 0.261276 0.354196 0.020558 0.037975
606 0.260203 0.402485 0.022706 0.043601
227 0.261430 0.454524 0.030071 0.037037
401 0.260509 0.492030 0.024547 0.040788
546 0.264652 0.536334 0.019331 0.043132
143 0.266033 0.575715 0.027002 0.032818
573 0.264345 0.616503 0.026082 0.036568
1067 0.264652 0.656821 0.023013 0.034693
1026 0.265265 0.695499 0.029150 0.039850
864 0.265879 0.735115 0.019331 0.034693
513 0.265572 0.774496 0.022400 0.030005
844 0.266800 0.810830 0.021786 0.037975
607 0.267413 0.903188 0.025468 0.043601
143 0.265419 0.950305 0.028230 0.042194
994 0.267567 0.985232 0.022706 0.028598
69 0.217858 0.152368 0.023320 0.040319
481 0.217245 0.196906 0.030071 0.045007
148 0.219239 0.282232 0.026695 0.040319
129 0.219392 0.321847 0.022706 0.040788
135 0.220466 0.367557 0.022400 0.043132
366 0.220620 0.414440 0.020865 0.039381
453 0.222307 0.457337 0.024241 0.040788
474 0.222307 0.507267 0.023013 0.045945
880 0.224916 0.552274 0.028843 0.045007
829 0.222768 0.601500 0.023934 0.043132
513 0.223381 0.647679 0.029457 0.046414
262 0.223842 0.697609 0.027923 0.044069
218 0.225069 0.737459 0.024241 0.035631
391 0.226603 0.781763 0.031605 0.041725
334 0.175514 0.191045 0.025161 0.032349
689 0.178276 0.310595 0.023934 0.038912
91 0.177355 0.360525 0.025161 0.045945
226 0.178429 0.409517 0.018717 0.040788
602 0.184412 0.456868 0.033753 0.042663
450 0.181497 0.503516 0.033446 0.044069
1038 0.180730 0.546648 0.025775 0.035631
402 0.181651 0.590014 0.025775 0.044538
710 0.181651 0.631271 0.020252 0.036099
1032 0.181037 0.673465 0.020865 0.038912
993 0.180270 0.716362 0.030991 0.043132
775 0.185333 0.763713 0.033139 0.044069
458 0.184719 0.808486 0.023320 0.038912
714 0.184719 0.841538 0.022706 0.037506
401 0.184412 0.883263 0.022706 0.043132
546 0.184719 0.918425 0.020252 0.028129
1067 0.186407 0.954055 0.018717 0.035631
91 0.186407 0.984763 0.023013 0.026723
450 0.138079 0.104548 0.027616 0.036568
981 0.133477 0.151430 0.020865 0.037506
212 0.134244 0.194796 0.023627 0.041725
778 0.136085 0.240741 0.021172 0.037037
546 0.137312 0.282935 0.024854 0.030474
402 0.136085 0.323488 0.024241 0.039381
311 0.136852 0.372480 0.022093 0.053915
474 0.137159 0.422410 0.022093 0.044069
436 0.138846 0.467417 0.024241 0.040319
589 0.139613 0.507736 0.025161 0.036568
283 0.140994 0.547351 0.032832 0.038912
105 0.137772 0.590014 0.021479 0.039850
290 0.138846 0.635021 0.023627 0.048289
596 0.138846 0.689639 0.026082 0.042194
925 0.139920 0.731599 0.020252 0.027661
421 0.141148 0.751055 0.020252 0.043132
829 0.142068 0.793483 0.022093 0.041725
589 0.144216 0.843179 0.024547 0.049226
927 0.145290 0.978200 0.023013 0.036099
178 0.100338 0.203469 0.030071 0.046882
903 0.097269 0.258322 0.024547 0.046882
143 0.095888 0.306376 0.021172 0.035162
994 0.098036 0.346226 0.024241 0.035162
1048 0.098190 0.382325 0.024547 0.037037
495 0.100184 0.414909 0.028536 0.030942
321 0.097423 0.454759 0.020558 0.041256
191 0.101258 0.495781 0.029457 0.038912
109 0.097576 0.544069 0.031298 0.050164
436 0.100031 0.592124 0.018411 0.033755
91 0.102485 0.631271 0.022706 0.036099
830 0.101411 0.671120 0.018717 0.031411
1003 0.100031 0.714252 0.022706 0.042663
687 0.103713 0.766760 0.025161 0.041725
928 0.103253 0.812236 0.021172 0.042663
391 0.106474 0.853024 0.025775 0.036099
334 0.103713 0.946085 0.019638 0.037506
880 0.102639 0.984060 0.018717 0.026254