641 0.844738 0.319269 0.021479 0.035631
1067 0.844431 0.364510 0.028843 0.042663
91 0.843357 0.414674 0.021172 0.041725
450 0.843664 0.459212 0.022400 0.044538
143 0.843664 0.730192 0.020558 0.041725
641 0.843203 0.773558 0.020865 0.042194
934 0.843971 0.813174 0.021786 0.030474
148 0.843050 0.848570 0.019331 0.036568
1 0.842283 0.890764 0.019638 0.044069
474 0.843357 0.934834 0.019331 0.037506
811 0.841976 0.974684 0.015956 0.032818
796 0.797330 0.113690 0.019331 0.038912
971 0.796257 0.159869 0.020252 0.048758
96 0.796717 0.211674 0.022400 0.043601
143 0.797024 0.259962 0.023627 0.044538
450 0.795336 0.309423 0.026388 0.051571
1038 0.798251 0.353727 0.027923 0.032349
470 0.797484 0.390295 0.024547 0.039850
940 0.754066 0.158228 0.021786 0.037037
474 0.754219 0.197843 0.024547 0.038444
1067 0.756367 0.245195 0.026388 0.040319
91 0.755446 0.642522 0.025161 0.044538
450 0.758515 0.685888 0.030071 0.041256
472 0.716017 0.406704 0.016263 0.034224
143 0.717091 0.444444 0.027002 0.042194
450 0.716324 0.489686 0.029150 0.044538
1038 0.673673 0.288561 0.021172 0.040788
470 0.672906 0.325832 0.019024 0.032818
940 0.672446 0.360759 0.024854 0.038912
778 0.677048 0.403422 0.036514 0.042663
152 0.672752 0.457337 0.021172 0.047351
651 0.674593 0.509611 0.019331 0.045007
811 0.674900 0.557431 0.028536 0.043132
749 0.673366 0.606423 0.019331 0.043601
610 0.674747 0.648617 0.023320 0.036099
641 0.675821 0.687060 0.026082 0.039850
1067 0.675054 0.731833 0.020252 0.035631
91 0.673519 0.774496 0.022706 0.039381
450 0.676434 0.814815 0.024241 0.033755
346 0.677508 0.851149 0.023320 0.035162
829 0.677355 0.893577 0.019331 0.039381
991 0.637619 0.155884 0.028230 0.043601
809 0.636085 0.202063 0.025775 0.047820
0 0.636852 0.247539 0.022400 0.039381
148 0.637926 0.618847 0.022093 0.038444
829 0.636545 0.661275 0.021786 0.034224
79 0.635931 0.709798 0.019331 0.040319
58 0.636545 0.750820 0.016263 0.031411
390 0.600491 0.401782 0.020252 0.039381
734 0.600644 0.541022 0.021786 0.040319
143 0.601411 0.583216 0.020252 0.030942
481 0.599877 0.629864 0.021479 0.035162
1067 0.600184 0.664323 0.019024 0.031880
91 0.601258 0.752461 0.020558 0.036568
245 0.601411 0.795593 0.017183 0.043132
722 0.602485 0.839428 0.016263 0.036099
778 0.601565 0.878340 0.015649 0.031411
393 0.602485 0.908579 0.016263 0.030942
143 0.602639 0.943976 0.023320 0.033286
474 0.605094 0.975621 0.027002 0.033755
115 0.561829 0.132677 0.023320 0.044069
203 0.562442 0.176043 0.020252 0.032349
474 0.563056 0.263010 0.020252 0.047820
129 0.563363 0.306610 0.020252 0.039381
502 0.566738 0.344351 0.026388 0.031411
751 0.565971 0.386779 0.024241 0.039381
956 0.564590 0.434599 0.021479 0.044069
105 0.563056 0.474918 0.020252 0.037506
791 0.565204 0.555790 0.023320 0.038912
1067 0.564284 0.596109 0.022706 0.044538
91 0.564437 0.616737 0.018104 0.031411
245 0.563823 0.656353 0.021786 0.040319
722 0.563977 0.702063 0.023934 0.038912
1080 0.566585 0.776606 0.017490 0.033286
1017 0.567505 0.814815 0.021172 0.032818
513 0.570420 0.854899 0.029457 0.044538
791 0.569346 0.895452 0.021172 0.030005
991 0.570114 0.940459 0.024547 0.046882
809 0.532986 0.508908 0.018411 0.025785
0 0.532679 0.546414 0.019024 0.037975
577 0.532679 0.588842 0.016569 0.031880
135 0.532679 0.626348 0.017797 0.042194
22 0.532986 0.671824 0.018411 0.038444
849 0.536514 0.796765 0.019331 0.034224
778 0.536975 0.837787 0.020865 0.039381
152 0.538048 0.878340 0.020558 0.038912
651 0.536821 0.914440 0.019331 0.032349
811 0.537742 0.949602 0.019945 0.030474
143 0.465940 0.148851 0.016876 0.034224
1067 0.465940 0.189405 0.016876 0.034693
91 0.464713 0.231599 0.017490 0.037506
245 0.464713 0.274262 0.017490 0.040319
722 0.465020 0.321144 0.019331 0.040319
727 0.462719 0.374590 0.017183 0.041256
408 0.462565 0.420066 0.018717 0.035631
934 0.461952 0.465541 0.018717 0.038444
148 0.437864 0.208392 0.018411 0.028598
129 0.437251 0.240741 0.017183 0.038912
502 0.435716 0.286451 0.015342 0.033755
751 0.432495 0.324895 0.024241 0.040319
401 0.434029 0.360056 0.018104 0.030942
129 0.434182 0.397093 0.017183 0.033755
502 0.433722 0.481716 0.026695 0.042663
309 0.432495 0.529301 0.023627 0.042194
344 0.429273 0.575012 0.025775 0.040788
751 0.397668 0.254337 0.032525 0.039850
956 0.397361 0.296062 0.024547 0.042663
504 0.398128 0.335443 0.023013 0.035162
450 0.397361 0.381388 0.028230 0.046414
778 0.393065 0.630802 0.030071 0.041725
86 0.390457 0.715424 0.023013 0.037506
444 0.391378 0.754102 0.023627 0.041725
956 0.390457 0.793952 0.018104 0.028598
105 0.388770 0.839662 0.019638 0.044069
1030 0.388309 0.879981 0.018104 0.032818
299 0.357625 0.184951 0.029764 0.047351
443 0.358239 0.225973 0.023013 0.034693
401 0.357932 0.269339 0.032218 0.052039
751 0.355170 0.317862 0.027923 0.042194
956 0.357318 0.356071 0.025468 0.030474
1067 0.359006 0.390999 0.022706 0.037506
91 0.359006 0.428270 0.028230 0.037975
245 0.356551 0.476090 0.025161 0.048289
722 0.353483 0.527426 0.028230 0.045007
401 0.353022 0.574308 0.027309 0.047820
1067 0.351335 0.619784 0.031298 0.040319
91 0.351795 0.711908 0.026082 0.043601
450 0.350568 0.758790 0.024241 0.037037
178 0.349801 0.841772 0.022093 0.047351
709 0.350568 0.897328 0.029150 0.044069
178 0.348420 0.938115 0.027309 0.037506
855 0.318963 0.127286 0.021172 0.046414
727 0.318349 0.178856 0.023013 0.044538
408 0.317582 0.223394 0.033753 0.041725
934 0.318196 0.267464 0.030684 0.044538
148 0.314360 0.438819 0.019945 0.029067
474 0.314820 0.473277 0.021479 0.030474
751 0.314974 0.515940 0.021786 0.049226
956 0.314053 0.562822 0.024241 0.036099
402 0.310832 0.607595 0.031298 0.043132
710 0.311905 0.648383 0.024854 0.034693
1032 0.313133 0.687295 0.031605 0.040319
930 0.314667 0.728083 0.026695 0.029067
941 0.312059 0.766292 0.023320 0.038912
1067 0.311292 0.811767 0.027309 0.051102
91 0.311292 0.855134 0.021786 0.026254
245 0.308837 0.887951 0.024241 0.036568
722 0.314053 0.928270 0.030377 0.043132
786 0.310218 0.974684 0.026388 0.038444
747 0.277386 0.212377 0.026388 0.041256
92 0.275545 0.649555 0.024547 0.037975
880 0.272476 0.876934 0.027002 0.042663
778 0.272630 0.916784 0.024241 0.033286
436 0.273243 0.953352 0.021786 0.034224
991 0.274471 0.985466 0.028536 0.028129
809 0.240411 0.117440 0.019331 0.035162
0 0.239644 0.157290 0.024547 0.042663
1077 0.234581 0.487811 0.028536 0.039850
64 0.235962 0.526723 0.028843 0.033286
158 0.234121 0.570323 0.021479 0.042663
925 0.233200 0.616503 0.033139 0.039381
481 0.233814 0.663854 0.026388 0.043132
1067 0.233661 0.896156 0.024854 0.037037
91 0.231973 0.942100 0.025161 0.043601
245 0.232126 0.979372 0.023013 0.032818
722 0.194692 0.124004 0.019331 0.038912
577 0.192237 0.174871 0.023627 0.046882
478 0.192697 0.220347 0.022093 0.043132
64 0.193464 0.273090 0.026695 0.047351
727 0.192697 0.333099 0.027002 0.048289
504 0.190242 0.381388 0.029457 0.042663
857 0.189168 0.426864 0.025468 0.048289
941 0.190549 0.475387 0.029457 0.049695
381 0.189475 0.522738 0.023627 0.045007
751 0.190089 0.562822 0.023627 0.034224
105 0.189475 0.608064 0.030377 0.043132
191 0.190703 0.704407 0.027309 0.042663
1046 0.187634 0.749414 0.019945 0.040788
277 0.189015 0.795124 0.019024 0.036568
109 0.185947 0.840600 0.021479 0.041256
749 0.185180 0.875527 0.018104 0.027661
709 0.185333 0.894984 0.021479 0.030942
855 0.186560 0.932021 0.020252 0.034693
1077 0.186867 0.966479 0.026388 0.035162
928 0.186867 0.989217 0.023320 0.021566
419 0.150506 0.290670 0.029764 0.040319
1 0.151120 0.337084 0.034673 0.043132
474 0.148205 0.634083 0.031298 0.050164
811 0.146671 0.687295 0.027616 0.047820
38 0.145750 0.736053 0.021479 0.039381
566 0.145443 0.781763 0.021479 0.042663
749 0.144830 0.826535 0.023934 0.048758
778 0.143449 0.872246 0.020558 0.035162
677 0.144676 0.950070 0.021786 0.042663
746 0.144216 0.985701 0.022093 0.024848
474 0.844431 0.191983 0.019024 0.033286
723 0.843971 0.229958 0.023627 0.042663
697 0.844124 0.276840 0.022093 0.042663
796 0.844738 0.319269 0.021479 0.035631
778 0.844431 0.364510 0.028843 0.042663
836 0.843357 0.414674 0.021172 0.041725
450 0.843664 0.459212 0.022400 0.044538
207 0.843050 0.848570 0.019331 0.036568
1038 0.842283 0.890764 0.019638 0.044069
105 0.843357 0.934834 0.019331 0.037506
143 0.841976 0.974684 0.015956 0.032818
749 0.797330 0.113690 0.019331 0.038912
270 0.796257 0.159869 0.020252 0.048758
709 0.796717 0.211674 0.022400 0.043601
855 0.797024 0.259962 0.023627 0.044538
40 0.795336 0.309423 0.026388 0.051571
109 0.798251 0.353727 0.027923 0.032349
481 0.797484 0.390295 0.024547 0.039850
1067 0.797484 0.436943 0.023934 0.040319
91 0.797484 0.524379 0.023934 0.037975
245 0.797637 0.569855 0.021172 0.041725
722 0.798251 0.615096 0.028536 0.044069
928 0.800706 0.662916 0.019945 0.047820
419 0.798711 0.710033 0.026388 0.037975
808 0.798558 0.759259 0.020558 0.041725
288 0.798404 0.797468 0.019638 0.030942
651 0.799939 0.829348 0.017183 0.029067
218 0.798865 0.865448 0.024854 0.043132
481 0.800552 0.913737 0.033139 0.047820
751 0.799018 0.991796 0.023934 0.016409
69 0.754986 0.115331 0.024854 0.045945
1032 0.754066 0.158228 0.021786 0.037037
689 0.754219 0.197843 0.024547 0.038444
1067 0.756367 0.245195 0.026388 0.040319
91 0.752838 0.477496 0.022400 0.043601
245 0.752071 0.523441 0.025161 0.044538
722 0.753605 0.564229 0.018411 0.030474
928 0.753759 0.601500 0.018717 0.035631
419 0.755446 0.642522 0.025161 0.044538
401 0.758515 0.685888 0.030071 0.041256
402 0.756367 0.723160 0.024547 0.036099
710 0.755753 0.763244 0.028843 0.041256
941 0.714483 0.947257 0.024241 0.034224
751 0.714176 0.981716 0.023627 0.031880
143 0.674593 0.112986 0.025468 0.039381
288 0.675514 0.159400 0.019331 0.042194
749 0.674440 0.249648 0.022706 0.044538
513 0.673673 0.288561 0.021172 0.040788
401 0.672906 0.325832 0.019024 0.032818
391 0.672446 0.360759 0.024854 0.038912
334 0.674900 0.557431 0.028536 0.043132
288 0.677508 0.851149 0.023320 0.035162
401 0.677355 0.893577 0.019331 0.039381
964 0.677508 0.979372 0.021479 0.029067
845 0.635011 0.115799 0.023627 0.039381
254 0.637619 0.155884 0.028230 0.043601
749 0.636085 0.202063 0.025775 0.047820
218 0.636852 0.247539 0.022400 0.039381
391 0.635624 0.292546 0.024854 0.043132
334 0.598803 0.124473 0.023627 0.049226
401 0.598496 0.169714 0.024241 0.041256
402 0.599877 0.215424 0.020865 0.039850
710 0.597883 0.261369 0.026082 0.046414
1004 0.599264 0.311299 0.022093 0.045945
742 0.599570 0.357947 0.018411 0.040788
605 0.600491 0.401782 0.020252 0.039381
749 0.601258 0.449836 0.027309 0.049226
964 0.600184 0.496484 0.018411 0.034693
218 0.600644 0.541022 0.021786 0.040319
391 0.601411 0.583216 0.020252 0.030942
334 0.561829 0.132677 0.023320 0.044069
778 0.562442 0.176043 0.020252 0.032349
651 0.563056 0.263010 0.020252 0.047820
402 0.563363 0.306610 0.020252 0.039381
5 0.566738 0.344351 0.026388 0.031411
749 0.563056 0.474918 0.020252 0.037506
595 0.565204 0.555790 0.023320 0.038912
513 0.564284 0.596109 0.022706 0.044538
401 0.564437 0.616737 0.018104 0.031411
972 0.563823 0.656353 0.021786 0.040319
288 0.567505 0.814815 0.021172 0.032818
401 0.570420 0.854899 0.029457 0.044538
723 0.532986 0.671824 0.018411 0.038444
5 0.536514 0.796765 0.019331 0.034224
401 0.536975 0.837787 0.020865 0.039381
164 0.538048 0.878340 0.020558 0.038912
972 0.432495 0.529301 0.023627 0.042194
401 0.429273 0.575012 0.025775 0.040788
968 0.397668 0.254337 0.032525 0.039850
481 0.397361 0.296062 0.024547 0.042663
69 0.395674 0.429442 0.021172 0.043132
439 0.395060 0.474215 0.021172 0.041725
297 0.394293 0.514065 0.019024 0.033286
143 0.394753 0.548758 0.016876 0.033286
749 0.394139 0.584623 0.023627 0.035631
270 0.393065 0.630802 0.030071 0.041725
446 0.390457 0.715424 0.023013 0.037506
94 0.391378 0.754102 0.023627 0.041725
203 0.390457 0.793952 0.018104 0.028598
474 0.388770 0.839662 0.019638 0.044069
905 0.388309 0.879981 0.018104 0.032818
594 0.357625 0.184951 0.029764 0.047351
855 0.358239 0.225973 0.023013 0.034693
309 0.357932 0.269339 0.032218 0.052039
778 0.355170 0.317862 0.027923 0.042194
152 0.357318 0.356071 0.025468 0.030474
651 0.359006 0.390999 0.022706 0.037506
972 0.359006 0.428270 0.028230 0.037975
148 0.356551 0.476090 0.025161 0.048289
794 0.353483 0.527426 0.028230 0.045007
69 0.353022 0.574308 0.027309 0.047820
325 0.351335 0.619784 0.031298 0.040319
105 0.314667 0.728083 0.026695 0.029067
350 0.312059 0.766292 0.023320 0.038912
1048 0.311292 0.811767 0.027309 0.051102
513 0.311292 0.855134 0.021786 0.026254
93 0.308837 0.887951 0.024241 0.036568
270 0.314053 0.928270 0.030377 0.043132
206 0.278460 0.296765 0.023013 0.045007
192 0.277232 0.344585 0.030991 0.045945
829 0.277386 0.396624 0.023320 0.046882
391 0.274624 0.529067 0.023934 0.036099
334 0.275851 0.567745 0.022706 0.031880
930 0.276005 0.607595 0.020558 0.035631
92 0.275545 0.649555 0.024547 0.037975
751 0.276925 0.696437 0.022400 0.042663
821 0.274164 0.736756 0.024854 0.036099
689 0.273857 0.780122 0.021172 0.042194
91 0.272936 0.830520 0.021786 0.045476
694 0.240411 0.117440 0.019331 0.035162
761 0.239644 0.157290 0.024547 0.042663
694 0.239337 0.200891 0.027616 0.042663
900 0.240565 0.255509 0.033139 0.053446
401 0.234581 0.301219 0.023627 0.036099
540 0.235502 0.345523 0.024854 0.048758
507 0.236422 0.391936 0.026695 0.044069
749 0.233507 0.440459 0.033753 0.048289
84 0.234581 0.487811 0.028536 0.039850
507 0.235962 0.526723 0.028843 0.033286
749 0.234121 0.570323 0.021479 0.042663
525 0.233200 0.616503 0.033139 0.039381
778 0.233814 0.663854 0.026388 0.043132
233 0.235962 0.714721 0.031912 0.047351
589 0.233200 0.761603 0.027616 0.042663
749 0.233507 0.849508 0.031298 0.041256
905 0.233661 0.896156 0.024854 0.037037
446 0.231973 0.942100 0.025161 0.043601
439 0.232126 0.979372 0.023013 0.032818
971 0.194692 0.124004 0.019331 0.038912
344 0.192237 0.174871 0.023627 0.046882
1067 0.192697 0.220347 0.022093 0.043132
91 0.193464 0.273090 0.026695 0.047351
245 0.192697 0.333099 0.027002 0.048289
722 0.190242 0.381388 0.029457 0.042663
69 0.189168 0.426864 0.025468 0.048289
133 0.190549 0.475387 0.029457 0.049695
1041 0.189015 0.795124 0.019024 0.036568
906 0.185947 0.840600 0.021479 0.041256
109 0.185180 0.875527 0.018104 0.027661
145 0.185333 0.894984 0.021479 0.030942
482 0.186560 0.932021 0.020252 0.034693
570 0.186867 0.966479 0.026388 0.035162
778 0.149893 0.253633 0.020558 0.035631
143 0.150506 0.290670 0.029764 0.040319
513 0.151120 0.337084 0.034673 0.043132
798 0.150199 0.379981 0.032218 0.048289
1077 0.148052 0.430145 0.028536 0.039850
870 0.144830 0.826535 0.023934 0.048758
401 0.144216 0.985701 0.022093 0.024848