903 0.784750 0.124238 0.025468 0.050633
404 0.783216 0.171824 0.021172 0.041725
1080 0.783062 0.219175 0.028843 0.047351
177 0.782295 0.270042 0.027309 0.052508
571 0.782909 0.321847 0.029150 0.047351
804 0.783369 0.370605 0.028843 0.048289
474 0.783523 0.415143 0.027923 0.046414
163 0.785364 0.457337 0.023013 0.036099
513 0.786131 0.500469 0.027002 0.046414
23 0.788279 0.542194 0.033139 0.040788
143 0.786438 0.584154 0.024547 0.042194
173 0.786438 0.627286 0.023934 0.045007
536 0.786591 0.666901 0.026695 0.039850
439 0.787358 0.710970 0.027002 0.040788
794 0.787205 0.753399 0.027309 0.043132
594 0.790580 0.801688 0.024241 0.043132
1002 0.787818 0.847632 0.034673 0.045007
657 0.790273 0.887717 0.028536 0.042663
1039 0.790273 0.931317 0.023013 0.043601
778 0.790273 0.973980 0.026082 0.037975
69 0.760509 0.622363 0.065357 0.037037
513 0.733967 0.181669 0.023934 0.052977
467 0.732280 0.273090 0.026082 0.040788
173 0.732587 0.317159 0.030991 0.042663
1077 0.734581 0.364276 0.023934 0.048758
1046 0.735348 0.412799 0.024854 0.048289
603 0.737036 0.459212 0.027002 0.044538
303 0.733507 0.504454 0.028536 0.044069
468 0.736729 0.543132 0.026388 0.034224
673 0.737650 0.578997 0.025775 0.033755
577 0.741332 0.665260 0.023320 0.039381
380 0.743786 0.713315 0.026388 0.052039
351 0.742406 0.765354 0.026082 0.039850
778 0.743019 0.806610 0.025468 0.041725
18 0.742712 0.847398 0.024854 0.029536
1077 0.742712 0.881622 0.023013 0.035162
475 0.742406 0.913502 0.025468 0.033286
944 0.743786 0.943976 0.021479 0.026723
589 0.742252 0.979372 0.026388 0.037506
380 0.691623 0.126113 0.028230 0.035631
143 0.691930 0.206751 0.029457 0.044069
622 0.692237 0.251524 0.027002 0.037037
474 0.694231 0.296765 0.026695 0.045007
105 0.693157 0.339428 0.022706 0.036568
290 0.695459 0.381388 0.023013 0.041725
981 0.694998 0.432489 0.024547 0.046414
995 0.696533 0.479606 0.023320 0.042194
173 0.693925 0.518519 0.026695 0.035631
518 0.700061 0.616971 0.021786 0.044069
945 0.698527 0.662682 0.026695 0.040788
799 0.698220 0.699953 0.023627 0.030005
237 0.697453 0.742850 0.023934 0.044538
594 0.698527 0.791608 0.022400 0.038912
651 0.698067 0.840600 0.025161 0.047820
401 0.698220 0.890061 0.028536 0.042663
928 0.700368 0.970464 0.027923 0.043132
201 0.650967 0.130333 0.020558 0.037506
794 0.649893 0.186123 0.027616 0.054383
69 0.653268 0.232068 0.030071 0.043132
1032 0.650046 0.277778 0.023627 0.036099
749 0.649586 0.315518 0.022706 0.031880
924 0.652501 0.355134 0.021786 0.045476
1 0.651580 0.398500 0.019331 0.043132
472 0.653268 0.439756 0.020865 0.041256
749 0.654802 0.482419 0.021479 0.044069
1077 0.655262 0.531411 0.021786 0.043601
928 0.656336 0.574777 0.022093 0.044069
1017 0.655569 0.623301 0.027309 0.049226
402 0.657564 0.676043 0.024547 0.045945
65 0.657257 0.727145 0.021479 0.051571
754 0.658177 0.779184 0.020865 0.045945
401 0.657410 0.832630 0.025468 0.053446
457 0.656797 0.931786 0.022400 0.045476
674 0.659865 0.976324 0.030377 0.037975
0 0.615680 0.137131 0.025468 0.047351
290 0.616600 0.190811 0.029764 0.043132
981 0.613685 0.231599 0.020252 0.031880
380 0.615986 0.265823 0.027923 0.034693
356 0.614606 0.307079 0.026388 0.045945
474 0.613685 0.351617 0.022706 0.040319
1046 0.612765 0.394749 0.025775 0.047820
2 0.612458 0.445382 0.028843 0.046882
1081 0.612611 0.490624 0.023013 0.041725
133 0.612151 0.529536 0.023934 0.033286
794 0.614759 0.572668 0.026082 0.045476
201 0.613839 0.613690 0.021786 0.028129
595 0.611537 0.659400 0.022706 0.056728
143 0.613532 0.715893 0.025468 0.042194
994 0.612918 0.756446 0.019945 0.033286
2 0.612151 0.797234 0.024547 0.040788
1081 0.613378 0.853493 0.026388 0.055790
475 0.609696 0.905298 0.027616 0.037506
105 0.614145 0.949367 0.024241 0.042194
143 0.576250 0.134318 0.023934 0.040788
264 0.575330 0.180497 0.022706 0.041256
622 0.576097 0.225270 0.020558 0.043601
38 0.573796 0.270042 0.024547 0.045945
262 0.576557 0.316690 0.020865 0.041725
603 0.574409 0.366385 0.026388 0.051102
335 0.574256 0.421707 0.022400 0.047351
545 0.573029 0.467417 0.022400 0.039381
474 0.575637 0.512658 0.023934 0.042663
800 0.577171 0.563057 0.024547 0.040319
697 0.574870 0.604548 0.019331 0.038912
910 0.575483 0.646742 0.022400 0.041725
595 0.576557 0.691983 0.025161 0.035631
944 0.577631 0.737928 0.020558 0.049695
711 0.574563 0.790670 0.019945 0.042663
880 0.575790 0.838490 0.021786 0.035162
105 0.574716 0.886545 0.026388 0.048758
123 0.575176 0.938350 0.022400 0.044538
778 0.576711 0.981481 0.018717 0.036099
1067 0.536668 0.141350 0.019638 0.039850
18 0.537435 0.182607 0.024241 0.035162
650 0.538355 0.228786 0.022400 0.045945
880 0.537435 0.271683 0.023013 0.041725
620 0.535133 0.312002 0.022706 0.037975
439 0.534980 0.353727 0.019945 0.038912
474 0.536514 0.443507 0.019945 0.034693
133 0.537895 0.481481 0.023320 0.038444
794 0.536361 0.529536 0.023320 0.051102
961 0.538662 0.581341 0.021786 0.036568
880 0.539276 0.636428 0.019945 0.046414
673 0.539736 0.685420 0.018411 0.038444
105 0.537895 0.729489 0.022093 0.040319
69 0.538048 0.768636 0.027309 0.033286
1080 0.536975 0.834740 0.022706 0.088608
1017 0.536668 0.857478 0.023934 0.039381
631 0.537128 0.897562 0.020558 0.029536
38 0.537742 0.927801 0.019945 0.025316
262 0.537742 0.970464 0.021172 0.046882
1067 0.504142 0.146742 0.018411 0.040319
505 0.505063 0.192218 0.022706 0.037506
786 0.505370 0.235115 0.027002 0.039850
603 0.503529 0.312002 0.020865 0.036099
474 0.501994 0.349273 0.020865 0.035631
69 0.504142 0.419831 0.025161 0.033286
995 0.503529 0.458040 0.021479 0.039381
173 0.504909 0.497187 0.023013 0.036099
1077 0.502915 0.536099 0.020865 0.040788
577 0.504756 0.623066 0.023934 0.037506
380 0.503682 0.660572 0.019331 0.030005
351 0.504449 0.725738 0.020865 0.033755
393 0.504449 0.760197 0.022093 0.026723
12 0.502455 0.796296 0.021786 0.039850
1002 0.501841 0.838725 0.025468 0.043132
910 0.503222 0.883263 0.023934 0.042194
1077 0.503529 0.924988 0.019638 0.039381
944 0.504603 0.964604 0.018104 0.036099
711 0.483737 0.413737 0.040196 0.039850
794 0.476987 0.148851 0.021172 0.027661
1077 0.474685 0.182372 0.022706 0.033755
105 0.474839 0.231833 0.021172 0.046414
142 0.474532 0.281528 0.018717 0.043601
1074 0.474379 0.326770 0.019638 0.029067
4 0.473458 0.365917 0.019638 0.039850
173 0.473151 0.412096 0.019024 0.040319
270 0.474839 0.455696 0.021786 0.037506
799 0.475299 0.494140 0.019638 0.034693
237 0.475606 0.522504 0.017797 0.027661
631 0.476987 0.556024 0.021172 0.031880
787 0.474839 0.592358 0.021786 0.034224
587 0.473458 0.626348 0.020252 0.028129
173 0.476527 0.660338 0.022093 0.037975
1077 0.473765 0.703000 0.019638 0.043601
536 0.473458 0.787154 0.019024 0.033755
553 0.471924 0.849273 0.019024 0.034224
507 0.474839 0.884435 0.021786 0.028598
485 0.475146 0.925457 0.021172 0.032818
594 0.475146 0.956399 0.020558 0.030005
631 0.394906 0.132443 0.018411 0.030474
778 0.395520 0.175809 0.016569 0.042194
55 0.393679 0.219878 0.020252 0.043132
723 0.393679 0.269808 0.023320 0.038912
1032 0.393986 0.319034 0.020252 0.043601
749 0.394753 0.364041 0.019331 0.041725
924 0.394139 0.406704 0.018717 0.043601
1080 0.395060 0.453586 0.020558 0.039850
836 0.392298 0.501641 0.024241 0.044069
450 0.392145 0.582513 0.019638 0.028598
401 0.392298 0.622363 0.019945 0.043601
801 0.391378 0.669480 0.019331 0.044069