928 0.859773 0.099859 0.027002 0.049695
402 0.859926 0.119081 0.020558 0.033755
710 0.857165 0.159634 0.020558 0.040788
344 0.857472 0.205813 0.019945 0.043132
1002 0.855017 0.245663 0.020558 0.030005
1031 0.854710 0.281997 0.021172 0.044538
944 0.857778 0.331458 0.030377 0.048758
571 0.856244 0.377872 0.022400 0.045945
778 0.857472 0.424754 0.024241 0.045007
550 0.857318 0.478200 0.023934 0.045945
829 0.856398 0.525082 0.021479 0.042194
419 0.855324 0.571027 0.022400 0.042194
925 0.855477 0.616737 0.027616 0.047351
1080 0.854710 0.661041 0.026082 0.039381
143 0.854863 0.705579 0.030684 0.044069
622 0.854403 0.754102 0.024241 0.054852
577 0.857318 0.800047 0.026388 0.037975
380 0.857472 0.842710 0.026082 0.047351
143 0.856091 0.886545 0.025775 0.038444
173 0.857625 0.936709 0.030071 0.050633
159 0.809911 0.100094 0.024241 0.041725
651 0.809911 0.141585 0.024854 0.040319
264 0.812979 0.187060 0.030377 0.038444
381 0.809758 0.229489 0.022706 0.042663
380 0.808070 0.272855 0.025468 0.045945
154 0.809451 0.323019 0.023320 0.044069
154 0.810218 0.364979 0.023627 0.033286
436 0.809451 0.406470 0.025161 0.039381
497 0.809911 0.443272 0.024241 0.030474
105 0.809297 0.476324 0.028536 0.034693
589 0.810832 0.518284 0.028536 0.039850
513 0.808377 0.559306 0.023627 0.039381
541 0.809758 0.604313 0.023320 0.041256
1077 0.805308 0.649320 0.030991 0.046882
925 0.810525 0.694562 0.026082 0.041725
854 0.808837 0.780356 0.025161 0.054852
774 0.810218 0.828176 0.023627 0.040788
854 0.812059 0.875293 0.031605 0.050633
607 0.812519 0.928504 0.028843 0.049226
854 0.814360 0.964135 0.026388 0.030474
1063 0.768027 0.103376 0.027616 0.050164
651 0.770482 0.143226 0.029457 0.031411
587 0.769254 0.182372 0.022093 0.043132
749 0.770482 0.223863 0.026388 0.035162
1077 0.767260 0.264182 0.024854 0.046414
392 0.767106 0.340600 0.033139 0.050164
474 0.765265 0.389358 0.027002 0.042663
264 0.766339 0.437178 0.024241 0.044538
468 0.766646 0.474918 0.026695 0.029067
381 0.765879 0.516409 0.023320 0.043601
605 0.764652 0.557900 0.022093 0.034693
749 0.764191 0.597984 0.021786 0.049226
105 0.764805 0.640413 0.024854 0.038444
602 0.765572 0.687060 0.023934 0.042663
474 0.764805 0.728317 0.027923 0.040788
143 0.766646 0.771683 0.024241 0.044069
905 0.767260 0.815987 0.024241 0.039850
446 0.765572 0.857243 0.028230 0.038912
94 0.764191 0.898265 0.026082 0.038444