193 0.796563 0.126113 0.026388 0.046882
148 0.796410 0.174168 0.022400 0.050164
546 0.796563 0.222691 0.022093 0.036568
329 0.796257 0.263947 0.028843 0.042194
650 0.795336 0.304266 0.020865 0.036568
706 0.795796 0.342007 0.024241 0.037975
290 0.794109 0.386076 0.022706 0.039850
148 0.792268 0.429677 0.019024 0.035162
38 0.792574 0.465307 0.017797 0.034224
262 0.790120 0.510080 0.026388 0.046882
794 0.789046 0.567042 0.025468 0.058603
158 0.790733 0.612986 0.023320 0.037975
436 0.791807 0.650258 0.028536 0.035631
870 0.792114 0.692921 0.036514 0.044069
1067 0.792881 0.735584 0.022706 0.040319
91 0.791961 0.776371 0.020865 0.038444
722 0.794876 0.822316 0.023627 0.041256
332 0.794569 0.859822 0.023627 0.030005
603 0.796563 0.899672 0.019638 0.039381
697 0.796870 0.938350 0.020252 0.038912
994 0.754066 0.120488 0.029150 0.042194
710 0.752838 0.167839 0.025468 0.045007
659 0.751611 0.219878 0.027923 0.055321
481 0.753605 0.266995 0.026388 0.035162
475 0.754833 0.308251 0.026388 0.042663
589 0.751611 0.351852 0.021172 0.037037
1053 0.752531 0.388654 0.020558 0.033755
270 0.754526 0.421003 0.028843 0.036568
284 0.754526 0.464604 0.033753 0.043132
232 0.751918 0.508439 0.024241 0.041725
402 0.754986 0.548758 0.028536 0.035162
941 0.753759 0.591889 0.026082 0.043601
55 0.753299 0.631036 0.028230 0.033755
749 0.750077 0.673699 0.023627 0.046882
270 0.751151 0.713549 0.027002 0.037506
778 0.748849 0.751289 0.027923 0.037037
605 0.750844 0.793718 0.019024 0.042194
69 0.749616 0.838959 0.023320 0.041725
794 0.749003 0.888889 0.023320 0.047820
1032 0.754526 0.935537 0.028230 0.035162
290 0.710187 0.125645 0.029150 0.049695
38 0.709880 0.174402 0.024854 0.040319
262 0.710034 0.213315 0.022093 0.032818
603 0.710647 0.248711 0.020252 0.035162
785 0.711721 0.292077 0.020558 0.044069
697 0.712028 0.339662 0.019331 0.046414
135 0.714176 0.383029 0.026695 0.030942
595 0.714023 0.424051 0.025775 0.047351
167 0.709880 0.465541 0.024241 0.033755
659 0.711261 0.503047 0.025775 0.041256
170 0.712182 0.546414 0.024547 0.040788
930 0.711261 0.590014 0.028230 0.038912
880 0.709727 0.623301 0.027616 0.030474
589 0.709113 0.659634 0.021479 0.041256
981 0.710494 0.706048 0.024241 0.043132
876 0.714943 0.748476 0.030071 0.035162
474 0.711568 0.787857 0.022706 0.037975
374 0.713562 0.831927 0.027309 0.046414
769 0.711415 0.884201 0.018717 0.043132
603 0.710494 0.924051 0.023013 0.031880
903 0.713102 0.950539 0.022093 0.027661
474 0.671525 0.130333 0.024854 0.044069
851 0.669684 0.168776 0.020558 0.032818
597 0.670604 0.256681 0.023627 0.042663
921 0.672446 0.343413 0.034060 0.041725
1067 0.671372 0.394515 0.033753 0.055790
91 0.668917 0.443272 0.030684 0.043601
857 0.669837 0.485935 0.025161 0.036099
135 0.671985 0.570558 0.021479 0.039381
595 0.671832 0.615331 0.030377 0.038912
162 0.671065 0.651664 0.022706 0.027192
288 0.669070 0.675105 0.026082 0.046882
129 0.670144 0.721285 0.028230 0.044538
502 0.669991 0.761838 0.021786 0.039381
930 0.671678 0.807548 0.028843 0.042663
541 0.668917 0.854899 0.020865 0.042663
971 0.670911 0.896859 0.024241 0.037506
956 0.674440 0.939756 0.031912 0.043601
546 0.632556 0.126348 0.017490 0.034224
751 0.632096 0.166901 0.017183 0.036568
903 0.631635 0.207220 0.026695 0.044069
474 0.631329 0.299344 0.027309 0.040788
651 0.629794 0.341772 0.027309 0.043132
419 0.629948 0.378106 0.025161 0.028598
456 0.632556 0.411861 0.026082 0.037975
595 0.631789 0.550164 0.027616 0.049226
76 0.629334 0.594937 0.024547 0.041256
428 0.628567 0.641116 0.023013 0.037975
880 0.629334 0.685654 0.023934 0.040788
930 0.629181 0.721285 0.023627 0.026723
541 0.628720 0.764416 0.025775 0.047351
971 0.626112 0.808486 0.027923 0.037037
589 0.628260 0.860994 0.021172 0.041725
605 0.628567 0.906001 0.027923 0.044538
450 0.630562 0.944444 0.027002 0.030474
148 0.594354 0.132677 0.023934 0.038444
197 0.593434 0.176746 0.024547 0.037506
81 0.592360 0.217065 0.024854 0.034693
925 0.591593 0.259494 0.025161 0.044538
342 0.591286 0.301688 0.025161 0.037975
124 0.592360 0.342007 0.023627 0.039850
703 0.590672 0.381153 0.020865 0.034693
546 0.588984 0.420534 0.022400 0.039381
751 0.588678 0.452883 0.023013 0.028129
445 0.588984 0.493436 0.023627 0.050164
752 0.590212 0.538444 0.023627 0.037975
651 0.588678 0.582278 0.023013 0.041256
870 0.588984 0.630098 0.024241 0.042194
456 0.588984 0.704876 0.021172 0.035162
402 0.590365 0.745429 0.028843 0.042194
941 0.590212 0.784810 0.027309 0.041256
930 0.586376 0.827473 0.023934 0.044069
541 0.587604 0.867557 0.022706 0.032349
971 0.592206 0.906235 0.026388 0.031880
526 0.590825 0.939756 0.020558 0.034224
589 0.553851 0.138303 0.028230 0.041256
450 0.554004 0.175340 0.019331 0.025316
946 0.554771 0.212846 0.025775 0.040319
543 0.555232 0.251524 0.028536 0.037037
908 0.554465 0.284576 0.026388 0.032818
544 0.554465 0.324895 0.025161 0.045007
148 0.556459 0.370136 0.026695 0.037975
526 0.555078 0.410924 0.019638 0.037037
546 0.555078 0.444913 0.020865 0.031880
751 0.553851 0.483122 0.021479 0.038912
197 0.555078 0.518753 0.020865 0.030474
718 0.554771 0.552977 0.018411 0.034224
565 0.555845 0.595171 0.021172 0.044538
474 0.555999 0.644163 0.022706 0.043132
105 0.552317 0.688936 0.021479 0.035162
60 0.552930 0.728551 0.021479 0.040319
288 0.553544 0.770277 0.020252 0.032818
129 0.552317 0.809658 0.019638 0.042194
696 0.552470 0.854899 0.024854 0.039850
167 0.551396 0.895921 0.023934 0.034693
936 0.552624 0.928270 0.020865 0.031880
880 0.519178 0.141585 0.026388 0.039381
148 0.520712 0.182138 0.019638 0.034224
129 0.520558 0.220816 0.019945 0.035631
696 0.522246 0.257618 0.022706 0.035162
449 0.521632 0.294421 0.023320 0.035631
402 0.521939 0.335677 0.030684 0.041256
367 0.518104 0.378106 0.025468 0.037975
880 0.520712 0.419831 0.024547 0.039850
930 0.519945 0.461791 0.023013 0.043132
541 0.519945 0.542194 0.024854 0.035162
971 0.519485 0.576653 0.024547 0.027192
749 0.522246 0.614627 0.023934 0.035631
862 0.521939 0.656118 0.022706 0.036099
193 0.520712 0.695968 0.020252 0.034224
474 0.522860 0.737225 0.024547 0.041725
105 0.521019 0.780825 0.022706 0.041725
972 0.521019 0.818800 0.017797 0.032349
905 0.522706 0.854665 0.021786 0.030942
148 0.520098 0.890530 0.019638 0.032349
794 0.520405 0.918190 0.016569 0.018284
129 0.490948 0.149555 0.021479 0.045007
85 0.490488 0.189170 0.018717 0.029536
880 0.490334 0.219878 0.017797 0.031880
930 0.490641 0.259728 0.020252 0.039381
55 0.490028 0.345054 0.021479 0.040319
755 0.489414 0.383732 0.022093 0.036099
595 0.490181 0.417956 0.021786 0.030474
105 0.490028 0.456165 0.020252 0.044069
290 0.490795 0.498359 0.020558 0.039381
402 0.490641 0.542194 0.021479 0.043601
647 0.492329 0.586263 0.022400 0.037975
930 0.493096 0.671120 0.022093 0.038912
1067 0.494323 0.712846 0.020865 0.037037
91 0.492943 0.749883 0.019331 0.034224
857 0.493710 0.835677 0.021479 0.032349
474 0.490488 0.870370 0.020558 0.034224
589 0.406413 0.120722 0.019945 0.031411
651 0.406260 0.164791 0.020252 0.032349
419 0.407947 0.215190 0.018717 0.041256
1 0.409788 0.266760 0.019945 0.042194
474 0.410095 0.351149 0.019331 0.041256
69 0.410402 0.393812 0.020558 0.043132
173 0.410862 0.437881 0.019638 0.038444
370 0.408561 0.481013 0.023013 0.042194
173 0.409175 0.524848 0.023013 0.036099
625 0.407794 0.565401 0.018411 0.030942
930 0.406106 0.609470 0.020558 0.043132
38 0.406566 0.658697 0.018411 0.045007
566 0.407027 0.697843 0.016876 0.033286
905 0.407180 0.732536 0.015342 0.032349
1077 0.407180 0.766760 0.016569 0.034224
69 0.406720 0.804032 0.017490 0.034693
602 0.406566 0.858181 0.017183 0.037037
1067 0.405953 0.907876 0.016569 0.040788
91 0.406566 0.943976 0.019024 0.028598
450 0.370819 0.116737 0.021172 0.042194
650 0.372507 0.164557 0.022093 0.033755
880 0.374808 0.201828 0.019331 0.037975
402 0.372814 0.244023 0.023320 0.040788
941 0.373274 0.296296 0.021172 0.051571
38 0.376036 0.377637 0.025468 0.032349
262 0.375115 0.467417 0.019331 0.038444
794 0.374808 0.506798 0.020558 0.039381
431 0.378337 0.548992 0.025161 0.039381
270 0.378337 0.586263 0.025775 0.029536
474 0.379718 0.620722 0.026695 0.041256
546 0.377263 0.668308 0.020558 0.043601
751 0.376956 0.711205 0.016263 0.035631
787 0.377723 0.744023 0.015342 0.032818
706 0.378030 0.779887 0.018411 0.037037
1049 0.377110 0.845054 0.019638 0.041725
603 0.377416 0.883497 0.019638 0.033286
785 0.378183 0.918894 0.018717 0.030005
697 0.377110 0.948898 0.017797 0.028129
1009 0.335379 0.208158 0.028230 0.044069
993 0.335686 0.258556 0.029457 0.047351
706 0.336760 0.305438 0.027309 0.040788
143 0.341056 0.353962 0.029764 0.048758
230 0.340288 0.409048 0.022706 0.053915
1031 0.338754 0.458744 0.023934 0.040788
905 0.342590 0.494843 0.027309 0.027661
941 0.341669 0.641116 0.026082 0.037037
880 0.341362 0.734412 0.023013 0.034224
605 0.340595 0.774496 0.022706 0.037506
749 0.341976 0.819269 0.029764 0.038912
1009 0.342129 0.860994 0.025775 0.034224
18 0.342129 0.902016 0.022706 0.039381
69 0.295950 0.116503 0.023627 0.047351
794 0.295643 0.209798 0.020558 0.037975
1032 0.298711 0.254337 0.024241 0.034224
290 0.297484 0.272386 0.026695 0.051571
474 0.298098 0.289967 0.029764 0.037975
115 0.299478 0.381622 0.028230 0.044069
1009 0.302393 0.429911 0.024854 0.039381
18 0.304081 0.476559 0.027002 0.045476
573 0.301626 0.523676 0.020865 0.035631
930 0.301626 0.563526 0.021479 0.034693
47 0.301473 0.596343 0.023627 0.031880
749 0.302547 0.645570 0.023320 0.052508
595 0.302087 0.706048 0.026082 0.050633
474 0.304848 0.753399 0.028536 0.033755
651 0.305002 0.794890 0.021479 0.040788
706 0.302700 0.842475 0.026695 0.045007
1049 0.305769 0.936006 0.023627 0.034224
555 0.258515 0.107595 0.021172 0.045476
513 0.257288 0.164088 0.027309 0.055321
401 0.259282 0.258322 0.023320 0.043132
862 0.261890 0.304970 0.024854 0.050164
193 0.260509 0.354899 0.025161 0.045945
288 0.260970 0.404360 0.023013 0.052039
401 0.262350 0.449367 0.029457 0.039850
497 0.262350 0.493671 0.029457 0.042194
147 0.262657 0.541022 0.025161 0.045945
903 0.262811 0.586029 0.024241 0.042194
69 0.265572 0.629864 0.028536 0.033286
546 0.264345 0.676043 0.036514 0.041256
751 0.261737 0.731364 0.030071 0.048758
651 0.262044 0.775199 0.027002 0.046414
419 0.263118 0.823722 0.025468 0.049695
5 0.265879 0.871542 0.022400 0.048758
401 0.265419 0.916784 0.023934 0.036099
1002 0.266800 0.963432 0.026082 0.046882
32 0.219392 0.148851 0.023320 0.033286
1002 0.218319 0.184716 0.023627 0.034693
330 0.220313 0.237928 0.025161 0.052039
73 0.221694 0.286685 0.028536 0.037975
450 0.221387 0.332396 0.030991 0.047820
220 0.222614 0.432021 0.024241 0.047351
833 0.222154 0.487107 0.033753 0.054383
47 0.225529 0.538912 0.029457 0.036099
401 0.222614 0.581575 0.026695 0.042663
905 0.224455 0.629161 0.027309 0.050633
255 0.225222 0.679794 0.020865 0.042194
794 0.223995 0.786217 0.026388 0.054383
105 0.222614 0.842475 0.025468 0.049695
972 0.223228 0.898031 0.023013 0.050164
69 0.225069 0.951242 0.031605 0.040319
325 0.225222 0.983357 0.032525 0.031411
38 0.182111 0.101266 0.026082 0.042194
566 0.179196 0.146273 0.027616 0.041256
905 0.179810 0.191749 0.027616 0.049695
855 0.178276 0.239334 0.025161 0.039850
69 0.179503 0.283638 0.030071 0.042194
602 0.178736 0.329114 0.028536 0.043132
1009 0.179196 0.373652 0.033139 0.044069
18 0.182571 0.420769 0.030071 0.044538
290 0.186714 0.473980 0.034060 0.052508
706 0.184412 0.522035 0.024547 0.043601
1049 0.185947 0.569151 0.030684 0.046882
555 0.184873 0.627286 0.030991 0.054383
1004 0.186100 0.680497 0.026082 0.047351
778 0.185486 0.729255 0.023627 0.052039
794 0.186714 0.781294 0.023627 0.047351
332 0.187481 0.827707 0.023934 0.046414
697 0.184566 0.877168 0.029764 0.050633
1 0.187634 0.964838 0.019331 0.045007
143 0.163394 0.240506 0.057380 0.041256
98 0.137926 0.240975 0.028536 0.037506
270 0.141761 0.436709 0.030684 0.048289
126 0.140687 0.490155 0.027923 0.047351
1032 0.141915 0.538912 0.026082 0.042663
475 0.140841 0.589311 0.028843 0.046882
69 0.145443 0.628458 0.031298 0.032349
366 0.144523 0.665963 0.028230 0.039850
749 0.145750 0.707220 0.030684 0.042663
1077 0.143602 0.753868 0.031298 0.044069
94 0.146671 0.793952 0.027002 0.040788
38 0.147438 0.838959 0.027923 0.038912
262 0.145750 0.884435 0.022093 0.050164
129 0.143756 0.971636 0.027309 0.044538
696 0.087143 0.143929 0.028843 0.041256
1077 0.090979 0.183779 0.027923 0.038444
673 0.090058 0.225738 0.027309 0.036099
366 0.092513 0.298875 0.027923 0.036099
393 0.094968 0.341069 0.030377 0.044538
257 0.094354 0.389358 0.036514 0.049226
474 0.092360 0.447726 0.028230 0.065635
376 0.092360 0.500234 0.030071 0.036568
415 0.093434 0.544304 0.028536 0.050633
158 0.092973 0.597750 0.038048 0.051571
814 0.092206 0.654008 0.030991 0.059072
1004 0.092053 0.709095 0.025161 0.051102
1000 0.093127 0.759025 0.024241 0.045945
129 0.094508 0.807079 0.030684 0.038912
1077 0.094047 0.845992 0.028536 0.034224
944 0.093894 0.914205 0.027002 0.035631
1049 0.094814 0.956165 0.027616 0.036099
555 0.097269 0.984529 0.030684 0.028129