647 0.815588 0.316456 0.025775 0.041256
778 0.820957 0.424285 0.025468 0.044069
332 0.817122 0.466245 0.023320 0.036099
697 0.820497 0.512658 0.034980 0.053915
129 0.817889 0.561650 0.030991 0.040319
401 0.817429 0.603141 0.031912 0.047351
1 0.819730 0.699015 0.022400 0.040319
603 0.823105 0.744726 0.032218 0.038912
393 0.822185 0.790905 0.026695 0.041256
697 0.760509 0.149320 0.026695 0.044538
837 0.760356 0.248242 0.021479 0.040788
18 0.761583 0.291374 0.027002 0.044538
62 0.762657 0.340600 0.023627 0.042663
880 0.764959 0.418894 0.023320 0.043601
1018 0.761737 0.462729 0.029150 0.045007
716 0.770175 0.560244 0.029457 0.043132
778 0.770175 0.614393 0.025161 0.054852
474 0.770328 0.664791 0.023627 0.042194
436 0.771556 0.708158 0.027309 0.041725
870 0.713716 0.340131 0.022706 0.045476
546 0.716477 0.393108 0.025161 0.048289
38 0.717858 0.444444 0.022400 0.047820
262 0.719392 0.490389 0.026695 0.041256
18 0.722154 0.535162 0.026082 0.041725
1077 0.721080 0.582044 0.026388 0.041725
517 0.722001 0.630567 0.026388 0.042194
474 0.723535 0.677684 0.023934 0.048289
697 0.723075 0.727145 0.026082 0.046882
129 0.667229 0.208158 0.023013 0.044069
880 0.668457 0.249648 0.023627 0.039850
651 0.671678 0.293249 0.031298 0.041725
129 0.669377 0.339662 0.025468 0.041725
571 0.672292 0.385373 0.025161 0.037506
709 0.671832 0.428270 0.033446 0.042663
647 0.670298 0.473746 0.026082 0.037975
62 0.673366 0.518519 0.026082 0.046882
722 0.676281 0.562822 0.025161 0.039850
778 0.676741 0.645335 0.026082 0.032349
880 0.677355 0.682841 0.024854 0.038912
166 0.677969 0.723863 0.025468 0.045007
641 0.628414 0.244023 0.021479 0.038912
42 0.632096 0.285513 0.027002 0.042194
836 0.629641 0.330755 0.022706 0.045476
474 0.635164 0.378809 0.034980 0.050633
115 0.633323 0.432255 0.035594 0.052508
38 0.632709 0.483357 0.025161 0.048758
262 0.632863 0.532583 0.021786 0.045007
18 0.634244 0.576887 0.022706 0.039850
1077 0.637465 0.617675 0.027309 0.042663
245 0.639000 0.667604 0.026082 0.040319
722 0.637619 0.861228 0.022093 0.046882
1018 0.615680 0.244726 0.048174 0.042194
397 0.588524 0.293952 0.025161 0.040319
69 0.590365 0.342241 0.020252 0.043132
129 0.590212 0.385373 0.020558 0.041256
115 0.592206 0.432958 0.018411 0.052039
397 0.594508 0.533286 0.021786 0.035162
749 0.596962 0.567511 0.030377 0.037037
356 0.598036 0.618847 0.030684 0.048758
362 0.596809 0.665729 0.028230 0.037506
631 0.597116 0.707220 0.022706 0.044538
308 0.598496 0.791842 0.029764 0.032818
944 0.548328 0.268167 0.025775 0.041256
148 0.548635 0.313877 0.025775 0.039850
505 0.548788 0.359353 0.033446 0.044538
742 0.549708 0.406235 0.022400 0.036099
276 0.551856 0.448898 0.021172 0.041725
129 0.550782 0.496015 0.019638 0.036568
69 0.552930 0.571027 0.020252 0.045007
925 0.559681 0.615331 0.034366 0.042663
505 0.556459 0.657759 0.022400 0.035631
602 0.558607 0.705813 0.023627 0.041725
173 0.559681 0.742147 0.025161 0.033755
129 0.509052 0.083216 0.022706 0.037975
603 0.509512 0.128926 0.019331 0.045945
392 0.511353 0.174168 0.022400 0.035162
1060 0.514422 0.221519 0.024854 0.039850
1072 0.512734 0.268167 0.021479 0.044069
1067 0.513654 0.309892 0.021479 0.035631
91 0.515189 0.351617 0.023320 0.040319
1077 0.483584 0.283169 0.017797 0.044069
981 0.486499 0.339662 0.019945 0.041725
546 0.486499 0.379512 0.019331 0.033286
751 0.486959 0.418190 0.019024 0.027192
971 0.488493 0.464135 0.019638 0.034693
829 0.488647 0.500234 0.018104 0.030942
612 0.489721 0.545945 0.016569 0.035162
340 0.491255 0.626582 0.017797 0.030474
751 0.492943 0.672996 0.018104 0.037037
390 0.493249 0.716831 0.019331 0.034693
0 0.494784 0.763947 0.017490 0.038912
137 0.410249 0.289967 0.019638 0.038912
148 0.411322 0.331692 0.019945 0.038912
431 0.412857 0.376465 0.019945 0.039381
791 0.413470 0.423816 0.019945 0.044069
47 0.417153 0.508439 0.019331 0.037037
129 0.417153 0.553915 0.021786 0.042663
823 0.419147 0.646273 0.017797 0.036099
571 0.418687 0.685888 0.017490 0.037506
794 0.422215 0.727614 0.019024 0.036568
769 0.376496 0.257853 0.022706 0.033755
1046 0.379411 0.302625 0.024241 0.048289
1022 0.378490 0.349977 0.023013 0.041725
627 0.379871 0.454524 0.022706 0.046414
778 0.385087 0.504688 0.025775 0.042663
513 0.382326 0.552977 0.021479 0.047351
1019 0.384627 0.602203 0.021786 0.038912
1077 0.387389 0.692686 0.023013 0.033286
925 0.344277 0.364276 0.019638 0.028129
129 0.345965 0.402485 0.023013 0.038912
1046 0.349187 0.449133 0.020865 0.044069
727 0.349801 0.553446 0.028843 0.051102
541 0.351335 0.601500 0.024547 0.042194
474 0.353483 0.641585 0.023934 0.030474
928 0.354403 0.678153 0.021479 0.035162
772 0.354250 0.722457 0.022400 0.042194
474 0.355784 0.765354 0.027923 0.037975
1046 0.354096 0.801922 0.025775 0.042663
571 0.353943 0.855368 0.023013 0.051102
794 0.307149 0.336381 0.019638 0.037037
1077 0.307610 0.377168 0.027309 0.040788
152 0.308530 0.422879 0.021786 0.044069
259 0.309451 0.460853 0.020558 0.030005
603 0.310678 0.502344 0.021172 0.040788
402 0.312519 0.546882 0.023013 0.041725
905 0.313900 0.596109 0.025161 0.037975
178 0.315127 0.639006 0.030071 0.046882
855 0.312673 0.685654 0.031912 0.046414
1077 0.316968 0.725504 0.025161 0.035162
397 0.316355 0.764651 0.020865 0.040319
474 0.316968 0.806845 0.022093 0.044069
1002 0.268641 0.281997 0.027309 0.041725
871 0.266953 0.327473 0.027002 0.041725
794 0.268027 0.371777 0.021786 0.037506
158 0.271095 0.409752 0.025468 0.032818
201 0.271402 0.454290 0.025468 0.044069
993 0.272323 0.503047 0.021786 0.047820
775 0.272169 0.552977 0.024547 0.040788
636 0.272169 0.595406 0.027002 0.040319
65 0.275391 0.642757 0.025468 0.050633
401 0.277386 0.701828 0.022706 0.051571
236 0.278306 0.755509 0.023934 0.048289
507 0.269408 0.900844 0.050322 0.043601
749 0.228291 0.333568 0.022706 0.031411
481 0.227831 0.372011 0.027309 0.037037
158 0.229672 0.418894 0.024854 0.044538
211 0.228905 0.461322 0.025775 0.039381
603 0.232740 0.506564 0.024241 0.049226
727 0.231666 0.552743 0.023934 0.040319
541 0.232894 0.596812 0.020252 0.046882
778 0.233967 0.651430 0.027923 0.045476
928 0.236576 0.694562 0.019638 0.039850
571 0.237650 0.894280 0.029150 0.044538
804 0.184412 0.208158 0.029457 0.037506
474 0.184259 0.296765 0.026695 0.047820
972 0.183799 0.343413 0.025161 0.041725
764 0.185486 0.369433 0.026082 0.092827
769 0.186714 0.394515 0.027309 0.044538
1077 0.186867 0.440459 0.023934 0.042663
148 0.187174 0.490389 0.027002 0.043132
950 0.188555 0.539850 0.025468 0.044538
925 0.189629 0.591186 0.028230 0.040319
133 0.190856 0.636193 0.025775 0.045945
50 0.192390 0.681435 0.027002 0.040788
1034 0.191470 0.718003 0.026388 0.032349
1002 0.191010 0.766292 0.027923 0.050164
571 0.192851 0.811533 0.024854 0.039381
804 0.194845 0.857947 0.027616 0.042194
474 0.138386 0.194796 0.030071 0.033286
842 0.138386 0.233240 0.024547 0.039850
526 0.137619 0.273090 0.031605 0.036099
254 0.138079 0.320910 0.028230 0.045476
778 0.141454 0.415846 0.028843 0.044069
798 0.143142 0.461322 0.037128 0.045945
1077 0.143756 0.509376 0.027923 0.045476
196 0.146517 0.552977 0.026695 0.040788
17 0.144983 0.599625 0.030377 0.042194
481 0.145904 0.646742 0.027309 0.041725
148 0.148052 0.696437 0.024241 0.054852
755 0.147898 0.744960 0.025161 0.040319
163 0.147284 0.800281 0.031298 0.050633
180 0.090672 0.321144 0.028536 0.044069
344 0.093280 0.372949 0.030071 0.050164
845 0.094508 0.420769 0.020865 0.035162
436 0.096962 0.465541 0.032525 0.046882
474 0.096655 0.518753 0.027002 0.050164
259 0.097883 0.566807 0.029457 0.035631
607 0.097423 0.585795 0.028536 0.060478
129 0.096809 0.604548 0.029764 0.038912
571 0.097729 0.652602 0.026082 0.041256
1077 0.097729 0.697375 0.024854 0.038912
392 0.100184 0.737693 0.029150 0.038912
671 0.099724 0.783404 0.025161 0.046882
282 0.101258 0.830286 0.028230 0.043132