722 0.793342 0.131271 0.028536 0.044069
402 0.791961 0.176512 0.029457 0.047351
971 0.793035 0.215659 0.029150 0.030005
344 0.793802 0.257618 0.023320 0.049226
830 0.795643 0.305204 0.028843 0.040319
641 0.795950 0.344116 0.020865 0.032818
499 0.796717 0.383029 0.018104 0.040319
568 0.798865 0.422879 0.030377 0.036568
402 0.800552 0.468589 0.031912 0.047351
344 0.799018 0.509611 0.025161 0.029067
133 0.799018 0.551571 0.023934 0.043601
706 0.798098 0.601266 0.032525 0.053915
845 0.796410 0.651430 0.023013 0.045476
325 0.798098 0.698078 0.022706 0.040319
794 0.796717 0.739803 0.026082 0.042194
1018 0.801933 0.785982 0.028536 0.036099
148 0.802700 0.868964 0.018411 0.048289
874 0.803928 0.949133 0.020252 0.027661
612 0.743326 0.197140 0.026695 0.036099
105 0.744400 0.287857 0.020865 0.036568
142 0.745474 0.331458 0.027923 0.048758
393 0.748236 0.384904 0.029764 0.044069
143 0.748542 0.431083 0.023013 0.041725
481 0.749003 0.470699 0.021479 0.036568
91 0.747162 0.506329 0.022706 0.033755
245 0.748389 0.545945 0.019024 0.043601
722 0.748389 0.590014 0.021479 0.042663
577 0.753452 0.635959 0.018104 0.028598
560 0.753299 0.676512 0.015956 0.031880
836 0.753605 0.714721 0.025161 0.037037
450 0.754526 0.757384 0.028843 0.041725
1080 0.752685 0.805438 0.023320 0.047820
762 0.700368 0.172293 0.019331 0.040788
945 0.700982 0.253868 0.024241 0.039850
874 0.700982 0.300750 0.027923 0.047351
309 0.702516 0.346929 0.021786 0.044069
1077 0.702056 0.389123 0.027002 0.040319
770 0.702976 0.422879 0.020865 0.030942
1067 0.704357 0.457337 0.019331 0.035162
91 0.706658 0.492264 0.027002 0.036568
857 0.707732 0.539850 0.028536 0.042663
650 0.706812 0.585091 0.026082 0.035631
950 0.708039 0.631739 0.023627 0.043601
993 0.709267 0.676278 0.029150 0.044538
421 0.709113 0.721753 0.027002 0.045476
930 0.710341 0.766526 0.023320 0.038444
791 0.709573 0.849039 0.021172 0.036568
772 0.708806 0.901782 0.021479 0.037975
736 0.656643 0.156821 0.025161 0.048289
1027 0.657717 0.205813 0.031605 0.049695
457 0.658024 0.255274 0.015649 0.029536
1054 0.660632 0.337553 0.024547 0.045945
393 0.660479 0.375527 0.020558 0.033755
858 0.659558 0.389123 0.021172 0.043132
504 0.663394 0.438350 0.022706 0.038444
431 0.663854 0.488279 0.021172 0.049226
401 0.664161 0.542194 0.021786 0.038912
1018 0.662933 0.584857 0.019331 0.046414
160 0.663240 0.629395 0.024854 0.042663
778 0.663547 0.671355 0.029764 0.044069
51 0.664774 0.718706 0.018717 0.046882
111 0.665235 0.768401 0.024547 0.045945
603 0.667536 0.817393 0.023013 0.043601
107 0.667843 0.866151 0.020558 0.037037
474 0.617828 0.176746 0.029150 0.038444
973 0.615833 0.217534 0.022093 0.034693
803 0.615986 0.256681 0.021786 0.045476
393 0.615219 0.342241 0.017183 0.033755
602 0.615986 0.378809 0.023013 0.041256
874 0.619975 0.421238 0.023013 0.036099
1010 0.619822 0.466245 0.021479 0.047351
567 0.619362 0.511955 0.022400 0.036568
1063 0.621203 0.556962 0.026082 0.044069
941 0.623044 0.601500 0.024854 0.037506
971 0.624578 0.646976 0.029764 0.036568
1067 0.622737 0.691045 0.021786 0.044069
91 0.626266 0.785045 0.021479 0.042663
450 0.577017 0.214018 0.020558 0.037975
641 0.577478 0.256446 0.021479 0.035631
1077 0.579165 0.301688 0.021786 0.038912
641 0.580086 0.344585 0.025468 0.041256
858 0.582847 0.387248 0.026695 0.033755
874 0.578705 0.424051 0.017183 0.033286
22 0.579932 0.467651 0.022093 0.038912
602 0.582080 0.504219 0.017183 0.032349
874 0.583001 0.541256 0.016569 0.026723
803 0.583001 0.580403 0.017797 0.034693
481 0.583308 0.617206 0.023320 0.036099
1067 0.583615 0.658228 0.020252 0.027192
91 0.585763 0.727848 0.023320 0.026723
245 0.586530 0.815284 0.018717 0.044069
722 0.535440 0.099391 0.021479 0.036568
778 0.535594 0.138068 0.020558 0.037975
402 0.536975 0.179090 0.021479 0.041256
710 0.536361 0.225504 0.020865 0.041256
808 0.538816 0.268870 0.019638 0.042663
22 0.539122 0.314112 0.021479 0.045007
148 0.539736 0.349508 0.016569 0.027661
919 0.544032 0.423347 0.027616 0.037506
310 0.543265 0.468120 0.027309 0.041725
945 0.544492 0.512424 0.021786 0.037506
874 0.544492 0.549695 0.019945 0.029536
971 0.543572 0.590717 0.018717 0.044069
105 0.500000 0.146742 0.018104 0.027192
143 0.499847 0.262775 0.017183 0.029536
497 0.500767 0.353024 0.019638 0.047820
577 0.502148 0.439287 0.019331 0.034693
310 0.502608 0.481247 0.020252 0.044538
950 0.504909 0.525785 0.022400 0.034224
421 0.505216 0.567745 0.018717 0.041256
778 0.505830 0.612752 0.017490 0.037506
142 0.506137 0.649320 0.019331 0.035631
1068 0.508898 0.686826 0.023627 0.041256
578 0.509819 0.731130 0.019331 0.041725
474 0.508592 0.773090 0.016876 0.034693
803 0.509512 0.816456 0.018104 0.038912
105 0.468242 0.112518 0.018411 0.037506
142 0.469469 0.152836 0.019024 0.037506
225 0.468549 0.233708 0.018411 0.036099
874 0.468702 0.274965 0.018717 0.032349
22 0.470697 0.318565 0.018411 0.043601
480 0.469776 0.366151 0.018411 0.042194
569 0.470236 0.413268 0.018104 0.037037
152 0.473151 0.455696 0.020252 0.037506
941 0.474225 0.498828 0.018717 0.039381
142 0.476833 0.581106 0.017797 0.035162
945 0.477294 0.659869 0.018104 0.038912
151 0.479748 0.756446 0.016876 0.037037
941 0.480209 0.801688 0.017183 0.039381
22 0.479902 0.840600 0.017183 0.037506
344 0.480362 0.882560 0.018717 0.042663
845 0.409021 0.119316 0.014728 0.026723
849 0.410249 0.166432 0.015956 0.033755
1046 0.410862 0.205110 0.015342 0.037975
344 0.410249 0.248242 0.013501 0.032349
711 0.408714 0.290202 0.015956 0.036568
308 0.410555 0.331927 0.018411 0.037506
142 0.409942 0.376699 0.016569 0.046414
485 0.410095 0.424285 0.019945 0.039381
849 0.410249 0.469058 0.019024 0.037975
22 0.409175 0.507736 0.017490 0.032818
1077 0.410249 0.547117 0.020252 0.043132
203 0.409175 0.588139 0.017490 0.040788
474 0.408101 0.634318 0.019638 0.045007
995 0.407334 0.680028 0.018104 0.036099
928 0.409021 0.719644 0.024547 0.039381
559 0.406566 0.769573 0.020865 0.037975
778 0.405646 0.812705 0.018411 0.035162
152 0.406413 0.847632 0.018717 0.027192
513 0.405339 0.888420 0.017183 0.030005
485 0.405186 0.968823 0.016876 0.031411
22 0.380945 0.120956 0.017490 0.035631
142 0.381098 0.163619 0.018411 0.026254
577 0.379564 0.195734 0.022093 0.029536
845 0.379718 0.239334 0.023627 0.037975
808 0.378951 0.281997 0.022093 0.042663
5 0.378337 0.327707 0.023320 0.043132
344 0.376496 0.376231 0.025775 0.047351
143 0.379411 0.420769 0.029764 0.039850
1067 0.376956 0.462963 0.023627 0.037037
91 0.376649 0.503047 0.022400 0.041256
245 0.375882 0.581341 0.025775 0.048758
722 0.344584 0.155180 0.021479 0.030942
1080 0.345198 0.196906 0.030071 0.045945
829 0.342897 0.239569 0.022400 0.039381
310 0.342590 0.281528 0.019945 0.038912
22 0.341516 0.324660 0.020252 0.039850
1077 0.340902 0.371308 0.022093 0.045007
474 0.341669 0.421707 0.027309 0.042663
271 0.342743 0.462494 0.027616 0.037037
264 0.339828 0.501406 0.023013 0.037975
603 0.336299 0.541256 0.025161 0.036099
381 0.337987 0.582747 0.023013 0.040319
316 0.337373 0.662213 0.023627 0.042663
1002 0.334612 0.766292 0.024241 0.046414
577 0.335072 0.808720 0.028230 0.032818
113 0.335226 0.855837 0.022400 0.046414
571 0.334305 0.906470 0.019331 0.040788
151 0.335532 0.946554 0.024241 0.036568
381 0.335072 0.985466 0.022706 0.028129
542 0.303007 0.157525 0.022400 0.038444
963 0.303774 0.206048 0.025161 0.047351
143 0.302393 0.260431 0.023013 0.049226
610 0.302393 0.309423 0.030991 0.045945
142 0.303314 0.359353 0.029764 0.051102
1048 0.300552 0.409283 0.024854 0.043132
22 0.299172 0.456399 0.025775 0.041725
1018 0.297944 0.501172 0.025161 0.046882
143 0.297944 0.545945 0.033139 0.044538
481 0.298098 0.591186 0.025468 0.041256
722 0.298098 0.630802 0.021172 0.039850
315 0.292421 0.727145 0.027002 0.043132
288 0.292268 0.764651 0.021786 0.036568
5 0.292881 0.804501 0.019331 0.037506
844 0.296563 0.844351 0.029764 0.042194
607 0.295796 0.889592 0.032525 0.046414
778 0.295796 0.939991 0.027002 0.043132
22 0.294722 0.980075 0.024854 0.028598
1077 0.261583 0.161041 0.023627 0.046414
142 0.261890 0.206985 0.024241 0.045476
474 0.260970 0.251524 0.025468 0.046414
105 0.260663 0.318331 0.032218 0.047820
143 0.259282 0.365448 0.025775 0.047351
316 0.258361 0.409283 0.026388 0.043132
1002 0.256214 0.454290 0.026388 0.041256
577 0.258055 0.499531 0.022093 0.046414
991 0.256060 0.549930 0.023627 0.047820
809 0.255446 0.597984 0.026082 0.043601
0 0.255446 0.644632 0.023013 0.037506
775 0.255600 0.690811 0.027002 0.047351
1048 0.252838 0.738397 0.027616 0.040319
1080 0.252378 0.778012 0.023013 0.040788
829 0.251151 0.821847 0.019945 0.039381
751 0.251918 0.834740 0.018411 0.034224
714 0.252225 0.883029 0.030684 0.047351
829 0.251458 0.932724 0.026695 0.040788
612 0.251304 0.980544 0.025161 0.034224
922 0.223842 0.102672 0.027309 0.041256
860 0.224455 0.219409 0.033446 0.049695
229 0.223381 0.266057 0.023320 0.038912
1018 0.223075 0.307782 0.025161 0.047351
366 0.220773 0.350680 0.026082 0.042194
567 0.219086 0.392171 0.028230 0.039850
1063 0.219086 0.441163 0.030071 0.047820
474 0.220466 0.487576 0.023013 0.038444
24 0.220313 0.528364 0.026388 0.041256
262 0.222001 0.574543 0.029150 0.048289
308 0.220620 0.622363 0.027002 0.043601
142 0.216784 0.666432 0.029150 0.041725
380 0.216171 0.711908 0.024854 0.037037
1046 0.216171 0.755977 0.026082 0.044538
1039 0.218319 0.805907 0.028536 0.050633
778 0.214943 0.855134 0.025468 0.045007
791 0.214636 0.887014 0.020558 0.024379
589 0.214636 0.918425 0.025468 0.030005
749 0.183952 0.109470 0.021786 0.047351
429 0.180423 0.154008 0.022706 0.037037
829 0.179963 0.195499 0.023627 0.047820
1077 0.179503 0.244023 0.035594 0.044538
808 0.179963 0.290670 0.027923 0.046882
47 0.181958 0.337084 0.028843 0.036568
577 0.134397 0.208158 0.022706 0.036568
971 0.135011 0.249648 0.023320 0.040788
1067 0.134704 0.290905 0.020252 0.037975
18 0.135318 0.330052 0.029457 0.033755
457 0.132709 0.379747 0.023013 0.046882
674 0.129488 0.429208 0.025161 0.044538
0 0.128874 0.475621 0.025775 0.042663
605 0.131329 0.556024 0.030071 0.051571
697 0.126266 0.608533 0.027309 0.045007
595 0.126726 0.656587 0.022706 0.039850
880 0.126726 0.692218 0.022706 0.035162
401 0.127647 0.734412 0.022706 0.041725
880 0.127186 0.777778 0.022400 0.043132
865 0.127953 0.818331 0.021479 0.038912
1067 0.127186 0.860291 0.019945 0.034693
91 0.127800 0.898031 0.021786 0.040788
450 0.129334 0.943741 0.023013 0.038444
929 0.129027 0.979606 0.022400 0.033286
450 0.092820 0.108298 0.023627 0.049695
764 0.092053 0.156353 0.030684 0.044538
793 0.090825 0.205345 0.025161 0.045945
830 0.092973 0.297937 0.033753 0.045476
393 0.091132 0.342944 0.025161 0.042663
143 0.090519 0.383263 0.020252 0.038912
1067 0.090825 0.422410 0.018411 0.036568
91 0.087297 0.469526 0.027923 0.050164
450 0.089445 0.517815 0.032218 0.045476
402 0.088984 0.555321 0.027002 0.032349
546 0.088064 0.594702 0.025161 0.048289
829 0.089138 0.646273 0.028536 0.049226
794 0.090212 0.700188 0.031912 0.045476
605 0.087450 0.744726 0.025161 0.042663
450 0.086223 0.790905 0.026388 0.045007
855 0.086836 0.830052 0.020865 0.037037
1004 0.084382 0.883497 0.022706 0.044538
778 0.085916 0.937412 0.028230 0.045476