152 0.810371 0.113455 0.029457 0.043132
109 0.810371 0.163854 0.026388 0.045476
145 0.809451 0.201594 0.027616 0.038444
482 0.811138 0.241444 0.027923 0.038444
570 0.811292 0.280591 0.026388 0.037975
577 0.812059 0.313643 0.021786 0.025316
380 0.811752 0.342475 0.019945 0.033286
351 0.811599 0.382091 0.018411 0.035631
930 0.815127 0.423816 0.028536 0.045945
749 0.814360 0.476559 0.033139 0.048289
1077 0.811292 0.520628 0.020865 0.037037
134 0.808684 0.601969 0.021786 0.043132
513 0.809297 0.647914 0.024241 0.040319
541 0.811445 0.690811 0.029150 0.033286
711 0.811905 0.728317 0.023934 0.042663
1067 0.813900 0.773090 0.023627 0.035631
91 0.814207 0.852555 0.022400 0.035162
450 0.813593 0.897093 0.023013 0.049226
650 0.812979 0.944679 0.032832 0.042194
644 0.810371 0.983122 0.025161 0.030942
603 0.767260 0.105251 0.026082 0.028598
69 0.765572 0.150023 0.025161 0.044069
672 0.765572 0.196203 0.031912 0.046414
263 0.764345 0.240272 0.022706 0.044538
419 0.765879 0.279184 0.030684 0.030474
603 0.763271 0.322550 0.023627 0.045007
797 0.761890 0.367557 0.035594 0.045007
170 0.764805 0.414205 0.024241 0.043601
259 0.764959 0.459681 0.024547 0.045476
481 0.763424 0.509611 0.020252 0.033755
628 0.765112 0.548054 0.017490 0.036568
678 0.767874 0.585326 0.029150 0.039850
673 0.769408 0.629630 0.032832 0.044069
963 0.764345 0.672761 0.022706 0.045945
1049 0.762197 0.723160 0.024547 0.051102
555 0.763731 0.772386 0.021479 0.037975
941 0.763731 0.816221 0.027002 0.037506
751 0.766646 0.857947 0.024241 0.042194
115 0.766953 0.900141 0.021172 0.041256
39 0.764038 0.940694 0.027002 0.037975
98 0.763731 0.977262 0.026388 0.037037
380 0.721234 0.116971 0.027309 0.040788
1077 0.720927 0.156587 0.021786 0.041256
402 0.720620 0.202297 0.024854 0.046414
65 0.718779 0.249414 0.021786 0.039381
1 0.720313 0.287623 0.021172 0.038912
143 0.719699 0.329817 0.024854 0.045476
622 0.720927 0.372949 0.024854 0.037037
862 0.719699 0.420300 0.024854 0.048289
193 0.718932 0.464135 0.023320 0.040319
712 0.719392 0.506329 0.023013 0.034693
691 0.721080 0.549461 0.027616 0.050633
224 0.723381 0.597750 0.026695 0.039381
1059 0.723688 0.646038 0.033446 0.049695
419 0.721080 0.693858 0.019638 0.037506
778 0.720773 0.733474 0.024547 0.037975
115 0.720466 0.774730 0.022093 0.041725
109 0.721234 0.818565 0.026695 0.034693
145 0.720773 0.854899 0.022093 0.034224
482 0.721234 0.893108 0.020558 0.029067
570 0.721847 0.925926 0.024241 0.029067
402 0.722154 0.956165 0.021786 0.026723
65 0.723842 0.982185 0.026388 0.025316
651 0.679349 0.117909 0.022093 0.040788
123 0.679503 0.170652 0.021786 0.040319
651 0.679503 0.216596 0.019331 0.038444
995 0.678122 0.264182 0.022706 0.048289
608 0.676434 0.317628 0.019331 0.048289
905 0.675974 0.372714 0.021479 0.051571
1018 0.675821 0.418425 0.021172 0.037037
218 0.678582 0.457806 0.024241 0.034224
391 0.676895 0.492499 0.021479 0.028598
334 0.679963 0.891702 0.020252 0.029067
69 0.684106 0.925223 0.028536 0.035162
739 0.681958 0.965776 0.021172 0.035631
778 0.682878 0.989920 0.021172 0.020159
514 0.637772 0.121894 0.019331 0.039381
191 0.637926 0.166432 0.023320 0.041256
821 0.638693 0.207689 0.021786 0.043132
109 0.639767 0.251055 0.020252 0.044538
749 0.639000 0.273793 0.022400 0.050633
855 0.640074 0.289967 0.022706 0.034224
1077 0.637465 0.331927 0.024854 0.041256
749 0.638386 0.425457 0.028536 0.040788
905 0.641148 0.469292 0.030377 0.045007
446 0.638079 0.520394 0.021786 0.044069
779 0.637926 0.557431 0.019024 0.029067
222 0.639920 0.576418 0.021172 0.027661
577 0.641148 0.610408 0.023627 0.038444
380 0.641761 0.655180 0.027309 0.049226
556 0.642835 0.702297 0.027002 0.042194
148 0.643602 0.744726 0.019331 0.035162
923 0.642222 0.785748 0.019638 0.046882
91 0.641301 0.827707 0.017797 0.035162
941 0.642682 0.838959 0.017490 0.028598
1 0.646057 0.876231 0.027309 0.029067
829 0.644830 0.914674 0.020558 0.046882
571 0.645290 0.956868 0.020252 0.033755
142 0.644523 0.987811 0.020558 0.024379
120 0.598803 0.126113 0.023627 0.040319
556 0.599110 0.139006 0.021172 0.035162
474 0.599570 0.179794 0.029457 0.044538
710 0.597423 0.221050 0.022093 0.035162
191 0.599110 0.250352 0.019331 0.026254
689 0.597423 0.283404 0.020252 0.037975
923 0.597269 0.320675 0.019945 0.030942
91 0.597576 0.355837 0.017490 0.040319
1046 0.598036 0.399203 0.015956 0.035162
571 0.598803 0.439053 0.016876 0.035162
1077 0.599570 0.480309 0.020252 0.037037
380 0.600951 0.502344 0.018104 0.022035
821 0.599877 0.536334 0.023934 0.041256
689 0.604020 0.583685 0.020558 0.034693
923 0.604787 0.634552 0.020252 0.045476
855 0.604787 0.677918 0.018411 0.036568
836 0.603406 0.721988 0.022400 0.042194
325 0.603406 0.764651 0.026695 0.037506
133 0.606014 0.906704 0.020865 0.043132
923 0.606168 0.947726 0.018104 0.033286
91 0.608162 0.979841 0.021479 0.030942
474 0.560755 0.120488 0.018104 0.026254
142 0.560448 0.154008 0.020558 0.034224
592 0.562136 0.188467 0.023320 0.025316
905 0.560295 0.222925 0.021479 0.028598
829 0.562442 0.262072 0.022706 0.043132
391 0.562749 0.308486 0.020865 0.039381
334 0.563977 0.543132 0.027002 0.035162
401 0.563056 0.579934 0.022093 0.043132
749 0.564437 0.620253 0.018104 0.030942
534 0.565511 0.655649 0.022093 0.037975
148 0.565971 0.700188 0.019331 0.042663
1067 0.567659 0.743085 0.022093 0.040319
91 0.568119 0.785045 0.022400 0.038912
245 0.566892 0.833802 0.023627 0.039850
722 0.571341 0.882794 0.028230 0.045007
402 0.571494 0.927332 0.025468 0.038444
710 0.527309 0.137131 0.018717 0.045476
941 0.528690 0.177450 0.029457 0.034224
845 0.528230 0.219175 0.025468 0.037037
325 0.527923 0.254805 0.023013 0.029536
651 0.528843 0.285513 0.018717 0.029067
46 0.529917 0.317628 0.017183 0.033286
325 0.530377 0.358415 0.023627 0.036099
905 0.534060 0.398734 0.029150 0.042663
446 0.531758 0.431317 0.019638 0.025316
1002 0.530991 0.467182 0.017490 0.035162
474 0.531605 0.507501 0.018104 0.037037
972 0.532065 0.553680 0.021479 0.041256
69 0.533753 0.601735 0.022400 0.050164
602 0.533139 0.642757 0.019331 0.036568
1077 0.534827 0.683310 0.024547 0.042663
401 0.535901 0.728551 0.021172 0.045945
972 0.534827 0.768636 0.019024 0.036099
905 0.534673 0.808486 0.021786 0.039850
778 0.536514 0.852789 0.021786 0.039381
402 0.538355 0.935537 0.020558 0.038912
941 0.511353 0.140178 0.053697 0.041256
808 0.495858 0.144163 0.018411 0.041725
288 0.497392 0.183075 0.020252 0.025785
651 0.496471 0.217768 0.018411 0.036099
723 0.497545 0.258322 0.019331 0.038444
513 0.498159 0.298406 0.018104 0.037975
262 0.497545 0.412330 0.015035 0.032349
411 0.438785 0.127051 0.019638 0.042194
1067 0.437404 0.168308 0.021172 0.030005
91 0.440166 0.206985 0.016876 0.039850
245 0.439245 0.248945 0.019331 0.040319
722 0.440933 0.334271 0.018411 0.036568
401 0.439552 0.376934 0.020558 0.040319
1 0.440166 0.418425 0.015649 0.034224
880 0.440933 0.456399 0.015956 0.037037
401 0.442620 0.534693 0.026082 0.036099
1 0.440933 0.571730 0.022706 0.037037
1067 0.441393 0.615096 0.023013 0.044069
91 0.441086 0.655649 0.018717 0.036099
245 0.439705 0.695499 0.021479 0.040788
722 0.440779 0.738397 0.023013 0.043132
401 0.440319 0.781060 0.016569 0.031880
91 0.439705 0.813408 0.015342 0.032818
450 0.440473 0.891233 0.026695 0.037506
796 0.438478 0.928973 0.019638 0.038912
709 0.406566 0.114158 0.015342 0.032349
855 0.404879 0.154477 0.020558 0.039850
934 0.406413 0.203235 0.026695 0.045476
148 0.401810 0.294655 0.018104 0.042663
143 0.403038 0.339662 0.023627 0.040788
641 0.403345 0.387248 0.020558 0.041256
897 0.403038 0.438115 0.019945 0.045476
934 0.403038 0.527192 0.022400 0.048289
148 0.402271 0.577121 0.028230 0.045945
105 0.402577 0.628223 0.019638 0.041256
143 0.400430 0.671824 0.020865 0.040319
548 0.399662 0.715424 0.020558 0.042194
845 0.400583 0.758087 0.023013 0.033755
105 0.398742 0.804032 0.024241 0.045945
143 0.400430 0.844585 0.022093 0.030474
548 0.399816 0.889592 0.019024 0.042663
711 0.399969 0.934834 0.021786 0.032818
971 0.402424 0.966245 0.021786 0.034693
226 0.369899 0.114158 0.021172 0.037037
602 0.369745 0.157525 0.022706 0.042194
450 0.369899 0.204407 0.021786 0.044069
1038 0.368211 0.251289 0.025161 0.048758
148 0.369899 0.292077 0.024854 0.030005
470 0.367444 0.327473 0.023627 0.037975
940 0.366677 0.411627 0.022093 0.038444
105 0.366217 0.452180 0.024241 0.039850
143 0.366677 0.499531 0.020865 0.043601
491 0.368058 0.552039 0.026695 0.048289
1 0.367291 0.601969 0.023320 0.042194
931 0.366217 0.647679 0.024854 0.039850
40 0.367137 0.689873 0.020558 0.041725
472 0.365910 0.730192 0.021786 0.034224
226 0.364682 0.769573 0.021786 0.040788
602 0.365756 0.810127 0.020865 0.038444
470 0.365143 0.882325 0.019024 0.027192
470 0.364989 0.912330 0.015649 0.029067
926 0.363915 0.942569 0.017797 0.031411
926 0.362535 0.968120 0.019331 0.037506
450 0.328475 0.107595 0.023013 0.031411
1038 0.327401 0.149086 0.022706 0.038444
351 0.327554 0.193624 0.023627 0.042194
778 0.327401 0.233708 0.025161 0.037975
152 0.327708 0.277309 0.023934 0.040788
1032 0.327708 0.323722 0.027002 0.041725
472 0.327094 0.366385 0.029457 0.041725
639 0.324333 0.408814 0.026388 0.045945
450 0.324639 0.448195 0.023934 0.035631
1038 0.325253 0.485232 0.024547 0.036568
595 0.326481 0.527192 0.022706 0.041725
1002 0.324486 0.577825 0.030377 0.047351
513 0.327861 0.622363 0.029764 0.037975
111 0.326941 0.663854 0.023013 0.043132
778 0.327094 0.707689 0.023320 0.033286
152 0.326327 0.749180 0.026695 0.041256
1032 0.326020 0.849742 0.026082 0.036099
749 0.326941 0.895452 0.019945 0.046882
743 0.327401 0.943038 0.022706 0.035162
749 0.330930 0.974918 0.027923 0.033286
107 0.284903 0.114627 0.034673 0.052039
1080 0.285977 0.166432 0.029457 0.046882
513 0.284290 0.212377 0.023013 0.037506
755 0.285057 0.250820 0.020865 0.036568
1067 0.284443 0.292546 0.030684 0.044069
91 0.285977 0.334271 0.030071 0.038444
245 0.288432 0.512893 0.035594 0.047820
722 0.287512 0.557431 0.028843 0.045945
602 0.286131 0.599391 0.030377 0.042663
709 0.287818 0.636193 0.027616 0.032818
602 0.287051 0.679325 0.024854 0.042194
855 0.287205 0.725504 0.023934 0.046414
602 0.286131 0.772386 0.024241 0.044538
356 0.286131 0.823254 0.022400 0.045945
602 0.286744 0.871542 0.021172 0.039381
309 0.285670 0.917487 0.020865 0.050633
1080 0.285057 0.960150 0.022093 0.029067
513 0.285517 0.985466 0.020558 0.025316
755 0.246855 0.110642 0.023013 0.045945
1067 0.242099 0.165495 0.033139 0.045945
91 0.246548 0.209564 0.025468 0.041256
245 0.245627 0.250117 0.021786 0.030474
722 0.246395 0.287857 0.020865 0.041256
507 0.246241 0.328880 0.027309 0.039850
749 0.245474 0.375293 0.034980 0.046414
836 0.244860 0.423582 0.030684 0.047351
450 0.243019 0.468354 0.022093 0.045007
207 0.245474 0.513830 0.033139 0.045007
1038 0.245781 0.565166 0.027002 0.046414
143 0.245934 0.615799 0.026082 0.040788
513 0.247929 0.655415 0.027002 0.032818
1067 0.249156 0.697375 0.030071 0.038912
91 0.247929 0.741678 0.022706 0.039381
245 0.247775 0.794421 0.028536 0.050164
722 0.248082 0.836381 0.019945 0.030942
852 0.247622 0.874590 0.019638 0.034224
402 0.247008 0.914440 0.027002 0.037037
923 0.250077 0.952180 0.030071 0.035631
836 0.203743 0.102203 0.021479 0.030942
325 0.202823 0.142991 0.026388 0.043132
507 0.203283 0.190577 0.028536 0.049226
749 0.204971 0.245429 0.027616 0.046414
1077 0.203590 0.288326 0.027923 0.039381
751 0.199601 0.330755 0.023627 0.042663
723 0.203130 0.373418 0.025775 0.032349
1067 0.203130 0.416784 0.022093 0.037506
91 0.202976 0.458509 0.022400 0.041256
245 0.204971 0.497656 0.020865 0.037037
722 0.205431 0.536334 0.020558 0.037506
778 0.207732 0.575715 0.033139 0.039381
402 0.207119 0.623769 0.030684 0.049226
751 0.202516 0.710502 0.020865 0.031411
431 0.201596 0.746367 0.020252 0.034693
550 0.153882 0.097984 0.028536 0.033755
697 0.155416 0.143694 0.030377 0.049226
880 0.155109 0.192452 0.030377 0.044538
401 0.157871 0.237928 0.028536 0.046414
1 0.157257 0.279653 0.023627 0.036099
880 0.157564 0.312940 0.021172 0.033286
401 0.160325 0.353962 0.021786 0.046882
380 0.160479 0.402016 0.022706 0.041725
694 0.159865 0.442100 0.020252 0.039381
309 0.162320 0.477965 0.023934 0.028598
495 0.159558 0.518753 0.025161 0.044538
391 0.156950 0.566573 0.022400 0.042663
334 0.159865 0.605954 0.031912 0.039850
880 0.159558 0.653305 0.030071 0.051102
995 0.159865 0.699953 0.028230 0.040319
475 0.160325 0.746601 0.022400 0.041725
743 0.161092 0.789733 0.025161 0.042663
1067 0.161399 0.834974 0.019024 0.045945
91 0.162013 0.878340 0.022093 0.037037
857 0.162473 0.920769 0.018717 0.036568
778 0.163240 0.955696 0.015956 0.029536
514 0.163701 0.983122 0.019331 0.027192
143 0.111998 0.203235 0.019638 0.040788
964 0.113378 0.248476 0.023013 0.040319
880 0.115219 0.288092 0.021172 0.037037
55 0.115986 0.325129 0.020865 0.038912
1038 0.115680 0.359119 0.024547 0.027192
474 0.115373 0.392405 0.027002 0.035631
673 0.114299 0.436709 0.024241 0.040788
541 0.115066 0.482888 0.023934 0.047820
711 0.118288 0.528833 0.021786 0.036568
431 0.119822 0.567511 0.025468 0.042663
673 0.118748 0.607595 0.021479 0.036568
1038 0.120436 0.643460 0.023627 0.029536
596 0.120589 0.686357 0.019638 0.041256
316 0.120436 0.733474 0.018717 0.043601
1002 0.121356 0.773558 0.021172 0.036568
829 0.120589 0.822082 0.021479 0.040788
481 0.119515 0.863572 0.022400 0.041256
880 0.120743 0.903422 0.020558 0.039381
589 0.120743 0.939522 0.018717 0.030942
749 0.121817 0.974918 0.018411 0.036099