550 0.813440 0.106188 0.024547 0.028598
778 0.808837 0.140413 0.031912 0.035162
651 0.811752 0.180497 0.024854 0.028129
811 0.813440 0.221285 0.022093 0.045007
378 0.811292 0.269573 0.027002 0.046882
506 0.811292 0.312471 0.022706 0.042663
1067 0.812979 0.355837 0.020558 0.041256
91 0.810985 0.443741 0.025161 0.042663
450 0.811445 0.496249 0.030377 0.039850
801 0.813593 0.542663 0.023013 0.037975
550 0.812059 0.581810 0.018717 0.031880
697 0.811445 0.620956 0.018104 0.034224
880 0.811445 0.662447 0.024854 0.045945
811 0.812366 0.713783 0.023627 0.030474
796 0.812826 0.750820 0.027002 0.044538
829 0.810678 0.796531 0.029457 0.043132
991 0.811905 0.838959 0.029457 0.043601
809 0.810064 0.881857 0.023320 0.038444
0 0.810371 0.919831 0.024547 0.039381
148 0.766033 0.115331 0.026695 0.046882
829 0.764652 0.165495 0.027616 0.041256
58 0.764959 0.216362 0.030071 0.047351
390 0.760663 0.267932 0.028230 0.042663
734 0.759896 0.305907 0.023013 0.036099
143 0.761737 0.346460 0.024241 0.040319
1067 0.764959 0.391467 0.027616 0.041256
91 0.767260 0.446789 0.030991 0.052508
245 0.763885 0.495546 0.027309 0.039381
722 0.764652 0.539381 0.025161 0.038912
577 0.761430 0.625879 0.020558 0.030942
1080 0.761737 0.662213 0.017490 0.034224
836 0.762811 0.703000 0.028843 0.041725
450 0.765265 0.752930 0.030684 0.048758
178 0.764345 0.796062 0.023320 0.032818
855 0.766339 0.832865 0.030377 0.037037
880 0.763424 0.872480 0.031298 0.041256
166 0.764191 0.923347 0.028536 0.052977
1067 0.720773 0.119316 0.023320 0.040788
91 0.718625 0.163854 0.019638 0.039850
450 0.718779 0.204407 0.022400 0.037506
541 0.717091 0.244491 0.027002 0.039850
711 0.720927 0.329583 0.022400 0.044069
69 0.720466 0.381622 0.023320 0.045007
880 0.719546 0.424519 0.023934 0.039850
1032 0.718319 0.463901 0.022093 0.032349
415 0.720160 0.499297 0.022706 0.032818
764 0.721234 0.539381 0.026695 0.041725
1010 0.721694 0.578762 0.024547 0.036099
930 0.722001 0.625879 0.020252 0.045945
313 0.724455 0.669245 0.029457 0.040788
523 0.722768 0.710502 0.023013 0.040788
69 0.722768 0.753165 0.020558 0.038912
880 0.722614 0.794421 0.033753 0.042663
109 0.722614 0.838022 0.025161 0.035162
749 0.723535 0.863572 0.023934 0.030005
709 0.722461 0.905767 0.022400 0.043132
855 0.721540 0.941866 0.023013 0.030942
315 0.680884 0.120956 0.029457 0.050633
764 0.678736 0.161041 0.023320 0.032349
1010 0.679196 0.199719 0.027923 0.042194
401 0.678429 0.246835 0.022706 0.038912
481 0.677048 0.283169 0.018104 0.030942
391 0.679349 0.368964 0.019638 0.042194
1067 0.677355 0.410689 0.020558 0.040319
91 0.682418 0.455696 0.031298 0.036568
245 0.681037 0.494374 0.027309 0.037975
722 0.680423 0.535865 0.022400 0.041256
880 0.681651 0.578528 0.021172 0.036568
506 0.681651 0.616971 0.026082 0.040319
1067 0.681804 0.659165 0.025775 0.044069
91 0.681037 0.701360 0.022400 0.036568
836 0.682878 0.740975 0.026082 0.044538
325 0.681804 0.781997 0.021479 0.035631
507 0.683799 0.825598 0.030377 0.042194
749 0.681037 0.869433 0.029150 0.037037
930 0.682264 0.905767 0.020558 0.027192
880 0.684259 0.937881 0.024547 0.039850
791 0.662320 0.870605 0.065971 0.038444
1067 0.640534 0.123769 0.026695 0.043132
91 0.640534 0.168308 0.029150 0.039381
245 0.639307 0.208626 0.021172 0.035631
722 0.640994 0.245195 0.020865 0.038444
981 0.639307 0.282935 0.018104 0.026723
880 0.639000 0.315284 0.017490 0.034224
439 0.641301 0.351149 0.030071 0.036568
838 0.643295 0.394984 0.032832 0.046414
880 0.642222 0.437881 0.030071 0.044069
397 0.642682 0.489217 0.029150 0.043601
105 0.640227 0.531880 0.030991 0.038912
1046 0.640380 0.571027 0.020865 0.040319
1072 0.640074 0.615096 0.022706 0.041256
855 0.641608 0.665026 0.020865 0.037037
1077 0.641301 0.704173 0.027002 0.038444
880 0.639613 0.744023 0.019945 0.030005
958 0.642682 0.778950 0.019945 0.031411
133 0.643602 0.828176 0.024241 0.038912
775 0.644676 0.872949 0.030684 0.043132
764 0.644369 0.917722 0.026388 0.039850
793 0.598650 0.125879 0.023320 0.043601
136 0.599417 0.165026 0.018717 0.036568
1072 0.599877 0.209330 0.017797 0.038912
1067 0.600031 0.254102 0.021172 0.038444
91 0.599110 0.326067 0.021786 0.034224
245 0.600338 0.363572 0.021172 0.032349
722 0.600644 0.399203 0.019945 0.037037
69 0.604633 0.472105 0.030377 0.027192
880 0.600338 0.548523 0.023013 0.032818
1046 0.601258 0.586967 0.030991 0.034693
344 0.600951 0.633380 0.019945 0.041256
794 0.604633 0.672996 0.029764 0.032349
158 0.602025 0.714252 0.021479 0.041725
163 0.602639 0.757853 0.024547 0.039850
481 0.603559 0.802391 0.025775 0.042663
1067 0.602792 0.845054 0.018104 0.028598
91 0.603559 0.875527 0.017183 0.030474
245 0.607702 0.908111 0.029764 0.030942
722 0.565357 0.124707 0.023627 0.035631
474 0.565971 0.170183 0.019331 0.036568
1036 0.563363 0.202532 0.019638 0.028129
562 0.567352 0.241210 0.029457 0.047351
5 0.564130 0.287154 0.022400 0.037037
438 0.563670 0.330520 0.021479 0.038444
697 0.562289 0.376699 0.023013 0.049226
1027 0.565204 0.428270 0.025775 0.040788
463 0.562596 0.504219 0.019331 0.030474
601 0.565051 0.576184 0.024854 0.039381
1077 0.567352 0.620019 0.030684 0.039850
531 0.566585 0.660338 0.024241 0.036099
401 0.569346 0.704407 0.027309 0.040788
880 0.567199 0.753399 0.025468 0.039381
105 0.567659 0.792311 0.020252 0.030942
191 0.566125 0.827942 0.028843 0.035631
689 0.568426 0.869667 0.026082 0.037506
1067 0.563823 0.901547 0.018717 0.026254
91 0.562442 0.934365 0.017183 0.033755
245 0.527002 0.135021 0.019331 0.035631
722 0.526542 0.171120 0.015956 0.021566
928 0.527156 0.212377 0.021479 0.036568
571 0.526082 0.250117 0.021786 0.035162
391 0.526849 0.281997 0.019638 0.028598
334 0.525621 0.314346 0.023320 0.032349
880 0.528843 0.355368 0.027923 0.039381
1067 0.526082 0.405063 0.019945 0.043132
91 0.527923 0.449133 0.018104 0.030942
245 0.528843 0.485466 0.016876 0.029536
722 0.532679 0.563526 0.027616 0.039381
640 0.533446 0.605251 0.022400 0.034693
513 0.531145 0.648851 0.020252 0.030942
450 0.532372 0.693390 0.027002 0.045945
778 0.531145 0.735349 0.023320 0.037037
391 0.530531 0.775434 0.020252 0.036568
334 0.530071 0.795827 0.016876 0.061416
880 0.530377 0.814815 0.017490 0.030005
393 0.530224 0.848336 0.014728 0.026723
1018 0.531298 0.881857 0.021786 0.033755
474 0.534366 0.920534 0.025468 0.039850
380 0.493863 0.135021 0.018104 0.036568
821 0.493556 0.181903 0.021786 0.043132
109 0.496164 0.230895 0.017797 0.045476
145 0.496011 0.324895 0.023627 0.037506
482 0.497238 0.364510 0.020558 0.037037
570 0.497852 0.439522 0.022400 0.035162
605 0.499386 0.479137 0.021172 0.029067
450 0.499693 0.515940 0.019945 0.034224
1077 0.500921 0.555790 0.019331 0.023910
792 0.498926 0.597281 0.023934 0.044069
784 0.499847 0.639241 0.016569 0.030474
148 0.498926 0.672761 0.017797 0.027192
602 0.500614 0.714252 0.018717 0.037975
1004 0.499693 0.751524 0.025468 0.031880
380 0.498926 0.788092 0.018411 0.027192
249 0.498312 0.827004 0.014728 0.037506
442 0.502301 0.902719 0.019024 0.028598
605 0.409481 0.132677 0.019331 0.030942
972 0.409788 0.172996 0.015649 0.035631
905 0.411322 0.214955 0.017490 0.037975
762 0.411169 0.255509 0.019638 0.037506
930 0.411936 0.289967 0.018104 0.023910
50 0.413164 0.326535 0.019945 0.035162
1034 0.411783 0.361697 0.020865 0.034224
109 0.409328 0.394280 0.019638 0.029067
145 0.410709 0.427332 0.021786 0.031411
482 0.412550 0.467417 0.019945 0.039381
570 0.411322 0.507032 0.016263 0.031411
380 0.411476 0.547351 0.016569 0.035162
109 0.411016 0.583216 0.020558 0.036568
442 0.410249 0.623301 0.025161 0.037037
605 0.409481 0.692218 0.019331 0.027661
450 0.411016 0.727848 0.022400 0.037975
137 0.410095 0.766995 0.023627 0.037506
481 0.411476 0.802625 0.019024 0.021566
972 0.410402 0.837553 0.014422 0.029536
905 0.409021 0.870370 0.017797 0.028598
792 0.407947 0.905063 0.018104 0.031411
778 0.378183 0.139006 0.021172 0.046414
152 0.379411 0.187060 0.018104 0.034693
602 0.377416 0.228083 0.022706 0.042663
290 0.378337 0.267932 0.021479 0.034224
401 0.379564 0.304735 0.020865 0.034693
723 0.379104 0.344116 0.024854 0.034693
550 0.378951 0.378809 0.025161 0.030942
749 0.378644 0.416081 0.022093 0.035162
270 0.377723 0.455696 0.021479 0.035631
944 0.378183 0.488514 0.021172 0.029067
1067 0.377877 0.520628 0.020558 0.033286
91 0.379564 0.560947 0.023934 0.040788
450 0.377263 0.605016 0.023013 0.041725
503 0.377416 0.649555 0.018411 0.045476
994 0.379718 0.689873 0.023627 0.027661
1004 0.378030 0.727848 0.019638 0.038912
380 0.377110 0.774496 0.015342 0.030005
249 0.377416 0.811064 0.014115 0.030005
1029 0.375882 0.847867 0.018411 0.038912
362 0.377263 0.888889 0.020558 0.038444
69 0.345044 0.127989 0.023013 0.036568
778 0.345965 0.162682 0.021172 0.025316
163 0.347192 0.199484 0.023013 0.043601
436 0.345044 0.242850 0.032832 0.039381
513 0.344277 0.289030 0.020252 0.041725
755 0.345812 0.327004 0.027616 0.031411
1048 0.342897 0.364510 0.021786 0.037037
207 0.341209 0.488748 0.027616 0.040788
168 0.345198 0.524848 0.025161 0.032349
513 0.347192 0.566573 0.023627 0.039850
755 0.343203 0.613690 0.026695 0.048758
163 0.344738 0.664557 0.023627 0.040788
673 0.343203 0.709330 0.019331 0.043132
537 0.342283 0.756915 0.026695 0.046414
82 0.344124 0.801688 0.022400 0.040319
1039 0.344584 0.843882 0.020865 0.036568
252 0.343510 0.880450 0.021172 0.038444
577 0.344431 0.899203 0.026082 0.057196
19 0.346425 0.918894 0.029457 0.035631
1059 0.343357 0.953118 0.020865 0.032818
941 0.303774 0.127051 0.021479 0.041256
381 0.305922 0.172293 0.023934 0.043601
872 0.306229 0.212143 0.020252 0.029536
172 0.305155 0.256915 0.024854 0.047820
617 0.303467 0.303563 0.023934 0.042663
481 0.303928 0.345054 0.020558 0.038444
1067 0.303467 0.397562 0.020865 0.043132
91 0.302240 0.481481 0.021479 0.042194
245 0.302700 0.524379 0.020558 0.034224
722 0.303621 0.566338 0.020558 0.041256
963 0.303160 0.605720 0.018411 0.032818
435 0.303928 0.640881 0.018717 0.035631
410 0.308223 0.680263 0.032218 0.041256
105 0.308990 0.726676 0.033139 0.040319
602 0.304541 0.772621 0.025468 0.046882
474 0.307917 0.819503 0.027309 0.035631
671 0.306229 0.866620 0.025775 0.049226
1068 0.305615 0.914674 0.020252 0.038444
282 0.307456 0.956399 0.022093 0.040319
415 0.266493 0.125176 0.026695 0.043132
69 0.268487 0.168776 0.023320 0.038444
40 0.268334 0.215659 0.021786 0.039381
504 0.268334 0.266526 0.022400 0.044538
117 0.268641 0.311767 0.029764 0.042194
149 0.268334 0.355837 0.029150 0.042194
963 0.268641 0.399672 0.024241 0.040788
663 0.269561 0.439991 0.032832 0.036099
148 0.268948 0.484294 0.019331 0.037506
117 0.267874 0.527895 0.024547 0.044069
558 0.268027 0.575715 0.023013 0.043132
504 0.267260 0.621191 0.037435 0.037506
415 0.265879 0.660572 0.020558 0.037506
439 0.266493 0.699484 0.019945 0.036568
115 0.267567 0.743085 0.025161 0.037506
583 0.270635 0.785279 0.030071 0.041256
129 0.267567 0.831692 0.022093 0.031880
502 0.267567 0.876699 0.019024 0.036568
431 0.268334 0.918894 0.019945 0.032818
148 0.270482 0.960619 0.023627 0.040319
117 0.230132 0.121660 0.023320 0.035162
956 0.231973 0.161041 0.031298 0.040788
524 0.229825 0.201125 0.021479 0.034693
558 0.229211 0.287857 0.022093 0.039381
474 0.228444 0.333099 0.023627 0.049226
344 0.225529 0.379747 0.027616 0.045007
794 0.227984 0.423347 0.027616 0.038444
158 0.232126 0.466948 0.030991 0.043132
1000 0.231206 0.512893 0.022400 0.037506
481 0.230899 0.610642 0.024854 0.032349
1067 0.229365 0.651195 0.023627 0.040319
91 0.230439 0.688467 0.019638 0.035162
245 0.231359 0.724098 0.019638 0.034224
722 0.235041 0.764416 0.032525 0.037975
1046 0.234274 0.805204 0.034060 0.038912
778 0.230132 0.849742 0.024547 0.031411
468 0.229058 0.890999 0.023627 0.038912
115 0.231359 0.928739 0.027616 0.027192
539 0.230746 0.962963 0.020252 0.036568
450 0.185333 0.123769 0.023934 0.039381
270 0.186714 0.165026 0.019945 0.043132
303 0.188708 0.189639 0.026388 0.055790
468 0.192390 0.202532 0.030684 0.029067
673 0.188095 0.244023 0.024547 0.042663
952 0.188095 0.283404 0.025161 0.026723
651 0.186560 0.315518 0.025775 0.034693
115 0.188401 0.357712 0.030684 0.039381
449 0.186253 0.399672 0.022706 0.038912
117 0.188248 0.490858 0.025468 0.045945
26 0.189782 0.538444 0.021172 0.042663
428 0.187021 0.584154 0.021786 0.040319
778 0.189322 0.625645 0.024547 0.034224
413 0.189168 0.674871 0.021786 0.047351
673 0.188708 0.718472 0.023320 0.031411
366 0.187941 0.756212 0.023627 0.037506
483 0.188708 0.795124 0.026388 0.036568
344 0.188708 0.838725 0.031298 0.038444
794 0.188095 0.886310 0.029457 0.048289
158 0.187021 0.931083 0.022400 0.035631
1018 0.187327 0.964604 0.024241 0.039850
1048 0.143602 0.125645 0.027002 0.037506
481 0.143602 0.174402 0.030684 0.043132
1067 0.139153 0.217300 0.026082 0.041725
91 0.139307 0.253399 0.021479 0.035162
245 0.139307 0.287154 0.018411 0.033286
722 0.144983 0.324426 0.030377 0.036568
928 0.143295 0.369667 0.032525 0.040788
468 0.141608 0.448429 0.025468 0.028598
69 0.143142 0.483826 0.034060 0.041256
778 0.141454 0.528598 0.026388 0.037975
549 0.141454 0.572199 0.028843 0.045476
431 0.142222 0.617206 0.030991 0.041725
742 0.142375 0.708861 0.022706 0.044069
455 0.144063 0.752930 0.022400 0.036568
928 0.144676 0.793952 0.028536 0.037975
474 0.145750 0.848805 0.025775 0.051102
593 0.146978 0.899437 0.027616 0.046414
1002 0.146364 0.944679 0.022706 0.042194
115 0.094968 0.177215 0.019331 0.040319
564 0.094508 0.223394 0.020252 0.042663
931 0.094354 0.266760 0.020558 0.040319
40 0.095735 0.311533 0.024547 0.038912
143 0.095428 0.355602 0.021479 0.039850
200 0.094968 0.402016 0.019945 0.042663
105 0.098190 0.448195 0.028230 0.040319
602 0.099417 0.497187 0.025775 0.040788
436 0.098650 0.543601 0.025468 0.037037
755 0.099110 0.588373 0.027002 0.044069
474 0.100338 0.630098 0.020865 0.035631
286 0.101105 0.677450 0.021786 0.037506
1004 0.101258 0.712377 0.026388 0.030474
143 0.099877 0.747539 0.026082 0.034224
612 0.100798 0.793718 0.019331 0.039381
1046 0.101718 0.829114 0.023627 0.029536
778 0.102485 0.870605 0.022093 0.037506
336 0.102025 0.909283 0.026695 0.037037
513 0.100951 0.955227 0.034366 0.042663