1063 0.903345 0.101500 0.030684 0.049226
105 0.905492 0.147445 0.031298 0.034224
1072 0.905032 0.180263 0.025468 0.030474
1067 0.902271 0.215424 0.029150 0.038912
91 0.904725 0.261838 0.021172 0.045476
245 0.862995 0.101266 0.029764 0.043132
722 0.860693 0.155884 0.025775 0.051102
6 0.859773 0.209330 0.023934 0.046414
262 0.859159 0.248008 0.020252 0.035631
880 0.862841 0.280591 0.034366 0.042663
550 0.861767 0.326535 0.037128 0.045476
749 0.863915 0.375059 0.028536 0.042194
709 0.858239 0.424988 0.026388 0.051102
855 0.855784 0.476090 0.027616 0.042663
91 0.856244 0.516174 0.031605 0.042194
880 0.855477 0.556259 0.022706 0.047351
148 0.856551 0.602907 0.023013 0.039381
874 0.854710 0.685185 0.020558 0.036099
694 0.859159 0.722691 0.030071 0.040788
309 0.853636 0.763479 0.021479 0.037037
508 0.854403 0.816456 0.024854 0.046414
880 0.854250 0.863807 0.026388 0.042663
778 0.854710 0.904829 0.023013 0.039381
880 0.855937 0.946085 0.024854 0.039381
306 0.857165 0.980309 0.026082 0.032818
746 0.809604 0.099859 0.023627 0.045007
930 0.810832 0.148851 0.023627 0.041725
97 0.808990 0.191983 0.024854 0.041725
105 0.810218 0.239569 0.024854 0.051571
143 0.809451 0.291608 0.031298 0.046882
1046 0.811138 0.338725 0.026082 0.044538
277 0.810064 0.381153 0.027616 0.038444
778 0.810832 0.424754 0.024241 0.044069
409 0.810371 0.464604 0.021479 0.033755
366 0.812519 0.510783 0.025161 0.048289
493 0.813286 0.559306 0.026695 0.045945
743 0.811599 0.603141 0.020865 0.039850
474 0.815281 0.650023 0.029457 0.042663
1046 0.816815 0.697375 0.031912 0.043601
105 0.814514 0.738865 0.026695 0.039381
602 0.815741 0.777778 0.031605 0.040319
778 0.814360 0.818331 0.023320 0.042663
649 0.814053 0.853493 0.019024 0.033286
905 0.814667 0.895921 0.019638 0.043132
446 0.815894 0.939756 0.023320 0.038912
1077 0.816355 0.983122 0.024854 0.029067
941 0.769408 0.105251 0.023013 0.048289
880 0.766800 0.150727 0.030071 0.037975
397 0.772936 0.191280 0.030684 0.034693
288 0.769868 0.226676 0.022093 0.037975
1031 0.770328 0.269808 0.023013 0.048289
958 0.768794 0.319269 0.025468 0.042194
1067 0.770328 0.355837 0.028536 0.033755
91 0.768180 0.399906 0.029764 0.051571
450 0.770021 0.450539 0.031605 0.048758
727 0.770328 0.495312 0.019331 0.034224
408 0.770021 0.533286 0.019945 0.037037
934 0.769868 0.574308 0.028230 0.044069
935 0.768948 0.616034 0.023320 0.040319
720 0.772169 0.660103 0.027309 0.045007
880 0.771249 0.708392 0.029150 0.046882
69 0.771709 0.756446 0.024547 0.047351
14 0.772630 0.800516 0.027616 0.037975
994 0.772476 0.842475 0.023013 0.041256
182 0.775238 0.884669 0.032832 0.044069
880 0.771863 0.926864 0.022400 0.040319
1002 0.774317 0.985935 0.027309 0.027192
1031 0.724455 0.103376 0.025161 0.043601
525 0.723842 0.148383 0.027002 0.047351
431 0.724762 0.198781 0.027616 0.048758
640 0.728137 0.243788 0.027002 0.042194
830 0.727677 0.332161 0.026082 0.045476
441 0.727217 0.377872 0.022706 0.048758
594 0.727984 0.423113 0.027923 0.035162
69 0.728291 0.469292 0.030991 0.049695
880 0.728598 0.513361 0.032832 0.043132
109 0.728751 0.559306 0.029457 0.049695
145 0.731359 0.600797 0.025468 0.034224
482 0.728751 0.638068 0.030071 0.035631
570 0.729825 0.682607 0.030991 0.046882
178 0.727831 0.728551 0.030684 0.043132
855 0.729365 0.771917 0.027616 0.040788
796 0.728751 0.813174 0.027616 0.041725
778 0.732433 0.871777 0.032525 0.046414
129 0.729518 0.914909 0.024241 0.037975
651 0.732280 0.954524 0.028536 0.038444
14 0.731820 0.985935 0.027616 0.027192
441 0.683952 0.106423 0.025161 0.048758
218 0.685486 0.197140 0.034366 0.039850
391 0.687788 0.248711 0.036514 0.049226
334 0.685486 0.293718 0.033753 0.040788
474 0.687788 0.341772 0.038969 0.048758
689 0.686714 0.390764 0.024547 0.046414
481 0.688708 0.440225 0.027923 0.047820
62 0.691777 0.485232 0.028536 0.036568
845 0.691163 0.532349 0.033446 0.050164
325 0.692544 0.590483 0.035594 0.052977
651 0.690396 0.635959 0.022706 0.042663
1080 0.691163 0.677450 0.029764 0.037506
345 0.685793 0.724801 0.033753 0.052508
579 0.689936 0.775902 0.041424 0.046882
69 0.693004 0.821144 0.032832 0.043601
439 0.691777 0.867792 0.024854 0.042194
419 0.692851 0.914205 0.028230 0.044069
378 0.695305 0.987342 0.025161 0.024379
148 0.664928 0.671824 0.013501 0.028129
811 0.641454 0.106892 0.027309 0.045945
796 0.643449 0.160103 0.028843 0.049226
968 0.645137 0.212611 0.035287 0.049226
481 0.644523 0.258790 0.030991 0.038444
69 0.645443 0.301219 0.030377 0.043601
411 0.644369 0.343882 0.030684 0.040788
995 0.645443 0.394749 0.026082 0.045007
608 0.645904 0.442100 0.026388 0.046882
148 0.642682 0.489686 0.026695 0.037975
972 0.644216 0.532583 0.032218 0.044069
325 0.649586 0.584623 0.033139 0.052508
905 0.645904 0.634318 0.023320 0.045945
381 0.647284 0.689170 0.026695 0.045945
500 0.648358 0.744257 0.022093 0.045476
651 0.650046 0.840600 0.028536 0.063760
749 0.600491 0.103376 0.022706 0.035162
270 0.597729 0.145335 0.023320 0.040319
620 0.599110 0.188467 0.022400 0.034693
474 0.602485 0.233708 0.035287 0.049226
109 0.599570 0.274262 0.026388 0.033755
641 0.597729 0.319034 0.023320 0.047351
706 0.604480 0.364744 0.033139 0.040319
58 0.598957 0.411392 0.022093 0.039850
673 0.600951 0.460384 0.023627 0.044069
462 0.603559 0.506095 0.033139 0.043601
879 0.602485 0.550164 0.024854 0.039850
105 0.603866 0.594233 0.029457 0.042663
1032 0.605247 0.639944 0.024854 0.047820
308 0.607241 0.691749 0.033139 0.042663
233 0.602946 0.740741 0.025775 0.045007
507 0.605861 0.783872 0.023013 0.035631
905 0.604326 0.826535 0.023627 0.045007
70 0.607702 0.875527 0.023013 0.044538
925 0.606781 0.930614 0.018717 0.051571
995 0.608776 0.981013 0.026388 0.034224
608 0.561829 0.113924 0.025775 0.047820
905 0.563516 0.173699 0.030377 0.046414
675 0.561522 0.218003 0.023934 0.036568
325 0.559988 0.309423 0.022706 0.045945
419 0.560448 0.411627 0.019331 0.045007
325 0.560141 0.460384 0.024241 0.045007
747 0.564744 0.508908 0.027923 0.042663
397 0.561675 0.559306 0.019331 0.052508
16 0.562749 0.605720 0.022093 0.030005
930 0.565664 0.639241 0.027923 0.031411
419 0.566278 0.680966 0.027309 0.045476
142 0.566278 0.724566 0.028536 0.035162
27 0.567966 0.802625 0.030071 0.042194
749 0.565511 0.849977 0.025775 0.039381
799 0.567199 0.890999 0.023013 0.034224
237 0.567199 0.925457 0.021786 0.033755
142 0.569040 0.943741 0.018104 0.029067
763 0.469929 0.115799 0.023627 0.041256
994 0.472231 0.161041 0.024547 0.045476
964 0.472077 0.198312 0.026082 0.029067
419 0.472077 0.243788 0.021786 0.045007
1061 0.472077 0.288795 0.024241 0.038444
749 0.472998 0.331692 0.028536 0.040788
105 0.469623 0.373652 0.021786 0.035631
673 0.469162 0.416784 0.023934 0.042194
602 0.471924 0.464369 0.026388 0.039850
105 0.472998 0.505157 0.026695 0.038912
290 0.473612 0.552039 0.029150 0.041725
264 0.473918 0.599625 0.027309 0.042194
129 0.474379 0.647914 0.028843 0.048758
502 0.472998 0.696437 0.020558 0.042663
148 0.471770 0.745195 0.026695 0.042663
77 0.470850 0.790905 0.031605 0.038444
755 0.468395 0.885842 0.021172 0.035162
698 0.468242 0.928973 0.019024 0.040788
829 0.473612 0.972105 0.032218 0.039850
419 0.436637 0.113455 0.031298 0.039381
890 0.434949 0.154477 0.030377 0.037975
749 0.436330 0.198547 0.032525 0.041725
669 0.435563 0.249180 0.032832 0.053915
663 0.435103 0.306142 0.021479 0.052508
981 0.436177 0.361697 0.031605 0.041725
956 0.434643 0.408814 0.029764 0.044069
749 0.434489 0.454759 0.027002 0.037506
42 0.430193 0.500938 0.025775 0.043601
537 0.430500 0.542194 0.022706 0.032349
105 0.431267 0.584388 0.021786 0.043601
981 0.430500 0.632208 0.026388 0.046414
968 0.431728 0.680497 0.028230 0.037975
749 0.432801 0.727848 0.035287 0.047351
829 0.433875 0.776371 0.031912 0.046882
481 0.430654 0.815049 0.023627 0.032349
87 0.433108 0.852086 0.021786 0.037975
155 0.433262 0.894749 0.031912 0.037975
148 0.429733 0.939522 0.022400 0.036568
95 0.432495 0.974918 0.022400 0.037037
984 0.396901 0.141585 0.026695 0.093765
103 0.396594 0.256915 0.025468 0.038444
357 0.395827 0.297234 0.023320 0.038444
420 0.393065 0.342241 0.025775 0.038444
148 0.396287 0.393343 0.030377 0.046882
995 0.395520 0.439287 0.024547 0.042194
608 0.394446 0.481950 0.027923 0.043132
905 0.393986 0.527192 0.024547 0.042663
981 0.394600 0.575012 0.023934 0.045476
1043 0.394600 0.626113 0.021479 0.043601
419 0.392452 0.677918 0.028230 0.046882
964 0.393372 0.724566 0.022706 0.039850
803 0.394753 0.765823 0.026695 0.040788
105 0.393065 0.811064 0.023934 0.036568
981 0.395213 0.854899 0.025775 0.041725
995 0.395520 0.900375 0.033139 0.041725
63 0.394906 0.952180 0.024547 0.045945
1015 0.395674 0.981247 0.024241 0.020628
905 0.356398 0.118143 0.021786 0.048758
307 0.354710 0.171589 0.022706 0.051571
481 0.353943 0.217534 0.031605 0.041256
472 0.351948 0.262307 0.025161 0.041725
526 0.357472 0.313174 0.032525 0.044069
589 0.355784 0.354899 0.024241 0.038444
811 0.356091 0.395452 0.021786 0.033286
429 0.354863 0.436709 0.029150 0.045476
956 0.355784 0.480075 0.027309 0.033755
749 0.357932 0.517346 0.030377 0.037037
903 0.356551 0.561885 0.029457 0.050164
404 0.354250 0.603844 0.024854 0.035631
105 0.355477 0.648148 0.027309 0.048289
981 0.357472 0.697609 0.033139 0.045945
472 0.352869 0.753399 0.026388 0.056259
109 0.352102 0.801219 0.020558 0.037506
546 0.352562 0.839662 0.022706 0.033755
751 0.357165 0.872011 0.028843 0.023441
81 0.355937 0.913737 0.028230 0.040319
758 0.353943 0.959447 0.023627 0.040788
173 0.316355 0.110877 0.027616 0.033286
300 0.316968 0.157993 0.024547 0.047820
819 0.316048 0.203704 0.027616 0.037037
925 0.312059 0.244726 0.023320 0.038444
813 0.313900 0.281997 0.023934 0.025785
148 0.318349 0.316221 0.029764 0.036099
351 0.316201 0.361932 0.020558 0.043132
105 0.316201 0.403188 0.020558 0.036568
290 0.316815 0.446554 0.023627 0.038912
264 0.314820 0.484294 0.022093 0.033755
428 0.317429 0.523910 0.031605 0.044538
105 0.316815 0.570558 0.029764 0.036568
290 0.315588 0.607829 0.027923 0.031411
1080 0.316815 0.646507 0.032218 0.040319
440 0.315127 0.692218 0.021479 0.052977
974 0.313593 0.742382 0.022706 0.037975
622 0.316355 0.784107 0.033753 0.039850
148 0.315588 0.825363 0.030377 0.041725
479 0.313900 0.870136 0.021479 0.041256
995 0.317582 0.918894 0.029457 0.053446
914 0.317122 0.967417 0.029150 0.041725
526 0.280608 0.116971 0.023013 0.046414
749 0.280761 0.167839 0.021479 0.053446
944 0.279840 0.222691 0.021479 0.045007
391 0.280761 0.270277 0.028843 0.046414
526 0.278766 0.316690 0.023013 0.039850
749 0.277693 0.361697 0.025775 0.046414
944 0.276772 0.405767 0.021479 0.039850
964 0.281221 0.450070 0.035287 0.044069
803 0.277846 0.491796 0.030377 0.039381
778 0.278153 0.531177 0.023627 0.037506
727 0.279227 0.580403 0.030684 0.046882
344 0.277232 0.627754 0.030991 0.041256
1002 0.277693 0.673699 0.025161 0.042194
402 0.279227 0.725738 0.025775 0.054383
921 0.276925 0.776606 0.029764 0.044538
404 0.279687 0.828645 0.031605 0.045476
778 0.278306 0.870370 0.023934 0.037975
620 0.276005 0.917722 0.023013 0.046414
77 0.275391 0.966010 0.026082 0.045476
344 0.237189 0.118143 0.030684 0.044069
1002 0.236729 0.162916 0.033446 0.044538
95 0.239030 0.214252 0.033139 0.050633
984 0.237956 0.262541 0.028536 0.045007
778 0.237036 0.312705 0.027309 0.049695
584 0.237036 0.358650 0.026695 0.041256
344 0.235502 0.448664 0.033446 0.042194
526 0.239951 0.494609 0.038048 0.049695
71 0.240104 0.538678 0.028536 0.039381
799 0.239337 0.581810 0.023320 0.046882
237 0.240565 0.629395 0.034366 0.041725
344 0.236882 0.675574 0.028230 0.042194
526 0.239030 0.723394 0.028230 0.051571
749 0.235962 0.773324 0.024547 0.042663
836 0.237956 0.812002 0.024241 0.038444
857 0.235502 0.853727 0.022400 0.038444
778 0.237496 0.895218 0.022093 0.042663
557 0.238417 0.935302 0.021479 0.030942
371 0.242099 0.971167 0.029457 0.037037
778 0.188708 0.115565 0.024547 0.043601
325 0.194231 0.174402 0.034366 0.054383
148 0.190549 0.221050 0.022706 0.038912
397 0.189936 0.265354 0.022706 0.039381
1002 0.190242 0.306845 0.023934 0.042663
1031 0.188555 0.355368 0.028536 0.051571
351 0.191316 0.409517 0.027309 0.047351
109 0.192083 0.452883 0.022706 0.035631
145 0.190856 0.492733 0.025775 0.034693
482 0.198220 0.538209 0.039276 0.047820
296 0.193464 0.588139 0.031605 0.041725
105 0.193004 0.629395 0.024547 0.037975
290 0.194385 0.665260 0.026082 0.030005
218 0.198067 0.705579 0.034060 0.037506
481 0.197146 0.744726 0.027923 0.037037
602 0.197453 0.788326 0.030377 0.045476
105 0.194998 0.834974 0.023627 0.042194
351 0.194231 0.877168 0.025161 0.040319
270 0.197146 0.924988 0.028536 0.039381
174 0.149739 0.118143 0.033139 0.052508
955 0.147284 0.177918 0.025775 0.055790
928 0.148512 0.228317 0.026388 0.042194
456 0.146978 0.283638 0.026388 0.041256
474 0.147284 0.327004 0.024547 0.041725
103 0.148358 0.373183 0.028536 0.036568
76 0.148972 0.419597 0.027923 0.041256
87 0.148358 0.467417 0.023627 0.044069
66 0.150353 0.516643 0.028843 0.047820
419 0.152654 0.563994 0.032218 0.040319
673 0.152961 0.658462 0.027923 0.035162
103 0.151580 0.699250 0.022706 0.037037
858 0.150813 0.740506 0.021172 0.041725
944 0.151120 0.787154 0.022400 0.045007
474 0.152041 0.830520 0.026695 0.037037
550 0.152654 0.881153 0.029764 0.051102
749 0.152808 0.936240 0.021479 0.046882
829 0.154188 0.976793 0.028536 0.034224