925 0.802854 0.087436 0.029764 0.047351
91 0.803621 0.139241 0.030684 0.051571
245 0.801933 0.193858 0.027923 0.050164
722 0.802087 0.245663 0.023934 0.047820
1018 0.803007 0.293249 0.029457 0.046414
928 0.802700 0.349039 0.025161 0.052977
419 0.803314 0.395452 0.025161 0.039850
880 0.803467 0.443741 0.029764 0.043601
105 0.804388 0.489217 0.024241 0.047351
624 0.804848 0.535631 0.030071 0.042663
974 0.805769 0.584623 0.025161 0.041256
954 0.807610 0.624238 0.027616 0.037037
206 0.808990 0.672996 0.024854 0.047351
192 0.808837 0.719409 0.018411 0.030474
104 0.808684 0.756915 0.018717 0.037037
324 0.812979 0.798640 0.034060 0.045476
312 0.751458 0.094702 0.028230 0.045007
304 0.751151 0.184248 0.023320 0.040319
880 0.750997 0.226442 0.019945 0.038444
143 0.751611 0.271683 0.021786 0.053915
896 0.751764 0.321613 0.023934 0.039381
538 0.750537 0.368261 0.031298 0.040788
567 0.754833 0.419128 0.037435 0.047820
880 0.754219 0.464604 0.033139 0.044069
958 0.757134 0.515237 0.034060 0.043132
1067 0.758515 0.566573 0.028230 0.051102
91 0.757134 0.614627 0.023627 0.040319
245 0.756674 0.652836 0.023320 0.043601
722 0.760356 0.700891 0.030071 0.047820
956 0.759742 0.751289 0.025775 0.049226
896 0.761123 0.806376 0.026082 0.047820
391 0.762197 0.865917 0.024547 0.044069
334 0.761890 0.909048 0.023934 0.045007
880 0.704050 0.095171 0.027309 0.043132
474 0.707579 0.147211 0.039890 0.049695
126 0.707732 0.251992 0.033446 0.049226
69 0.705431 0.307548 0.033139 0.048758
1018 0.705278 0.355837 0.032218 0.044069
880 0.706045 0.408345 0.023320 0.043132
143 0.707886 0.448429 0.027616 0.036099
896 0.708039 0.496718 0.026695 0.044538
373 0.712795 0.539381 0.033139 0.044538
547 0.712028 0.589076 0.030991 0.037037
148 0.710341 0.635256 0.025161 0.040319
479 0.709573 0.676043 0.023013 0.041256
995 0.712488 0.726207 0.029457 0.053446
914 0.711261 0.782700 0.024547 0.049226
880 0.715250 0.839897 0.033753 0.052977
143 0.713102 0.888186 0.022093 0.037975
479 0.714790 0.931552 0.039583 0.040319
749 0.715710 0.972105 0.032832 0.037037
206 0.655876 0.097046 0.026695 0.032818
192 0.657103 0.141350 0.023627 0.039850
799 0.656950 0.187764 0.022093 0.044538
237 0.657871 0.238631 0.028230 0.051571
896 0.657564 0.290202 0.038048 0.042194
880 0.655262 0.340600 0.032832 0.048289
567 0.659405 0.391233 0.025161 0.046414
439 0.660939 0.439287 0.031298 0.044069
382 0.660632 0.481481 0.027002 0.033755
959 0.661246 0.517112 0.028230 0.030942
880 0.662780 0.563994 0.028230 0.052508
516 0.660632 0.614393 0.023934 0.043601
589 0.662320 0.658462 0.026082 0.044538
212 0.663854 0.708392 0.023627 0.046882
873 0.660479 0.761838 0.031605 0.049695
391 0.664314 0.816925 0.028843 0.038912
334 0.665081 0.871542 0.023013 0.058134
880 0.664468 0.921707 0.024241 0.039381
673 0.666155 0.962025 0.023320 0.042194
778 0.617521 0.258790 0.033446 0.045945
234 0.616140 0.354899 0.023934 0.046882
284 0.615833 0.398500 0.027616 0.038444
439 0.616600 0.444444 0.023627 0.044069
880 0.616447 0.540553 0.029457 0.050633
958 0.617521 0.592827 0.025468 0.044538
1067 0.617214 0.638537 0.023627 0.036568
91 0.617981 0.677684 0.023320 0.042663
245 0.618134 0.725035 0.021172 0.035162
722 0.619055 0.761603 0.018717 0.034224
786 0.621817 0.800985 0.030991 0.037975
436 0.623964 0.843647 0.034673 0.043601
391 0.622277 0.891702 0.026388 0.039381
334 0.624271 0.930614 0.027923 0.032818
880 0.625499 0.973277 0.034673 0.042194
69 0.571494 0.113221 0.026695 0.045476
880 0.572568 0.163385 0.022093 0.039850
567 0.574256 0.202532 0.025468 0.039381
229 0.573642 0.252227 0.023627 0.046882
673 0.573489 0.297234 0.025161 0.040319
706 0.572261 0.345288 0.023934 0.042663
401 0.573335 0.388186 0.021786 0.042194
747 0.573182 0.428036 0.024547 0.037506
42 0.572875 0.466010 0.024547 0.038444
836 0.573182 0.505157 0.022706 0.032349
69 0.577017 0.546648 0.032218 0.041256
880 0.577017 0.589780 0.038969 0.044069
123 0.576404 0.637131 0.028536 0.048758
880 0.575176 0.683779 0.024241 0.043601
958 0.579012 0.725270 0.029457 0.041256
756 0.577017 0.770042 0.024241 0.037975
905 0.577171 0.812002 0.022093 0.045007
148 0.581160 0.861228 0.028230 0.038444
756 0.577631 0.906470 0.024241 0.036099
650 0.575483 0.948664 0.023013 0.034224
880 0.579626 0.981013 0.018411 0.022035
541 0.532832 0.118847 0.030377 0.044538
711 0.532986 0.165026 0.025775 0.042194
829 0.532372 0.208626 0.024547 0.043132
456 0.531758 0.256446 0.027616 0.050633
253 0.533139 0.309892 0.024241 0.042194
905 0.532372 0.357009 0.020865 0.044538
503 0.532218 0.402719 0.019945 0.039381
1072 0.530838 0.446320 0.023320 0.041256
1067 0.532679 0.495077 0.021479 0.039381
91 0.534366 0.546414 0.026082 0.039850
245 0.538509 0.592358 0.024547 0.044538
722 0.539736 0.646507 0.024547 0.039381
968 0.539736 0.688701 0.020252 0.036568
880 0.538969 0.731364 0.017490 0.036568
958 0.540350 0.823722 0.028843 0.047820
1080 0.541731 0.874590 0.031605 0.046414
345 0.539736 0.965776 0.020865 0.034693
579 0.498619 0.118847 0.027002 0.035162
148 0.495858 0.163854 0.022706 0.045476
264 0.496318 0.211205 0.022400 0.041725
419 0.496318 0.251992 0.021786 0.037037
739 0.496625 0.292077 0.022400 0.038444
742 0.496471 0.336146 0.023320 0.043132
148 0.495397 0.377637 0.019945 0.035162
981 0.497238 0.410924 0.024241 0.028598
546 0.497699 0.448664 0.020252 0.035631
40 0.499540 0.493671 0.023320 0.037506
880 0.498926 0.533052 0.023934 0.037506
941 0.499693 0.616971 0.019945 0.039381
880 0.499847 0.656353 0.016569 0.031880
958 0.499847 0.698078 0.019638 0.035631
1080 0.499233 0.742850 0.020252 0.039850
360 0.501688 0.785982 0.020252 0.035162
535 0.500614 0.828880 0.018717 0.035631
110 0.501534 0.873183 0.020558 0.041725
749 0.500921 0.924519 0.023627 0.048758
404 0.468855 0.129864 0.019024 0.052508
944 0.468549 0.181903 0.020252 0.043132
652 0.467935 0.232068 0.018411 0.042194
647 0.467935 0.280591 0.017797 0.032349
1067 0.468395 0.322550 0.016876 0.035631
409 0.470543 0.436709 0.017490 0.043601
749 0.472077 0.483591 0.016263 0.033286
224 0.471924 0.529067 0.015956 0.038912
944 0.473918 0.608767 0.017490 0.034224
652 0.474992 0.652368 0.019024 0.032349
905 0.474072 0.695499 0.016569 0.037975
446 0.474532 0.736287 0.016263 0.035162
880 0.476373 0.789498 0.015649 0.038444
958 0.476833 0.832865 0.016569 0.038912
419 0.476066 0.869433 0.014422 0.029536
472 0.414698 0.193858 0.013808 0.030474
749 0.416232 0.232536 0.013194 0.028129
749 0.417766 0.315752 0.016263 0.030474
1067 0.417613 0.353962 0.014728 0.035631
91 0.417613 0.402250 0.019638 0.033755
450 0.419147 0.436240 0.017183 0.032349
472 0.420221 0.475856 0.017490 0.043132
148 0.419914 0.522269 0.015035 0.028129
419 0.420681 0.554383 0.014728 0.032349
233 0.421909 0.631271 0.017183 0.036099
749 0.422215 0.669245 0.016569 0.033286
1067 0.423443 0.719878 0.015956 0.037975
91 0.423136 0.793249 0.015342 0.031880
450 0.422829 0.828645 0.015956 0.031411
233 0.422215 0.869198 0.018411 0.031880
763 0.422369 0.898265 0.016263 0.025316
994 0.384627 0.183075 0.024241 0.038912
1067 0.385855 0.227379 0.018717 0.035631
91 0.384781 0.271917 0.019024 0.040319
450 0.383246 0.310595 0.019638 0.035162
392 0.384014 0.353727 0.019945 0.037975
880 0.385241 0.366151 0.019331 0.030005
958 0.387542 0.401782 0.026388 0.037506
69 0.387235 0.448195 0.019024 0.039381
964 0.386775 0.491327 0.019945 0.033755
503 0.387696 0.527895 0.019331 0.035631
69 0.391378 0.572668 0.024854 0.038912
1065 0.390764 0.617206 0.019945 0.035162
880 0.394139 0.661744 0.024241 0.042663
958 0.393832 0.705345 0.018717 0.035162
69 0.393372 0.744257 0.017797 0.041725
950 0.392605 0.823957 0.018104 0.037037
114 0.394139 0.864744 0.016263 0.035162
129 0.393986 0.908579 0.017183 0.032818
135 0.346886 0.295593 0.021172 0.037037
329 0.346579 0.336850 0.019331 0.039850
301 0.348420 0.375293 0.019945 0.032349
880 0.350107 0.409986 0.016569 0.032349
148 0.349801 0.449602 0.020865 0.039381
380 0.352562 0.498359 0.028230 0.040319
105 0.352562 0.537271 0.025161 0.036568
1073 0.353636 0.622363 0.025468 0.047351
880 0.354557 0.665260 0.023627 0.037506
880 0.357932 0.703704 0.029764 0.041256
958 0.356705 0.746601 0.022400 0.038912
1067 0.355631 0.789498 0.018411 0.035631
91 0.313900 0.266995 0.029457 0.038912
450 0.314820 0.364041 0.028230 0.049226
964 0.315741 0.409986 0.021479 0.030474
546 0.318656 0.455696 0.032218 0.048758
631 0.319423 0.503516 0.030071 0.045007
880 0.316662 0.551805 0.021479 0.043132
958 0.320037 0.602438 0.033139 0.052508
69 0.318196 0.647445 0.023934 0.038444
775 0.319577 0.684482 0.032832 0.036568
340 0.322645 0.722691 0.024854 0.036099
234 0.320957 0.758556 0.019638 0.032818
682 0.322492 0.792780 0.017797 0.034693
236 0.322492 0.833333 0.019638 0.040788
58 0.322492 0.883966 0.022706 0.036099
879 0.277079 0.299109 0.024547 0.032818
390 0.274624 0.334974 0.019638 0.029536
58 0.274164 0.371542 0.022400 0.036099
1080 0.274317 0.409986 0.031912 0.037975
364 0.277079 0.447961 0.023320 0.039850
764 0.275851 0.496953 0.025775 0.052508
1067 0.279994 0.545945 0.024241 0.041725
775 0.282909 0.583685 0.031912 0.035631
635 0.280914 0.627520 0.029150 0.034224
635 0.279687 0.671120 0.024854 0.047351
148 0.282142 0.720581 0.021786 0.040319
133 0.283676 0.753399 0.018104 0.022504
794 0.283523 0.788561 0.022093 0.042194
158 0.232126 0.136428 0.027923 0.044069
709 0.234428 0.187764 0.025161 0.046414
1017 0.234121 0.241678 0.027002 0.045476
211 0.232280 0.285513 0.027616 0.039381
880 0.232433 0.325832 0.019945 0.040319
880 0.234428 0.373183 0.025161 0.045007
958 0.233354 0.415377 0.023627 0.045945
69 0.234581 0.462260 0.022400 0.048758
612 0.235041 0.516643 0.022093 0.039381
2 0.235195 0.553446 0.021786 0.040788
520 0.239337 0.591186 0.027616 0.037506
366 0.238724 0.634552 0.024547 0.043601
905 0.240565 0.677215 0.017797 0.036099
1032 0.241025 0.721519 0.023627 0.044069
484 0.241792 0.772621 0.027616 0.047820
148 0.242252 0.826770 0.024854 0.043601
507 0.242712 0.878106 0.020865 0.041256
749 0.242866 0.918894 0.021786 0.037506
802 0.188095 0.215893 0.025775 0.048289
880 0.189782 0.264182 0.024241 0.035162
958 0.190242 0.299578 0.024547 0.028129
69 0.191623 0.333802 0.029150 0.044069
923 0.192237 0.379512 0.027309 0.043601
91 0.192544 0.423582 0.028536 0.032349
658 0.191930 0.462729 0.023627 0.040319
662 0.190396 0.512658 0.023627 0.050164
264 0.194078 0.554149 0.027309 0.030942
829 0.194385 0.594468 0.024241 0.047820
612 0.195305 0.645335 0.024241 0.040788
595 0.196686 0.693858 0.023320 0.042194
1067 0.196379 0.737225 0.019638 0.043601
91 0.196993 0.781528 0.025775 0.038444
450 0.199601 0.828176 0.022400 0.045476
846 0.198067 0.876699 0.018717 0.045945
147 0.144216 0.140881 0.025775 0.043601
69 0.145290 0.183310 0.024241 0.040319
546 0.145750 0.224332 0.025775 0.041725
1063 0.147131 0.266760 0.029764 0.043132
595 0.147284 0.295593 0.026388 0.022972
925 0.147745 0.333802 0.024854 0.046882
1063 0.148358 0.380919 0.023627 0.043601
709 0.148665 0.424754 0.022400 0.040319
855 0.152347 0.501641 0.030991 0.042194
743 0.150813 0.539147 0.018717 0.030942
411 0.152501 0.577356 0.023934 0.038912
934 0.153268 0.615799 0.025468 0.025785
395 0.151734 0.652602 0.025468 0.035631
405 0.150967 0.699719 0.021479 0.039850
148 0.152654 0.744257 0.026695 0.045476
380 0.150353 0.793952 0.022706 0.038912
683 0.149125 0.840131 0.019024 0.036568
716 0.153268 0.873418 0.022400 0.027192
778 0.152654 0.913737 0.020558 0.044069
148 0.153421 0.959447 0.018411 0.040788
380 0.094814 0.134787 0.028843 0.042663
752 0.096962 0.173230 0.027616 0.027661
148 0.097729 0.257384 0.027923 0.041256
356 0.096349 0.305438 0.028230 0.052039
362 0.098036 0.354196 0.027309 0.043601
148 0.097423 0.396624 0.027309 0.040319
380 0.099570 0.451711 0.027923 0.055790
511 0.100184 0.510783 0.030377 0.048289
146 0.103099 0.595406 0.028843 0.036568
272 0.101718 0.639241 0.025468 0.038912
56 0.104020 0.672058 0.025161 0.029536
148 0.102639 0.714955 0.026082 0.044069
158 0.102025 0.763479 0.024854 0.043601
925 0.103559 0.809423 0.020558 0.045476
367 0.104326 0.857009 0.019638 0.037506
356 0.104787 0.903891 0.022400 0.045945
799 0.104173 0.943272 0.024854 0.030005
237 0.104020 0.973511 0.021479 0.028598