481 0.452439 0.247773 0.035901 0.049226
845 0.451212 0.299578 0.033446 0.048758
109 0.451365 0.350680 0.028843 0.051571
145 0.449985 0.397562 0.023627 0.039381
482 0.448757 0.441866 0.027309 0.037037
570 0.452286 0.485701 0.042344 0.045945
143 0.451059 0.530474 0.036821 0.041725
450 0.405186 0.126113 0.027923 0.052508
1067 0.406566 0.178856 0.022093 0.049226
91 0.405492 0.228551 0.025468 0.042663
245 0.406566 0.272855 0.020865 0.031880
722 0.408714 0.305438 0.030684 0.037975
640 0.408254 0.344585 0.040810 0.041256
697 0.406566 0.385138 0.027002 0.043601
1 0.408407 0.431083 0.031298 0.045476
616 0.405953 0.478200 0.027616 0.045007
109 0.404419 0.517581 0.022093 0.031880
356 0.403191 0.559775 0.020252 0.039381
585 0.400430 0.608533 0.026388 0.049695
925 0.401350 0.656821 0.029457 0.047820
269 0.397668 0.706517 0.028843 0.049695
173 0.402117 0.753868 0.034060 0.044069
620 0.397361 0.793249 0.023934 0.032818
431 0.401043 0.836146 0.033139 0.049226
1017 0.401964 0.880919 0.035594 0.039381
148 0.400276 0.923113 0.030377 0.035631
754 0.397361 0.961556 0.022706 0.034693
778 0.398742 0.987811 0.020558 0.020628
754 0.364682 0.120488 0.034060 0.044069
69 0.362228 0.161978 0.025468 0.041725
533 0.362228 0.244491 0.025468 0.042663
148 0.361000 0.287154 0.027923 0.031411
161 0.359773 0.326301 0.024854 0.042194
749 0.360233 0.370605 0.023934 0.048289
356 0.359313 0.422175 0.028230 0.049226
925 0.360080 0.465541 0.024241 0.035631
143 0.361921 0.507267 0.029764 0.046882
450 0.363455 0.552039 0.031605 0.047351
640 0.356551 0.596812 0.022093 0.036568
148 0.356551 0.638772 0.025775 0.039850
1041 0.359159 0.672527 0.023627 0.026723
906 0.359926 0.707454 0.027616 0.038444
697 0.358852 0.746367 0.026082 0.038444
173 0.355017 0.790202 0.028230 0.040788
754 0.357472 0.831927 0.034366 0.037037
69 0.355324 0.873418 0.022706 0.040319
7 0.355170 0.913033 0.025468 0.035162
995 0.356244 0.928973 0.028230 0.054852
1077 0.358546 0.974684 0.028536 0.030942
401 0.344431 0.870605 0.047561 0.040319
803 0.322492 0.159869 0.032525 0.042194
754 0.323105 0.205579 0.034980 0.039850
69 0.321878 0.248008 0.023320 0.041256
7 0.322645 0.290905 0.029764 0.036099
995 0.323259 0.328176 0.030377 0.036568
69 0.319270 0.366854 0.030377 0.040788
7 0.323259 0.407642 0.031605 0.035162
743 0.321724 0.451711 0.029764 0.046414
308 0.321571 0.500703 0.023320 0.044069
109 0.320804 0.532583 0.026695 0.037506
436 0.316968 0.572199 0.028843 0.037975
474 0.318656 0.617206 0.032218 0.041725
995 0.315894 0.657525 0.023013 0.035162
595 0.316815 0.692452 0.024854 0.033755
401 0.316355 0.734412 0.028230 0.042663
481 0.315741 0.774730 0.028843 0.037037
754 0.313286 0.856774 0.022706 0.040788
541 0.314974 0.936006 0.027923 0.041725
711 0.314514 0.984763 0.030684 0.029536
644 0.281375 0.124238 0.034980 0.051571
69 0.278613 0.174637 0.026388 0.045476
380 0.278460 0.220113 0.031605 0.044538
224 0.277079 0.258556 0.028230 0.033286
930 0.276158 0.296062 0.033753 0.033286
7 0.275698 0.334505 0.024241 0.041725
328 0.275698 0.368495 0.021786 0.027192
401 0.274778 0.402719 0.023627 0.046882
438 0.275851 0.447492 0.024547 0.034224
7 0.277693 0.492030 0.020865 0.038912
402 0.278460 0.534927 0.022400 0.040319
749 0.277693 0.575246 0.027002 0.030942
595 0.275391 0.605485 0.027309 0.028598
778 0.275238 0.642991 0.031298 0.041725
7 0.274624 0.686826 0.026388 0.046882
587 0.272630 0.733005 0.024241 0.036099
1046 0.273704 0.773090 0.025161 0.033755
754 0.272169 0.814815 0.023934 0.045007
450 0.271249 0.857947 0.023934 0.034693
595 0.272169 0.894984 0.023320 0.033755
401 0.273243 0.929677 0.030377 0.035631
450 0.275698 0.970464 0.029764 0.042194
1067 0.236729 0.127051 0.022400 0.051571
91 0.237650 0.176278 0.027309 0.038444
245 0.238877 0.218237 0.026695 0.046414
722 0.239491 0.262775 0.028536 0.035162
830 0.235809 0.302860 0.028536 0.041256
971 0.236269 0.343413 0.021479 0.032349
880 0.235195 0.383263 0.016876 0.032349
1060 0.237189 0.414440 0.027002 0.033755
1072 0.239337 0.456165 0.030071 0.039381
1067 0.232126 0.503047 0.025468 0.047820
91 0.231820 0.550164 0.025468 0.044538
855 0.228751 0.598922 0.025468 0.040788
402 0.231666 0.639709 0.019638 0.029536
941 0.231666 0.675809 0.021479 0.036099
148 0.229979 0.716128 0.028536 0.038912
109 0.231052 0.755274 0.023320 0.034693
436 0.231820 0.789498 0.026082 0.033755
925 0.230132 0.876699 0.023320 0.037506
1048 0.232740 0.915846 0.024854 0.037037
829 0.230746 0.959447 0.022706 0.043601
419 0.199601 0.117440 0.029150 0.040788
1063 0.200061 0.138303 0.022706 0.028129
1063 0.199141 0.181903 0.027616 0.047820
450 0.198067 0.227848 0.024241 0.035631
694 0.198681 0.268401 0.028536 0.037975
404 0.196840 0.308720 0.024241 0.042663
694 0.196840 0.348805 0.026082 0.030942
573 0.196840 0.379044 0.019331 0.024848
69 0.199141 0.410220 0.028230 0.040319
880 0.196072 0.454524 0.024547 0.040788
517 0.194692 0.494843 0.022400 0.038912
721 0.194692 0.533755 0.024854 0.032349
389 0.194078 0.572433 0.021172 0.038444
55 0.193464 0.610408 0.022400 0.037506
905 0.192851 0.651195 0.025468 0.038444
69 0.195152 0.691983 0.032525 0.041256
880 0.190856 0.734412 0.025161 0.039850
746 0.192544 0.777075 0.025468 0.046414
652 0.190856 0.818800 0.028230 0.034224
778 0.191010 0.857712 0.024241 0.036099
472 0.191777 0.898031 0.025161 0.035162
109 0.191623 0.934834 0.022400 0.031880
1072 0.191930 0.971636 0.025468 0.037975
855 0.160018 0.123066 0.022400 0.052039
1077 0.161399 0.165260 0.030684 0.031411
652 0.160632 0.241913 0.024241 0.043132
778 0.158944 0.284341 0.026388 0.036099
419 0.155416 0.321144 0.027923 0.035631
105 0.156490 0.360056 0.022706 0.038444
739 0.155109 0.403188 0.029150 0.034693
60 0.154956 0.443038 0.027616 0.035631
105 0.157871 0.484060 0.032832 0.039850
69 0.157257 0.523676 0.027923 0.031880
1046 0.156029 0.562353 0.022400 0.036099
91 0.154956 0.606423 0.025161 0.043601
880 0.153114 0.650727 0.022093 0.038444
143 0.151734 0.696671 0.021172 0.045007
450 0.152347 0.741210 0.021172 0.039381
640 0.155723 0.787154 0.028536 0.045945
697 0.155109 0.833333 0.026695 0.040788
1 0.153114 0.874121 0.019638 0.033286
616 0.151427 0.917487 0.024854 0.052508
356 0.154342 0.965541 0.024547 0.038912
585 0.123964 0.124707 0.032525 0.047820
474 0.121356 0.171355 0.023013 0.040788
472 0.119669 0.212377 0.022093 0.041256
533 0.120743 0.258790 0.023013 0.042194
778 0.119362 0.297937 0.024547 0.029536
1046 0.118441 0.333802 0.024547 0.034693
148 0.119975 0.375762 0.027616 0.040788
754 0.120436 0.420769 0.027309 0.045476
445 0.119055 0.468354 0.027616 0.039381
752 0.119515 0.507501 0.027309 0.035162
526 0.120896 0.549461 0.027616 0.039381
450 0.118748 0.596109 0.023320 0.049226
694 0.117674 0.649086 0.024854 0.041725
404 0.118748 0.691045 0.028843 0.040319
216 0.115986 0.728551 0.023934 0.029067
189 0.115373 0.765588 0.023934 0.038444
778 0.115373 0.808251 0.022706 0.039381
306 0.115680 0.849273 0.026388 0.040788
930 0.113992 0.893108 0.027923 0.040319
91 0.112151 0.934365 0.018717 0.035631
880 0.114913 0.966714 0.023013 0.030942