603 0.815434 0.105720 0.027923 0.052977
791 0.813440 0.161275 0.028843 0.052508
31 0.814207 0.211439 0.029764 0.051571
925 0.815894 0.262072 0.030071 0.041256
118 0.815894 0.311064 0.030071 0.052039
571 0.816201 0.360759 0.031298 0.046414
431 0.816201 0.410455 0.031912 0.051102
1002 0.818196 0.458275 0.023013 0.048289
956 0.817736 0.513361 0.028230 0.045945
474 0.820190 0.557900 0.020252 0.045007
507 0.819730 0.611580 0.026082 0.046414
261 0.818042 0.668542 0.031298 0.050633
1077 0.820497 0.720816 0.027002 0.048289
603 0.822645 0.777309 0.024547 0.046882
393 0.823412 0.832396 0.031605 0.048289
306 0.824179 0.938584 0.030071 0.048758
439 0.768948 0.110408 0.033753 0.054852
69 0.766339 0.167604 0.026695 0.049226
602 0.766339 0.219175 0.032218 0.051102
673 0.768334 0.310127 0.030071 0.046414
210 0.767720 0.358884 0.042344 0.054852
148 0.768180 0.414205 0.030991 0.052977
224 0.771556 0.517815 0.035901 0.049226
778 0.769561 0.564698 0.026388 0.045476
436 0.771249 0.613455 0.029764 0.050164
418 0.770175 0.659165 0.039276 0.044069
877 0.772936 0.701828 0.021479 0.044069
474 0.773704 0.745663 0.025468 0.037037
17 0.776312 0.789264 0.023934 0.049226
380 0.777539 0.893812 0.023320 0.047351
402 0.722154 0.116034 0.027923 0.054852
367 0.721694 0.161744 0.023934 0.031880
546 0.721234 0.201594 0.026082 0.044069
751 0.721080 0.244491 0.022706 0.044538
831 0.722001 0.293483 0.028843 0.049695
711 0.723228 0.349273 0.030071 0.043132
595 0.683645 0.203000 0.028230 0.044069
944 0.682418 0.249648 0.031912 0.038912
749 0.684719 0.299812 0.024854 0.054852
862 0.683032 0.352086 0.028230 0.050633
193 0.685180 0.408814 0.027002 0.047820
791 0.686867 0.459212 0.025468 0.051102
476 0.689168 0.508908 0.028230 0.043601
812 0.686867 0.553680 0.021786 0.050633
674 0.686560 0.606892 0.030377 0.050164
991 0.691777 0.660103 0.026695 0.052508
830 0.692544 0.720347 0.028230 0.046414
697 0.693464 0.769573 0.027616 0.049226
829 0.691777 0.814580 0.021786 0.041725
978 0.692851 0.854430 0.024547 0.039850
386 0.692697 0.871542 0.027309 0.055321
706 0.693925 0.921238 0.025468 0.041256
1066 0.638846 0.270745 0.028843 0.045476
290 0.642222 0.312940 0.025161 0.032349
984 0.642222 0.364276 0.032525 0.051571
528 0.642682 0.411861 0.025468 0.046414
513 0.643909 0.463197 0.021786 0.047820
541 0.643142 0.511721 0.028230 0.051102
1077 0.647898 0.556259 0.032218 0.034224
603 0.646057 0.589076 0.027923 0.037037
995 0.644523 0.633615 0.028536 0.047351
914 0.644830 0.683544 0.024854 0.039381
591 0.648665 0.726676 0.025775 0.035631
712 0.647591 0.769808 0.024854 0.046882
1004 0.650199 0.826770 0.028843 0.045476
605 0.649279 0.867323 0.028230 0.038444
356 0.649739 0.915612 0.023013 0.046882
148 0.598650 0.122363 0.028230 0.041256
565 0.598803 0.166667 0.032218 0.042663
69 0.598803 0.201594 0.024241 0.033755
1046 0.599264 0.288092 0.020865 0.040788
348 0.600644 0.328645 0.024241 0.045007
38 0.601411 0.375527 0.027002 0.051571
262 0.602639 0.423582 0.026388 0.046414
513 0.602179 0.477262 0.029764 0.052508
546 0.604633 0.526723 0.027309 0.048289
370 0.604326 0.575949 0.024241 0.048289
697 0.604020 0.668073 0.019331 0.036568
1072 0.607241 0.709798 0.019638 0.046882
1067 0.610156 0.764416 0.023627 0.039850
91 0.610156 0.809189 0.030991 0.041256
450 0.610463 0.944913 0.023627 0.040788
751 0.561522 0.134318 0.024547 0.045476
1018 0.561522 0.177918 0.025161 0.039850
995 0.561675 0.224801 0.032832 0.045476
591 0.563056 0.276606 0.023934 0.054383
458 0.564590 0.329817 0.026388 0.046414
778 0.564744 0.371777 0.026695 0.032818
751 0.565051 0.410455 0.020558 0.043601
781 0.566892 0.466714 0.023627 0.033286
539 0.569960 0.504923 0.026695 0.037506
513 0.567505 0.548758 0.027309 0.043601
288 0.565971 0.592593 0.019945 0.033755
450 0.567659 0.627286 0.018411 0.035631
474 0.567505 0.709564 0.022400 0.040788
1060 0.569346 0.749414 0.021172 0.039850
1072 0.570267 0.793483 0.024241 0.039850
1067 0.571494 0.845288 0.024241 0.044069
91 0.571494 0.889358 0.023013 0.041256
450 0.573182 0.929442 0.019024 0.035162
143 0.513808 0.408111 0.050015 0.041725
798 0.429733 0.153305 0.020558 0.042194
351 0.431267 0.200891 0.024241 0.038912
697 0.429426 0.244023 0.020558 0.045476
464 0.430347 0.287623 0.018104 0.037037
1072 0.431114 0.327707 0.019024 0.042194
667 0.433108 0.348805 0.020558 0.031880
930 0.433108 0.390530 0.018717 0.042194
69 0.431267 0.433193 0.019945 0.038444
751 0.433415 0.518519 0.018717 0.041256
984 0.433108 0.565166 0.018104 0.038912
528 0.433108 0.612986 0.018104 0.046414
402 0.433415 0.638772 0.019331 0.091421
941 0.432648 0.665963 0.020865 0.043601
158 0.433415 0.712377 0.016876 0.043601
925 0.432495 0.749883 0.018717 0.028598
5 0.431728 0.787389 0.018411 0.036099
393 0.432495 0.829817 0.018717 0.034693
1002 0.432188 0.866151 0.017490 0.033286
619 0.432648 0.902250 0.017183 0.034224
829 0.434489 0.940928 0.019024 0.038444
571 0.403498 0.149320 0.023320 0.032349
143 0.399816 0.186592 0.027002 0.042194
5 0.401350 0.226442 0.020252 0.039381
251 0.400890 0.269808 0.025468 0.043601
603 0.400276 0.314346 0.023013 0.039850
952 0.403498 0.354196 0.020865 0.031411
619 0.403498 0.389358 0.020865 0.040788
963 0.401810 0.434130 0.018104 0.041256
778 0.402424 0.475856 0.019331 0.038444
791 0.401197 0.518987 0.020558 0.043132
516 0.401504 0.560009 0.019945 0.037037
173 0.401964 0.597515 0.022706 0.041725
673 0.401810 0.691045 0.018717 0.038444
474 0.403345 0.734177 0.017490 0.035631
513 0.402731 0.778247 0.021786 0.035631
1066 0.401964 0.861932 0.017797 0.037975
61 0.402577 0.898969 0.020252 0.034224
449 0.404725 0.933896 0.019638 0.031880
284 0.406566 0.964135 0.015956 0.032349
232 0.384474 0.318800 0.057073 0.041256
439 0.369285 0.144866 0.018717 0.037506
755 0.367904 0.191749 0.023320 0.043132
603 0.368058 0.238162 0.021172 0.041256
163 0.368671 0.277075 0.024854 0.037506
626 0.368671 0.321144 0.025468 0.041256
916 0.367597 0.356540 0.022706 0.031411
460 0.369438 0.398734 0.022093 0.041725
1079 0.371280 0.444913 0.022093 0.044069
870 0.369745 0.488748 0.018411 0.038912
427 0.372047 0.530005 0.027923 0.036099
778 0.370512 0.575715 0.024241 0.040319
17 0.370973 0.617675 0.024547 0.040788
660 0.370512 0.655884 0.022400 0.035631
106 0.370359 0.695499 0.022706 0.034224
288 0.371586 0.745663 0.022093 0.043601
1066 0.368978 0.789733 0.029150 0.045476
1006 0.371740 0.832161 0.024854 0.038444
798 0.371126 0.872480 0.022400 0.032818
449 0.370206 0.920300 0.027923 0.046882
1077 0.373121 0.968120 0.020252 0.046882
393 0.329089 0.135021 0.018717 0.031880
1002 0.328782 0.168542 0.019945 0.025785
431 0.329396 0.195030 0.023627 0.042194
610 0.328628 0.239569 0.033139 0.038444
38 0.331237 0.288795 0.024241 0.045945
566 0.330930 0.338022 0.022400 0.044069
251 0.328628 0.383966 0.021479 0.036568
956 0.326634 0.430145 0.029150 0.052039
1002 0.331850 0.479606 0.027923 0.032818
956 0.329549 0.516174 0.025775 0.039381
431 0.330009 0.555087 0.023627 0.030005
514 0.333231 0.593296 0.031298 0.037975
605 0.333078 0.642053 0.021172 0.044538
697 0.330316 0.691983 0.027923 0.053446
594 0.330623 0.738397 0.026695 0.044069
798 0.333231 0.786451 0.029457 0.042663
252 0.332157 0.836146 0.019331 0.043601
1072 0.333538 0.896156 0.025775 0.039850
754 0.334919 0.935302 0.021786 0.036568
344 0.335072 0.972808 0.019024 0.033755
598 0.335072 0.985466 0.020865 0.028129
778 0.290580 0.142522 0.027616 0.046882
754 0.291654 0.200656 0.025468 0.051571
1046 0.291961 0.249414 0.029150 0.042194
1017 0.290427 0.299109 0.022400 0.047820
846 0.289506 0.346929 0.027309 0.042194
1072 0.292268 0.395687 0.029150 0.045007
69 0.290427 0.448898 0.028536 0.049226
603 0.292268 0.495312 0.023013 0.037975
1004 0.295183 0.533990 0.028843 0.039381
393 0.292421 0.578059 0.023320 0.040319
39 0.292421 0.631036 0.026388 0.054383
436 0.293035 0.683310 0.022093 0.041725
513 0.291194 0.737459 0.025161 0.047820
211 0.291807 0.783638 0.030071 0.043601
436 0.288739 0.828411 0.023320 0.041256
135 0.290273 0.872480 0.019638 0.043132
69 0.292114 0.917722 0.026388 0.043601
1046 0.289659 0.966479 0.021479 0.042663
1040 0.290733 0.992968 0.018104 0.014065
474 0.252225 0.138303 0.024547 0.037506
613 0.251458 0.183075 0.021172 0.039850
69 0.249310 0.229020 0.026082 0.045476
672 0.250690 0.276840 0.022093 0.047351
995 0.250230 0.317393 0.023627 0.034693
344 0.249616 0.358181 0.021172 0.040319
613 0.247929 0.403891 0.031298 0.047351
778 0.249156 0.453352 0.027002 0.052508
603 0.249463 0.500938 0.027002 0.042663
150 0.247929 0.552039 0.023934 0.046414
426 0.249923 0.585091 0.021786 0.050633
1002 0.249923 0.630802 0.027923 0.046414
426 0.252225 0.681200 0.024547 0.044069
431 0.248696 0.727848 0.028536 0.048289
367 0.250997 0.776840 0.027002 0.041256
439 0.250690 0.819737 0.023320 0.045476
474 0.249616 0.867792 0.025468 0.035631
589 0.254066 0.919597 0.025161 0.046414
35 0.249463 0.965073 0.023934 0.042663
603 0.208960 0.137365 0.024547 0.046882
956 0.208806 0.222691 0.021172 0.033755
791 0.208193 0.262307 0.020558 0.039850
749 0.211568 0.304735 0.025468 0.038444
402 0.210034 0.346929 0.027923 0.039381
941 0.209267 0.388889 0.029457 0.040788
393 0.209420 0.434599 0.026082 0.045007
746 0.209113 0.476324 0.019945 0.038444
306 0.206965 0.518519 0.025468 0.045945
371 0.207426 0.567042 0.028230 0.046414
368 0.210954 0.616034 0.026082 0.044069
431 0.208346 0.657993 0.023934 0.046414
36 0.205891 0.706985 0.028843 0.045945
475 0.206505 0.755743 0.025161 0.046882
152 0.206812 0.802391 0.027002 0.042663
651 0.204664 0.844820 0.023320 0.034693
577 0.203437 0.886545 0.023320 0.045007
402 0.206658 0.926864 0.026082 0.035631
941 0.207119 0.965541 0.029457 0.037975
631 0.163547 0.150727 0.033753 0.067042
721 0.165235 0.210502 0.027309 0.037506
389 0.165388 0.263010 0.027616 0.054383
1067 0.165235 0.311533 0.027923 0.042663
91 0.167229 0.359353 0.024547 0.049226
450 0.169684 0.405298 0.025775 0.039850
105 0.165388 0.446085 0.029457 0.044538
69 0.164774 0.488045 0.027002 0.033755
651 0.162933 0.532349 0.022706 0.039850
995 0.166616 0.580872 0.021479 0.048758
608 0.165695 0.635021 0.022093 0.051102
905 0.164468 0.695030 0.030684 0.052977
1046 0.165388 0.749414 0.025775 0.046414
727 0.118288 0.139709 0.029764 0.049695
541 0.116140 0.187295 0.024854 0.039850
964 0.118134 0.232068 0.028843 0.045007
798 0.116447 0.286217 0.025468 0.052977
1077 0.116293 0.344351 0.022706 0.060478
673 0.117828 0.409986 0.025161 0.059541
577 0.121817 0.464135 0.029457 0.044069
759 0.118902 0.516174 0.023627 0.046882
944 0.120282 0.561650 0.023934 0.037506
749 0.119822 0.608298 0.019945 0.043601
158 0.121817 0.721050 0.023320 0.046882
257 0.120743 0.824191 0.024854 0.046882
674 0.119975 0.865682 0.021479 0.034224
991 0.121663 0.913971 0.023627 0.051102
129 0.119362 0.961556 0.020865 0.038444
268 0.120282 0.984998 0.020865 0.029067