829 0.824333 0.427801 0.022400 0.042663
726 0.823872 0.472105 0.022706 0.045007
794 0.824946 0.511721 0.024241 0.036099
879 0.828015 0.595171 0.022400 0.033286
457 0.828782 0.637131 0.022093 0.047820
736 0.829549 0.683075 0.028536 0.041256
922 0.832311 0.724098 0.027923 0.039850
809 0.776005 0.088373 0.027616 0.035162
143 0.779380 0.406704 0.025161 0.039850
831 0.778306 0.440694 0.022400 0.033755
595 0.780454 0.480075 0.021786 0.036568
697 0.780914 0.521800 0.025161 0.038444
971 0.783062 0.561416 0.027616 0.039850
143 0.784136 0.608533 0.026082 0.043132
513 0.784750 0.654946 0.025468 0.045945
546 0.785824 0.705579 0.026388 0.041256
902 0.776925 0.754805 0.046640 0.043132
504 0.733507 0.134318 0.017490 0.039850
474 0.733661 0.180028 0.023934 0.039381
36 0.734121 0.223863 0.024854 0.040788
546 0.737650 0.316690 0.026388 0.039850
751 0.737650 0.355368 0.020252 0.039381
589 0.738724 0.429911 0.030991 0.043132
749 0.739797 0.474918 0.027002 0.039381
377 0.740258 0.553680 0.035901 0.042194
577 0.739797 0.596578 0.028843 0.037975
801 0.740871 0.635959 0.028536 0.036099
143 0.741025 0.680497 0.022706 0.047351
129 0.741792 0.725504 0.023627 0.041725
502 0.743019 0.764416 0.022400 0.036099
727 0.741792 0.803797 0.023627 0.031411
941 0.741639 0.839428 0.018411 0.032349
38 0.743633 0.878106 0.020558 0.042194
262 0.696533 0.171355 0.025775 0.044538
794 0.695766 0.217065 0.027309 0.038444
158 0.695919 0.260431 0.022706 0.041725
526 0.696226 0.305438 0.020865 0.041725
749 0.697146 0.345523 0.020865 0.042194
402 0.698681 0.384669 0.021479 0.035162
941 0.698374 0.499062 0.022706 0.041725
778 0.699448 0.541256 0.024854 0.038912
333 0.698527 0.590717 0.026082 0.048758
527 0.656336 0.176278 0.021479 0.037506
474 0.657257 0.220816 0.020865 0.047820
530 0.655723 0.270511 0.030684 0.043132
401 0.658177 0.310595 0.028230 0.035162
143 0.660939 0.349742 0.021479 0.043132
672 0.658638 0.402016 0.028536 0.057665
36 0.662013 0.455931 0.022400 0.045476
749 0.661706 0.507970 0.025468 0.048289
1077 0.661246 0.552039 0.023934 0.041725
69 0.665235 0.587436 0.030071 0.028129
603 0.664621 0.627286 0.032525 0.045007
14 0.664007 0.675574 0.029457 0.052508
393 0.662780 0.723160 0.023320 0.041725
332 0.662013 0.761838 0.023013 0.036568
603 0.663854 0.801453 0.023627 0.036099
475 0.664161 0.878340 0.020558 0.040788
143 0.666922 0.918659 0.023627 0.039850
109 0.616907 0.186123 0.018717 0.045007
147 0.616907 0.231364 0.019945 0.036099
637 0.617060 0.273324 0.019024 0.040319
457 0.617981 0.315284 0.022706 0.034224
721 0.618748 0.351617 0.018104 0.032818
94 0.620589 0.432021 0.027923 0.047351
603 0.620282 0.483826 0.029764 0.045007
785 0.621356 0.525785 0.025161 0.038912
697 0.625192 0.576184 0.028536 0.048758
434 0.626726 0.681200 0.029764 0.045945
794 0.626573 0.725738 0.024547 0.039381
880 0.626112 0.766292 0.019945 0.033286
96 0.626726 0.801453 0.019331 0.035162
109 0.627033 0.840835 0.019945 0.041725
641 0.579779 0.105016 0.026082 0.043132
1077 0.579012 0.150492 0.020865 0.041256
778 0.580239 0.243554 0.018411 0.043601
794 0.582541 0.512424 0.019945 0.041256
158 0.585302 0.552508 0.026082 0.027661
393 0.585609 0.595171 0.024241 0.047351
69 0.585916 0.640881 0.027923 0.043132
109 0.589598 0.684482 0.025468 0.035631
474 0.589751 0.735115 0.019024 0.042194
910 0.589905 0.855602 0.024241 0.038444
1077 0.546180 0.215424 0.022093 0.042663
944 0.546487 0.337084 0.027616 0.043132
711 0.546947 0.376699 0.026082 0.037975
105 0.547407 0.418190 0.021479 0.034693
142 0.547714 0.457571 0.022093 0.040319
14 0.550015 0.544069 0.019331 0.038912
749 0.550936 0.582513 0.019945 0.033286
377 0.552317 0.614393 0.024547 0.027661
631 0.550782 0.650961 0.018411 0.035162
930 0.550169 0.688701 0.019638 0.036568
457 0.555692 0.808486 0.020252 0.029536
672 0.557226 0.842475 0.022093 0.034693
830 0.557380 0.880684 0.023627 0.040788
749 0.515956 0.110173 0.021786 0.035631
1077 0.516569 0.193155 0.024241 0.039381
344 0.516109 0.232302 0.020865 0.033286
845 0.515956 0.269339 0.020558 0.034224
778 0.518104 0.311064 0.021786 0.034224
105 0.518717 0.350211 0.019331 0.035631
36 0.518411 0.393343 0.020558 0.036568
631 0.517030 0.434365 0.020252 0.037037
474 0.517950 0.469292 0.018411 0.030942
546 0.519024 0.505626 0.021786 0.039850
1077 0.519178 0.584154 0.017797 0.030942
131 0.520865 0.618612 0.016263 0.032349
517 0.523320 0.692452 0.029764 0.039381
930 0.525008 0.735349 0.020865 0.035162
1032 0.524701 0.775199 0.019638 0.037037
531 0.525621 0.813643 0.020252 0.031411
148 0.526388 0.850211 0.020558 0.038912
1067 0.444001 0.121191 0.020865 0.042663
91 0.410402 0.493202 0.022400 0.045945
450 0.411783 0.540319 0.022093 0.037975
474 0.412396 0.579231 0.028843 0.039850
497 0.413470 0.618847 0.021786 0.030942
531 0.413164 0.654008 0.027923 0.035631
672 0.413470 0.691280 0.021172 0.036099
102 0.413317 0.726910 0.019638 0.034224
379 0.415465 0.768870 0.031912 0.040319
402 0.413777 0.816456 0.021786 0.048289
367 0.416692 0.864744 0.025775 0.045476
69 0.412396 0.909517 0.023934 0.033755
391 0.414084 0.943272 0.023013 0.032818
334 0.367137 0.105251 0.023627 0.043601
481 0.370666 0.151899 0.026388 0.040319
829 0.368671 0.198312 0.020558 0.045007
831 0.368211 0.249180 0.023320 0.046414
993 0.369592 0.303094 0.022400 0.035162
775 0.370512 0.340131 0.027309 0.037037
2 0.369438 0.376699 0.021479 0.029536
881 0.371280 0.455931 0.025161 0.045476
971 0.376803 0.928739 0.025161 0.031880
697 0.331850 0.467651 0.024241 0.046414
993 0.333845 0.514065 0.024547 0.039850
775 0.332617 0.565401 0.025775 0.047820
1077 0.333998 0.611111 0.024854 0.039850
344 0.332924 0.651899 0.033753 0.043601
254 0.333845 0.697609 0.027616 0.041256
1080 0.334305 0.735818 0.023013 0.037975
612 0.334612 0.786451 0.022400 0.047351
340 0.335839 0.827473 0.021172 0.033755
751 0.336606 0.863807 0.019638 0.034224
390 0.335686 0.908345 0.020252 0.041725
0 0.334765 0.951711 0.025775 0.039381
513 0.296103 0.779419 0.022093 0.036099
848 0.296870 0.821378 0.026695 0.042194
1077 0.297024 0.866151 0.025161 0.037037
148 0.244400 0.181669 0.028536 0.037975
1002 0.247315 0.225035 0.027002 0.042194
612 0.246088 0.263947 0.022706 0.034693
922 0.246548 0.307548 0.029150 0.043132
860 0.250077 0.726442 0.027616 0.047351
229 0.251918 0.777309 0.028843 0.044069
126 0.249923 0.831458 0.023627 0.052039
62 0.251764 0.879044 0.024854 0.041256
481 0.207732 0.097515 0.028230 0.043132
651 0.207579 0.179559 0.026082 0.034693
939 0.207272 0.216596 0.028536 0.036568
1077 0.211261 0.256446 0.031605 0.043132
941 0.208653 0.302391 0.030071 0.039381
1067 0.209727 0.384435 0.028536 0.045007
91 0.206505 0.433662 0.025775 0.048758
450 0.206352 0.477028 0.025468 0.034224
402 0.211568 0.519925 0.034673 0.045945
69 0.210801 0.569151 0.035594 0.053446
993 0.210341 0.623066 0.027309 0.047820
775 0.210187 0.667839 0.028230 0.043601
1077 0.209573 0.720581 0.027002 0.046882
1080 0.210647 0.769573 0.029150 0.042663
513 0.211875 0.816925 0.029764 0.041725
848 0.211568 0.860759 0.027309 0.036568
288 0.209880 0.902485 0.025161 0.039381
610 0.114452 0.200656 0.023934 0.045007
954 0.124732 0.678387 0.024241 0.035631
439 0.123658 0.716831 0.027616 0.040319
474 0.123044 0.759962 0.023320 0.039381
105 0.122277 0.806142 0.030991 0.046414
402 0.125805 0.849977 0.030684 0.045945
69 0.121203 0.902016 0.028843 0.044069
481 0.776005 0.088373 0.027616 0.035162
1067 0.775851 0.128223 0.021172 0.034224
91 0.777846 0.167604 0.022706 0.043601
245 0.775238 0.239334 0.029150 0.056728
722 0.775084 0.255743 0.026388 0.030474
1080 0.777386 0.297234 0.029764 0.044069
567 0.778153 0.344820 0.024547 0.041725
610 0.779534 0.385138 0.026695 0.035162
778 0.779380 0.406704 0.025161 0.039850
402 0.778306 0.440694 0.022400 0.033755
710 0.780454 0.480075 0.021786 0.036568
829 0.780914 0.521800 0.025161 0.038444
610 0.733507 0.134318 0.017490 0.039850
971 0.733661 0.180028 0.023934 0.039381
829 0.734121 0.223863 0.024854 0.040788
772 0.735502 0.269573 0.024547 0.044069
635 0.737650 0.316690 0.026388 0.039850
674 0.737650 0.355368 0.020252 0.039381
1080 0.738724 0.429911 0.030991 0.043132
612 0.739797 0.474918 0.027002 0.039381
635 0.740258 0.553680 0.035901 0.042194
386 0.739797 0.596578 0.028843 0.037975
706 0.740871 0.635959 0.028536 0.036099
143 0.695919 0.260431 0.022706 0.041725
546 0.696226 0.305438 0.020865 0.041725
370 0.697146 0.345523 0.020865 0.042194
763 0.698681 0.384669 0.021479 0.035162
994 0.698374 0.499062 0.022706 0.041725
964 0.699448 0.541256 0.024854 0.038912
481 0.698527 0.590717 0.026082 0.048758
105 0.700675 0.642053 0.032218 0.051102
143 0.656336 0.176278 0.021479 0.037506
397 0.657257 0.220816 0.020865 0.047820
749 0.655723 0.270511 0.030684 0.043132
391 0.658177 0.310595 0.028230 0.035162
334 0.662013 0.761838 0.023013 0.036568
6 0.663854 0.801453 0.023627 0.036099
566 0.616907 0.231364 0.019945 0.036099
603 0.617060 0.273324 0.019024 0.040319
651 0.617981 0.315284 0.022706 0.034224
395 0.618748 0.351617 0.018104 0.032818
439 0.620589 0.432021 0.027923 0.047351
393 0.620282 0.483826 0.029764 0.045007
109 0.621356 0.525785 0.025161 0.038912
133 0.625192 0.576184 0.028536 0.048758
641 0.626726 0.681200 0.029764 0.045945
706 0.626573 0.725738 0.024547 0.039381
58 0.626112 0.766292 0.019945 0.033286
673 0.626726 0.801453 0.019331 0.035162
462 0.627033 0.840835 0.019945 0.041725
879 0.579779 0.105016 0.026082 0.043132
474 0.579012 0.150492 0.020865 0.041256
107 0.580239 0.243554 0.018411 0.043601
105 0.579779 0.287154 0.023627 0.037975
366 0.580700 0.331692 0.025468 0.045476
498 0.579626 0.376699 0.021479 0.034224
541 0.552317 0.614393 0.024547 0.027661
603 0.550782 0.650961 0.018411 0.035162
294 0.550169 0.688701 0.019638 0.036568
1046 0.555692 0.808486 0.020252 0.029536
148 0.557226 0.842475 0.022093 0.034693
35 0.557380 0.880684 0.023627 0.040788
1041 0.515956 0.110173 0.021786 0.035631
589 0.516569 0.193155 0.024241 0.039381
418 0.516109 0.232302 0.020865 0.033286
877 0.515956 0.269339 0.020558 0.034224
456 0.518104 0.311064 0.021786 0.034224
17 0.518717 0.350211 0.019331 0.035631
158 0.520865 0.618612 0.016263 0.032349
925 0.523320 0.692452 0.029764 0.039381
481 0.444922 0.203704 0.019024 0.031411
603 0.445535 0.575481 0.019638 0.034224
124 0.446456 0.614393 0.020252 0.040788
703 0.447683 0.883263 0.019638 0.035631
481 0.447837 0.918190 0.017490 0.032349
148 0.408561 0.110173 0.023627 0.041256
470 0.407794 0.151430 0.019638 0.032818
940 0.410555 0.237693 0.027002 0.041256
925 0.409942 0.278715 0.025775 0.039850
1067 0.410555 0.449367 0.021479 0.038912
91 0.410402 0.493202 0.022400 0.045945
450 0.411783 0.540319 0.022093 0.037975
949 0.413777 0.816456 0.021786 0.048289
35 0.416692 0.864744 0.025775 0.045476
603 0.412396 0.909517 0.023934 0.033755
393 0.414084 0.943272 0.023013 0.032818
332 0.367137 0.105251 0.023627 0.043601
573 0.370666 0.151899 0.026388 0.040319
710 0.374501 0.600094 0.029150 0.038444
402 0.377723 0.644163 0.036821 0.046882
941 0.372353 0.693624 0.026082 0.037975
475 0.372967 0.740741 0.024241 0.044069
105 0.372814 0.792311 0.027002 0.051571
972 0.373581 0.843647 0.023627 0.044538
905 0.373274 0.890061 0.029764 0.042663
541 0.376803 0.928739 0.025161 0.031880
971 0.329396 0.108533 0.023013 0.045476
699 0.332311 0.155415 0.025161 0.041725
474 0.330623 0.199719 0.019945 0.036568
710 0.329702 0.279184 0.023627 0.036099
651 0.329089 0.331458 0.023013 0.048758
367 0.331237 0.378106 0.019331 0.037037
439 0.332771 0.419362 0.019331 0.037975
402 0.331850 0.467651 0.024241 0.046414
941 0.333845 0.514065 0.024547 0.039850
603 0.332617 0.565401 0.025775 0.047820
393 0.333998 0.611111 0.024854 0.039850
785 0.332924 0.651899 0.033753 0.043601
697 0.333845 0.697609 0.027616 0.041256
1018 0.334305 0.735818 0.023013 0.037975
972 0.334612 0.786451 0.022400 0.047351
474 0.335839 0.827473 0.021172 0.033755
105 0.336606 0.863807 0.019638 0.034224
602 0.335686 0.908345 0.020252 0.041725
135 0.334765 0.951711 0.025775 0.039381
107 0.287818 0.100563 0.031912 0.041725
474 0.291347 0.146976 0.024854 0.038912
972 0.289046 0.193858 0.028230 0.042663
941 0.288125 0.237928 0.023320 0.032349
419 0.288585 0.269808 0.024241 0.033286
142 0.288892 0.309892 0.027309 0.039381
981 0.289199 0.359353 0.023013 0.047351
749 0.289813 0.399203 0.022400 0.035162
984 0.288125 0.439522 0.025161 0.042663
528 0.290733 0.483357 0.025468 0.040319
105 0.291654 0.564698 0.021786 0.036099
143 0.292881 0.610173 0.025468 0.041725
219 0.292268 0.650023 0.030991 0.040788
419 0.294569 0.695734 0.025161 0.040319
123 0.297024 0.737459 0.027616 0.042194
475 0.296103 0.779419 0.022093 0.036099
115 0.296870 0.821378 0.026695 0.042194
164 0.297024 0.866151 0.025161 0.037037
69 0.246088 0.263947 0.022706 0.034693
754 0.246548 0.307548 0.029150 0.043132
402 0.248236 0.351149 0.024547 0.044069
65 0.247775 0.394515 0.026082 0.041725
131 0.248389 0.488748 0.029150 0.049226
164 0.250384 0.540788 0.024547 0.041725
778 0.248082 0.587201 0.025468 0.042663
131 0.249003 0.629395 0.024241 0.043601
777 0.253605 0.675105 0.030991 0.049695
367 0.250077 0.726442 0.027616 0.047351
605 0.251918 0.777309 0.028843 0.044069
1004 0.249923 0.831458 0.023627 0.052039
393 0.251764 0.879044 0.024854 0.041256
12 0.207732 0.097515 0.028230 0.043132
1002 0.204971 0.141819 0.024547 0.030474
474 0.207579 0.179559 0.026082 0.034693
829 0.207272 0.216596 0.028536 0.036568
571 0.211261 0.256446 0.031605 0.043132
673 0.208653 0.302391 0.030071 0.039381
589 0.209727 0.384435 0.028536 0.045007
485 0.206505 0.433662 0.025775 0.048758
312 0.206352 0.477028 0.025468 0.034224
304 0.211568 0.519925 0.034673 0.045945
439 0.210801 0.569151 0.035594 0.053446
794 0.210341 0.623066 0.027309 0.047820
28 0.210187 0.667839 0.028230 0.043601
519 0.209573 0.720581 0.027002 0.046882
674 0.210647 0.769573 0.029150 0.042663
606 0.211875 0.816925 0.029764 0.041725
431 0.211568 0.860759 0.027309 0.036568
830 0.114759 0.103844 0.027002 0.045476
749 0.115526 0.156587 0.028536 0.042194
595 0.114452 0.200656 0.023934 0.045007
829 0.119669 0.505860 0.023934 0.039381
236 0.125499 0.593530 0.025161 0.046882
59 0.124425 0.639241 0.026695 0.043601
635 0.124732 0.678387 0.024241 0.035631
563 0.123658 0.716831 0.027616 0.040319
143 0.123044 0.759962 0.023320 0.039381
513 0.122277 0.806142 0.030991 0.046414
823 0.125805 0.849977 0.030684 0.045945
105 0.121203 0.902016 0.028843 0.044069
382 0.123351 0.949602 0.031298 0.050164