312 0.811905 0.092593 0.025161 0.045476
304 0.810218 0.139475 0.027309 0.047351
284 0.808223 0.285982 0.028843 0.048758
232 0.809297 0.329583 0.030377 0.037506
896 0.808990 0.375293 0.032832 0.049226
625 0.807456 0.425223 0.022400 0.046882
896 0.802393 0.479372 0.029457 0.046414
370 0.804081 0.526723 0.024241 0.041725
382 0.807149 0.584857 0.021786 0.055790
105 0.803467 0.684248 0.023627 0.037037
959 0.802087 0.769339 0.020252 0.043132
513 0.804234 0.812940 0.027616 0.033755
93 0.803467 0.911392 0.029150 0.049695
744 0.804234 0.959681 0.030684 0.041256
681 0.803467 0.989686 0.026082 0.020628
618 0.758668 0.089780 0.034673 0.048289
247 0.760356 0.140881 0.025161 0.050164
402 0.757748 0.233708 0.022400 0.037037
69 0.760816 0.270511 0.029150 0.032818
880 0.758668 0.309892 0.021786 0.039381
542 0.757748 0.346460 0.020558 0.033755
963 0.757594 0.395687 0.028230 0.046882
497 0.756060 0.443038 0.020252 0.043132
747 0.755753 0.492264 0.020865 0.042194
743 0.756981 0.536334 0.021479 0.037506
880 0.755600 0.573840 0.024241 0.038444
577 0.755293 0.680263 0.018717 0.053446
33 0.753759 0.768870 0.022400 0.032818
924 0.753912 0.810361 0.023320 0.037975
517 0.753605 0.856774 0.019638 0.040788
880 0.754219 0.896624 0.022093 0.039850
577 0.753912 0.936943 0.019638 0.040788
247 0.752838 0.976324 0.023627 0.040788
241 0.715403 0.087201 0.027309 0.035631
880 0.713716 0.131974 0.019024 0.043601
577 0.712182 0.171589 0.023934 0.036568
358 0.715557 0.211205 0.023320 0.037975
594 0.715864 0.249180 0.022706 0.038912
880 0.713716 0.294421 0.022706 0.048758
143 0.713409 0.340835 0.023320 0.035631
749 0.711261 0.384201 0.023320 0.048289
270 0.710187 0.430849 0.023013 0.045007
855 0.710187 0.476559 0.021786 0.042663
474 0.710801 0.519925 0.022400 0.042194
880 0.713562 0.558368 0.025468 0.036568
166 0.712642 0.609705 0.029150 0.041725
711 0.711108 0.648851 0.020558 0.036568
631 0.712182 0.685420 0.017797 0.030005
55 0.713716 0.722457 0.016569 0.034693
930 0.709880 0.761603 0.023627 0.038912
905 0.710187 0.818097 0.023013 0.043132
880 0.712335 0.862166 0.020558 0.037506
1018 0.712335 0.898265 0.021172 0.034693
649 0.710954 0.941866 0.020865 0.044069
148 0.710341 0.982419 0.019024 0.030474
1067 0.669531 0.093061 0.023934 0.038912
91 0.669531 0.136193 0.020865 0.038912
450 0.670298 0.231833 0.021786 0.046414
778 0.669531 0.274730 0.022093 0.036568
880 0.671525 0.315518 0.029150 0.040319
401 0.671525 0.361697 0.024854 0.041725
694 0.671525 0.399672 0.023627 0.033286
309 0.671985 0.436006 0.027002 0.035631
694 0.671832 0.485232 0.034060 0.043132
309 0.672446 0.531177 0.024854 0.033755
694 0.671065 0.573840 0.028843 0.042194
614 0.672139 0.615331 0.027923 0.039850
441 0.670604 0.661744 0.024854 0.045476
778 0.668150 0.707689 0.025468 0.040788
880 0.669377 0.751289 0.021172 0.037975
706 0.667689 0.820206 0.019024 0.034224
1049 0.669531 0.851383 0.018411 0.026254
555 0.670298 0.886779 0.021786 0.036099
1018 0.670144 0.932021 0.024547 0.045007
411 0.625805 0.096812 0.023013 0.041725
1080 0.625805 0.181435 0.026082 0.046882
207 0.627186 0.231599 0.028843 0.044069
77 0.624732 0.280825 0.019638 0.038444
470 0.624271 0.329583 0.023627 0.048758
470 0.623504 0.379747 0.025775 0.038444
926 0.624118 0.421707 0.020865 0.042663
457 0.624732 0.462260 0.021479 0.037506
672 0.625499 0.503047 0.024241 0.039381
1035 0.625805 0.543601 0.026695 0.043601
880 0.624578 0.586732 0.029150 0.038912
367 0.628414 0.626582 0.028843 0.036099
614 0.628414 0.665729 0.029457 0.042194
829 0.627647 0.706282 0.022400 0.044538
883 0.625652 0.751289 0.021479 0.039850
692 0.624885 0.796062 0.025468 0.041256
474 0.628567 0.845992 0.027923 0.038912
115 0.626879 0.918894 0.016569 0.030942
594 0.627186 0.952883 0.017797 0.028598
880 0.628260 0.981481 0.020558 0.027661
191 0.587604 0.101735 0.026388 0.043132
558 0.589291 0.147211 0.030991 0.044069
504 0.586376 0.193155 0.022706 0.045945
415 0.586223 0.239100 0.019331 0.043132
474 0.586836 0.287154 0.026082 0.044538
956 0.585609 0.374355 0.021786 0.039850
450 0.586530 0.419362 0.024241 0.043601
1016 0.587910 0.463432 0.023934 0.037037
1077 0.585149 0.505157 0.019024 0.035162
941 0.585149 0.544069 0.017183 0.036099
1067 0.585149 0.581106 0.017183 0.034224
91 0.585609 0.619081 0.028536 0.037975
245 0.588064 0.659634 0.032218 0.044069
722 0.584995 0.707923 0.019331 0.043132
709 0.584689 0.758790 0.020558 0.038912
855 0.584995 0.797937 0.021786 0.041256
934 0.587143 0.831458 0.023013 0.026723
148 0.586069 0.868495 0.019024 0.038912
474 0.588064 0.906939 0.021172 0.036099
880 0.587450 0.952414 0.023627 0.041725
728 0.548328 0.105016 0.019638 0.040319
148 0.549095 0.149086 0.024854 0.044069
1067 0.547561 0.199015 0.024241 0.044538
91 0.546947 0.249883 0.022400 0.043132
245 0.545566 0.289967 0.022093 0.041725
722 0.545566 0.328645 0.024547 0.041256
778 0.547100 0.370605 0.028230 0.043601
880 0.547254 0.410689 0.026082 0.034693
401 0.546180 0.454290 0.022706 0.041256
380 0.547100 0.496484 0.019638 0.034693
309 0.546947 0.569386 0.021786 0.040788
495 0.547714 0.588373 0.023934 0.071261
934 0.548941 0.610642 0.027002 0.038912
148 0.546487 0.649086 0.021479 0.042663
573 0.547561 0.689405 0.019945 0.032349
710 0.547254 0.727145 0.024241 0.039381
880 0.548021 0.766760 0.018411 0.033286
191 0.550322 0.840366 0.023627 0.034224
1080 0.551089 0.879044 0.027002 0.041256
277 0.552163 0.917253 0.022400 0.029536
1067 0.552470 0.957103 0.018717 0.039850
91 0.534060 0.726910 0.053697 0.040788
245 0.511967 0.110877 0.021786 0.035162
722 0.511200 0.189873 0.023934 0.039381
925 0.514422 0.230661 0.026082 0.043132
109 0.512274 0.273324 0.016876 0.030942
481 0.513808 0.395687 0.028536 0.041256
1067 0.511507 0.484529 0.020865 0.039850
91 0.511046 0.527895 0.021172 0.038444
245 0.512274 0.571730 0.017490 0.030474
722 0.512887 0.601500 0.015649 0.029067
928 0.511353 0.634552 0.019331 0.029536
419 0.516416 0.764885 0.019638 0.033286
880 0.516569 0.806142 0.021786 0.040788
431 0.518411 0.854430 0.022400 0.038912
550 0.518564 0.897328 0.019024 0.032818
245 0.479595 0.114158 0.019024 0.031411
722 0.480362 0.150727 0.019945 0.031411
105 0.479288 0.182841 0.018411 0.027192
589 0.478674 0.256681 0.017183 0.041725
401 0.479288 0.299578 0.016569 0.041256
1067 0.480209 0.341303 0.015342 0.030942
91 0.481129 0.375762 0.017183 0.033286
450 0.481283 0.496249 0.016876 0.038912
148 0.483124 0.537740 0.016263 0.031880
546 0.482817 0.582982 0.015035 0.029536
751 0.483431 0.624238 0.016876 0.028598
796 0.482970 0.700188 0.015342 0.033286
541 0.483277 0.714955 0.015956 0.031880
971 0.484658 0.753633 0.016263 0.039850
799 0.484351 0.796296 0.015649 0.032349
237 0.486346 0.849742 0.018411 0.032349
402 0.488800 0.917722 0.018411 0.023910
546 0.409635 0.136428 0.020252 0.035631
309 0.409021 0.172293 0.023934 0.034224
930 0.410249 0.211908 0.020865 0.041256
880 0.410709 0.260431 0.020558 0.047351
644 0.412396 0.304266 0.017797 0.033755
481 0.413624 0.350680 0.020865 0.043132
69 0.413164 0.402719 0.019945 0.041256
665 0.411629 0.440928 0.019945 0.041725
203 0.411016 0.481013 0.020558 0.035631
109 0.411322 0.565870 0.019331 0.037506
844 0.408868 0.603141 0.019331 0.036099
529 0.409635 0.645335 0.019024 0.037975
749 0.409328 0.685185 0.018411 0.038912
309 0.408714 0.725504 0.017797 0.031411
356 0.407640 0.763244 0.019945 0.042194
521 0.409635 0.800281 0.019024 0.030005
69 0.407947 0.890999 0.019331 0.044538
1046 0.408561 0.932021 0.018717 0.037506
1026 0.378951 0.133380 0.016569 0.036099
1020 0.379718 0.169948 0.016263 0.033286
267 0.379104 0.207689 0.021172 0.038444
139 0.380331 0.254102 0.025468 0.047820
686 0.376803 0.301453 0.019024 0.039381
100 0.375422 0.385138 0.020558 0.045476
325 0.376956 0.430145 0.022400 0.038912
477 0.375115 0.475152 0.019945 0.040788
481 0.375575 0.520628 0.017797 0.034224
673 0.373888 0.564229 0.026082 0.043601
930 0.375575 0.609470 0.020252 0.038444
880 0.374962 0.649789 0.019024 0.041256
594 0.377570 0.690577 0.024854 0.030942
880 0.374808 0.736756 0.018717 0.047351
143 0.374348 0.789498 0.020865 0.044069
402 0.375268 0.829817 0.017183 0.030005
1021 0.376649 0.864276 0.015035 0.026723
270 0.377723 0.898734 0.025161 0.034693
69 0.378951 0.940225 0.026388 0.040788
1043 0.358699 0.790905 0.054618 0.043132
419 0.343357 0.131036 0.020865 0.041725
1067 0.342897 0.174637 0.023627 0.041725
91 0.342283 0.213549 0.019331 0.033286
245 0.343203 0.250820 0.019945 0.036568
722 0.341669 0.289264 0.023013 0.042194
594 0.342743 0.330286 0.022706 0.037975
880 0.342743 0.367557 0.020252 0.034693
143 0.343203 0.401313 0.018104 0.031880
541 0.345812 0.438819 0.030071 0.036568
594 0.343203 0.479606 0.027309 0.038444
109 0.344431 0.521331 0.021172 0.034693
513 0.344891 0.560478 0.024547 0.036099
93 0.342743 0.594937 0.023320 0.030942
749 0.342436 0.629161 0.019638 0.034693
270 0.341823 0.667604 0.022093 0.035631
356 0.341362 0.703235 0.019945 0.038444
930 0.340902 0.747773 0.019024 0.040319
1067 0.341516 0.788561 0.020865 0.043132
91 0.343817 0.835209 0.021172 0.037037
245 0.343664 0.874590 0.020252 0.038912
722 0.341976 0.916315 0.017490 0.037037
40 0.341362 0.953118 0.021172 0.036568
419 0.308530 0.126582 0.023013 0.038444
941 0.307456 0.172527 0.023934 0.045945
880 0.305769 0.221285 0.022400 0.040319
845 0.304848 0.261838 0.022400 0.042663
504 0.306843 0.304032 0.025775 0.037975
1067 0.303007 0.351617 0.027923 0.048758
91 0.306382 0.403657 0.032832 0.049695
245 0.307610 0.453586 0.029150 0.042663
722 0.307610 0.494843 0.021786 0.043601
1018 0.306996 0.536334 0.019945 0.039381
683 0.307456 0.571496 0.019024 0.031880
1046 0.307917 0.603376 0.029150 0.038444
148 0.308990 0.647914 0.030684 0.045007
880 0.305462 0.693858 0.022400 0.042194
778 0.305922 0.735584 0.018411 0.035631
880 0.305615 0.774027 0.020252 0.034693
746 0.305155 0.819737 0.021172 0.043601
306 0.305462 0.863338 0.019331 0.041725
439 0.306229 0.902954 0.021479 0.035631
910 0.303621 0.946789 0.023627 0.041725
595 0.267260 0.127051 0.028843 0.047820
944 0.266339 0.182841 0.020252 0.045007
711 0.266033 0.230427 0.025161 0.043601
880 0.265726 0.274965 0.022706 0.031411
958 0.265419 0.310361 0.021479 0.036568
1080 0.264345 0.348570 0.020558 0.036099
345 0.265265 0.389123 0.024241 0.041256
579 0.266033 0.425926 0.024547 0.026723
39 0.264652 0.469526 0.023013 0.049226
98 0.266493 0.515237 0.021172 0.040319
1067 0.265419 0.564463 0.025161 0.045945
91 0.266800 0.606892 0.027923 0.038912
245 0.264805 0.655180 0.024547 0.039850
722 0.264805 0.695734 0.029457 0.043132
401 0.264652 0.741678 0.029764 0.046882
91 0.264191 0.834740 0.022093 0.046414
880 0.263271 0.885138 0.027616 0.048758
694 0.266800 0.932489 0.024854 0.037506
709 0.265726 0.969058 0.022706 0.033755
694 0.228751 0.127051 0.024241 0.045007
855 0.226757 0.173465 0.022706 0.032818
934 0.224916 0.210502 0.020252 0.035631
148 0.226143 0.250352 0.021479 0.035631
474 0.226143 0.288795 0.023934 0.039381
1046 0.226296 0.334505 0.022400 0.041725
148 0.224609 0.379747 0.023934 0.045945
880 0.225683 0.425457 0.023013 0.046414
401 0.225990 0.472339 0.024854 0.045476
380 0.226450 0.518987 0.022093 0.039381
694 0.226450 0.559306 0.022093 0.039381
309 0.227831 0.600563 0.028536 0.037506
694 0.226143 0.637834 0.021479 0.037037
495 0.228444 0.683310 0.026695 0.037975
880 0.227064 0.728083 0.020865 0.042194
431 0.226143 0.769105 0.023320 0.038912
550 0.227984 0.813408 0.020865 0.040319
697 0.229058 0.857243 0.023627 0.039850
158 0.229518 0.903657 0.025775 0.031411
925 0.230746 0.941397 0.031912 0.043132
751 0.229365 0.976324 0.025468 0.034224
148 0.184259 0.121894 0.021786 0.039381
940 0.185486 0.163619 0.023627 0.041256
955 0.186714 0.209798 0.027923 0.032349
1080 0.185026 0.252930 0.022093 0.044538
836 0.182418 0.299812 0.028536 0.041725
450 0.184259 0.336381 0.026695 0.036099
956 0.186100 0.379278 0.028536 0.046882
586 0.184719 0.427332 0.021479 0.045476
40 0.181191 0.471402 0.034673 0.046414
513 0.188401 0.511721 0.029457 0.033286
319 0.185333 0.554618 0.017183 0.034693
138 0.185793 0.571261 0.016263 0.026723
623 0.184719 0.675105 0.022093 0.038444
474 0.186253 0.721050 0.021479 0.047820
158 0.186407 0.770745 0.026082 0.040319
925 0.189936 0.817862 0.023934 0.039850
764 0.187634 0.856306 0.020558 0.033286
299 0.187941 0.896156 0.021786 0.039850
443 0.191623 0.936006 0.024241 0.037975
401 0.192237 0.973980 0.020558 0.028598
513 0.141301 0.129395 0.020558 0.034693
612 0.141761 0.182841 0.025775 0.042194
513 0.140227 0.227145 0.026388 0.037037
978 0.141608 0.270042 0.025468 0.042194
513 0.139460 0.310361 0.033446 0.041256
655 0.141608 0.401313 0.023627 0.043132
513 0.142222 0.445617 0.024854 0.044538
298 0.141454 0.492733 0.025161 0.045945
513 0.140841 0.539147 0.025161 0.045007
966 0.141915 0.588139 0.029764 0.047351
728 0.143142 0.635021 0.030377 0.040788
148 0.142068 0.687295 0.031298 0.048758
450 0.146057 0.734412 0.031298 0.036099
401 0.144216 0.778481 0.023934 0.041725
6 0.145137 0.820206 0.023934 0.034224
449 0.146671 0.858650 0.026388 0.039850
623 0.148512 0.899906 0.027002 0.045476
474 0.095581 0.134787 0.026082 0.055790
158 0.094814 0.182607 0.026388 0.036099
925 0.094508 0.224098 0.023934 0.043132
764 0.094201 0.319034 0.027616 0.037037
148 0.094354 0.350211 0.024241 0.029067
1038 0.093434 0.389592 0.022400 0.047820
148 0.094661 0.431786 0.023627 0.033755
15 0.094201 0.469058 0.020865 0.037037
728 0.097729 0.518284 0.029150 0.047351
148 0.096962 0.569620 0.023934 0.038444
450 0.097116 0.606188 0.020558 0.036568
778 0.098190 0.647914 0.023320 0.041256
1038 0.098957 0.699953 0.020558 0.039381
148 0.102332 0.741913 0.024854 0.031411
15 0.101258 0.782935 0.019024 0.036568
105 0.104480 0.835912 0.023627 0.048758
40 0.102946 0.878575 0.019945 0.033755
319 0.104020 0.924051 0.021479 0.041256