431 0.835226 0.086732 0.027002 0.044069
603 0.835532 0.137131 0.028843 0.048289
958 0.836760 0.178856 0.028843 0.035162
972 0.835686 0.218706 0.035901 0.038912
905 0.833691 0.263010 0.030684 0.045007
148 0.836146 0.306376 0.025161 0.042663
513 0.835379 0.344116 0.023627 0.030005
794 0.839521 0.374355 0.032525 0.037037
474 0.834152 0.423113 0.021786 0.043601
794 0.838294 0.467651 0.025775 0.037975
370 0.837067 0.511955 0.025775 0.048758
554 0.838601 0.562822 0.031912 0.040788
954 0.839061 0.609001 0.026082 0.045007
829 0.836299 0.655884 0.021786 0.044069
571 0.835686 0.704407 0.033446 0.047351
775 0.834919 0.751992 0.028230 0.046882
956 0.833998 0.803329 0.030071 0.052977
431 0.834612 0.855602 0.025161 0.045945
791 0.833384 0.910924 0.022706 0.046882
513 0.834765 0.951242 0.027309 0.033755
749 0.836606 0.983826 0.024854 0.027661
429 0.785670 0.090717 0.024854 0.048289
439 0.786284 0.134083 0.026695 0.042194
328 0.788279 0.186592 0.023934 0.054383
438 0.786591 0.242382 0.025468 0.041256
129 0.785517 0.290436 0.034366 0.048289
1077 0.788585 0.341069 0.036821 0.049226
605 0.784903 0.389123 0.031298 0.048758
905 0.785977 0.441397 0.022400 0.055790
148 0.787358 0.490624 0.041117 0.041725
794 0.786744 0.539147 0.025775 0.051571
778 0.784290 0.597515 0.028230 0.049226
513 0.784750 0.639944 0.026695 0.039381
1080 0.786131 0.687998 0.034980 0.056728
829 0.785517 0.739334 0.028230 0.044069
468 0.787358 0.780591 0.027002 0.043132
603 0.785517 0.822785 0.026388 0.037506
474 0.783676 0.866620 0.022706 0.040788
580 0.785364 0.906470 0.025468 0.040788
366 0.784290 0.947023 0.025161 0.036568
571 0.783829 0.981013 0.027309 0.033286
775 0.741025 0.093765 0.027002 0.055321
1046 0.740718 0.147211 0.029457 0.050633
344 0.742099 0.196671 0.022400 0.046414
794 0.740411 0.246601 0.027002 0.042194
142 0.741792 0.295593 0.027923 0.045476
250 0.740258 0.343882 0.021172 0.048289
755 0.738724 0.384904 0.027309 0.037506
415 0.739030 0.426629 0.027309 0.041256
253 0.739644 0.474215 0.028536 0.044538
905 0.740104 0.523207 0.025161 0.040319
69 0.739797 0.563760 0.027616 0.039850
129 0.742866 0.607829 0.030684 0.041725
1077 0.740411 0.655180 0.024547 0.042663
778 0.737189 0.703704 0.026082 0.046882
794 0.740104 0.747539 0.023934 0.037037
370 0.741639 0.793015 0.031298 0.047351
956 0.741485 0.839897 0.027923 0.041725
431 0.738877 0.888889 0.023320 0.045007
791 0.738724 0.933427 0.022400 0.044069
38 0.741639 0.976324 0.025775 0.040788
566 0.700675 0.097046 0.032218 0.049695
135 0.697760 0.154712 0.023320 0.050633
144 0.698067 0.201125 0.023934 0.045007
1018 0.699141 0.249883 0.027923 0.048758
673 0.700828 0.295359 0.025775 0.042194
344 0.702670 0.336615 0.031912 0.031880
845 0.700061 0.380216 0.024854 0.048758
778 0.697453 0.435068 0.027616 0.050633
431 0.698987 0.554149 0.025161 0.049695
928 0.696533 0.600797 0.034980 0.046414
762 0.700215 0.645804 0.033139 0.043601
789 0.697300 0.687295 0.024241 0.039381
148 0.700061 0.727848 0.029150 0.044538
791 0.699601 0.770042 0.020865 0.042663
513 0.699141 0.817393 0.026695 0.040788
135 0.700828 0.856071 0.020865 0.033755
144 0.699141 0.898031 0.023627 0.038912
449 0.704204 0.942804 0.030071 0.045945
51 0.705738 0.982888 0.023320 0.031411
111 0.652654 0.100797 0.025775 0.045945
105 0.651734 0.150258 0.032525 0.049226
14 0.654188 0.196671 0.027002 0.038912
55 0.652654 0.238865 0.027616 0.036099
1016 0.655723 0.328880 0.025775 0.043601
580 0.653268 0.369433 0.022093 0.037506
1046 0.653575 0.412096 0.025775 0.044069
468 0.652501 0.458744 0.029150 0.045476
603 0.654035 0.503751 0.021172 0.044538
631 0.654188 0.547820 0.025161 0.040788
1004 0.655569 0.599625 0.025468 0.049695
794 0.653575 0.653071 0.028843 0.046882
847 0.655109 0.701828 0.026388 0.044069
366 0.653268 0.750586 0.025775 0.044069
513 0.652501 0.798172 0.022400 0.049226
214 0.653728 0.825363 0.021172 0.097046
1031 0.654342 0.852321 0.021172 0.043132
794 0.655262 0.901078 0.024854 0.049695
1018 0.656490 0.949836 0.023627 0.037506
791 0.657257 0.980544 0.022706 0.022972
749 0.636238 0.509611 0.058607 0.045945
429 0.612304 0.092593 0.024854 0.026723
1077 0.612611 0.123301 0.024854 0.036568
514 0.611384 0.160338 0.027923 0.035631
605 0.610617 0.204407 0.025775 0.044069
148 0.613685 0.256915 0.027002 0.048758
794 0.613532 0.308251 0.028536 0.038912
253 0.615680 0.356540 0.027923 0.047351
905 0.615986 0.409517 0.028536 0.050164
697 0.618288 0.461556 0.022706 0.051102
710 0.618595 0.512189 0.024547 0.047351
344 0.619362 0.564463 0.025468 0.048758
598 0.618441 0.610877 0.019945 0.031880
794 0.617060 0.649320 0.025161 0.042194
253 0.616907 0.697843 0.023627 0.050164
905 0.616447 0.724566 0.025161 0.090483
69 0.616907 0.746835 0.027923 0.042194
129 0.618748 0.781528 0.029764 0.030942
1077 0.616140 0.796765 0.025161 0.073605
474 0.613225 0.818800 0.020558 0.045476
880 0.612458 0.861697 0.022093 0.035631
956 0.610770 0.901078 0.019945 0.038444
791 0.614145 0.948664 0.027923 0.043601
749 0.573796 0.106657 0.023320 0.048289
429 0.574870 0.152602 0.024241 0.043601
595 0.574409 0.201125 0.026388 0.045945
105 0.575330 0.296062 0.031298 0.047351
14 0.573335 0.344351 0.023013 0.037975
994 0.575944 0.444210 0.024547 0.044538
594 0.577171 0.486170 0.022706 0.039381
589 0.580239 0.528364 0.030071 0.045945
144 0.580086 0.571261 0.027923 0.037975
829 0.579932 0.652602 0.027002 0.046882
468 0.580546 0.700422 0.025161 0.042194
580 0.579472 0.751992 0.023627 0.045007
673 0.578398 0.804735 0.023934 0.048289
474 0.581927 0.896624 0.033446 0.037975
431 0.579319 0.940694 0.026388 0.041725
928 0.536054 0.160103 0.020865 0.042663
148 0.536054 0.255743 0.021479 0.042663
513 0.536207 0.300750 0.020558 0.040788
135 0.536054 0.352555 0.023934 0.044069
144 0.534827 0.394280 0.019638 0.036568
449 0.533753 0.431552 0.023627 0.033286
55 0.535440 0.476090 0.022093 0.036099
1016 0.535594 0.513127 0.023627 0.037975
152 0.536821 0.556493 0.024854 0.043132
928 0.536207 0.602438 0.025468 0.044069
631 0.535133 0.690577 0.024547 0.037506
344 0.537588 0.731833 0.026388 0.042194
1077 0.539276 0.776840 0.018717 0.043132
778 0.537895 0.825598 0.020865 0.041256
880 0.537742 0.877637 0.020558 0.051571
746 0.509666 0.122128 0.023320 0.049226
474 0.507518 0.175809 0.018411 0.034693
96 0.508285 0.218706 0.019945 0.036099
383 0.507978 0.264416 0.018717 0.037506
605 0.507364 0.306845 0.019945 0.042663
38 0.507057 0.345992 0.020558 0.030005
262 0.506290 0.382091 0.019024 0.039381
288 0.505830 0.425223 0.018104 0.042194
794 0.506290 0.478903 0.018411 0.045476
400 0.506904 0.530239 0.019024 0.044069
148 0.506444 0.572902 0.016876 0.039381
565 0.505523 0.612986 0.015649 0.039850
697 0.506137 0.654712 0.016876 0.032349
297 0.506904 0.693390 0.017183 0.035631
401 0.506904 0.738865 0.018411 0.041256
546 0.506444 0.779887 0.015649 0.028598
1077 0.506444 0.818331 0.017490 0.038912
905 0.506597 0.863338 0.018411 0.038912
855 0.504296 0.903657 0.015649 0.031411
105 0.503222 0.920066 0.014728 0.027661
972 0.449524 0.227145 0.015342 0.029536
325 0.448757 0.269808 0.017490 0.042663
94 0.448604 0.311064 0.018411 0.031411
778 0.447376 0.346929 0.015956 0.037506
751 0.447070 0.387014 0.017797 0.037975
858 0.445075 0.434130 0.019331 0.045945
431 0.444922 0.526254 0.020252 0.036099
402 0.445842 0.564932 0.021479 0.038444
647 0.442467 0.605720 0.022706 0.035631
69 0.443388 0.643226 0.019024 0.033755
603 0.442927 0.676746 0.020558 0.030474
381 0.442007 0.717534 0.020558 0.033286
497 0.439859 0.793015 0.017490 0.032349
391 0.440626 0.836850 0.017797 0.040319
334 0.440779 0.877168 0.016876 0.034693
1077 0.440626 0.909986 0.017797 0.029067
344 0.421295 0.137600 0.019024 0.042663
288 0.421295 0.177450 0.017797 0.035162
794 0.420988 0.228786 0.020865 0.039381
858 0.420835 0.269808 0.024241 0.037975
431 0.421602 0.301922 0.023320 0.027192
1046 0.420221 0.342475 0.023013 0.043601
610 0.420068 0.382325 0.021479 0.034224
778 0.419914 0.424285 0.021172 0.044069
129 0.419454 0.470230 0.022706 0.039381
1077 0.418994 0.507736 0.023013 0.038444
1018 0.418226 0.579934 0.019024 0.032818
107 0.416539 0.619081 0.019331 0.038912
105 0.415465 0.661041 0.020865 0.038444
142 0.416846 0.696671 0.023627 0.027192
38 0.416079 0.730192 0.020865 0.030474
262 0.415005 0.770277 0.020558 0.035631
546 0.412550 0.809423 0.025468 0.039850
16 0.411016 0.853493 0.019331 0.033286
439 0.411476 0.890530 0.017183 0.036099
474 0.411322 0.924519 0.017490 0.031880
821 0.387082 0.182372 0.021172 0.045945
1080 0.387082 0.279184 0.023627 0.039850
91 0.388463 0.334974 0.024547 0.043601
450 0.388309 0.377168 0.024854 0.040788
69 0.384474 0.424519 0.023320 0.041725
14 0.383553 0.465307 0.020865 0.037975
749 0.384934 0.504454 0.024854 0.042194
429 0.381098 0.544773 0.023934 0.037506
1077 0.380945 0.580169 0.019331 0.034224
801 0.380331 0.621191 0.018104 0.040319
594 0.379871 0.659869 0.016569 0.033286
366 0.377570 0.696203 0.024854 0.039381
5 0.378337 0.737225 0.023934 0.037975
541 0.378030 0.780825 0.019638 0.039850
778 0.377110 0.821378 0.019024 0.045007
791 0.378183 0.861932 0.025468 0.037037
1009 0.379718 0.928504 0.024854 0.037975
18 0.353790 0.127989 0.021479 0.045007
156 0.352869 0.260666 0.025775 0.045945
513 0.352869 0.309423 0.021479 0.040319
129 0.351795 0.349508 0.026082 0.040788
696 0.348113 0.390295 0.025468 0.045476
449 0.351028 0.428973 0.025161 0.037506
474 0.349033 0.471871 0.024854 0.044538
1005 0.346886 0.513361 0.030377 0.038444
696 0.347653 0.550867 0.026388 0.035631
351 0.346732 0.570089 0.025161 0.055321
668 0.347653 0.593999 0.022706 0.040319
170 0.347959 0.639709 0.022706 0.052039
148 0.345658 0.688467 0.027309 0.040788
167 0.346579 0.731833 0.022400 0.040319
288 0.346118 0.771214 0.022706 0.037506
936 0.345658 0.810830 0.025468 0.036099
603 0.342743 0.849273 0.022093 0.037037
284 0.344891 0.886545 0.023320 0.038444
232 0.314820 0.155180 0.023320 0.032818
439 0.314514 0.190577 0.027002 0.035162
711 0.315434 0.236521 0.026388 0.049226
431 0.314667 0.289498 0.024854 0.038912
791 0.312519 0.336381 0.028536 0.048289
288 0.312826 0.381857 0.027309 0.041725
135 0.312826 0.428036 0.022400 0.044069
144 0.310678 0.475152 0.025468 0.043601
449 0.309297 0.517346 0.030684 0.043601
162 0.308990 0.562822 0.029457 0.041725
288 0.307917 0.598687 0.024854 0.032818
129 0.306689 0.684716 0.024241 0.038912
502 0.308837 0.729958 0.024854 0.047820
603 0.305155 0.773793 0.025468 0.037037
148 0.308070 0.808486 0.029457 0.028598
456 0.306536 0.847632 0.022706 0.036568
55 0.303928 0.883029 0.023627 0.036099
468 0.306382 0.920300 0.026082 0.032818
474 0.304695 0.948195 0.024547 0.037975
673 0.274778 0.118612 0.021786 0.041256
148 0.274164 0.159869 0.020558 0.038444
288 0.272323 0.199484 0.027309 0.034224
870 0.272936 0.241678 0.026082 0.040788
456 0.273704 0.282935 0.028843 0.038912
776 0.273397 0.317393 0.019638 0.033755
657 0.271402 0.350914 0.029764 0.030474
288 0.274164 0.388889 0.026695 0.039850
445 0.272323 0.432021 0.026082 0.036099
752 0.273090 0.474684 0.026388 0.042663
603 0.271402 0.512424 0.026695 0.032818
474 0.272783 0.543835 0.028843 0.032818
836 0.271402 0.588373 0.026082 0.049695
1040 0.271095 0.641585 0.024854 0.037037
589 0.271556 0.678622 0.028230 0.033286
135 0.268334 0.717300 0.023013 0.039381
510 0.267874 0.759025 0.030071 0.045007
148 0.266033 0.803797 0.025161 0.035162
167 0.275545 0.848336 0.044799 0.039850
179 0.265419 0.850211 0.020252 0.038912
148 0.264959 0.887248 0.019331 0.036099
288 0.265112 0.924519 0.026388 0.037506
129 0.237189 0.168542 0.027616 0.048289
85 0.235655 0.216128 0.024547 0.034693
224 0.235348 0.265588 0.023934 0.046414
288 0.235041 0.311299 0.019638 0.041256
755 0.236115 0.394984 0.024854 0.044538
603 0.232126 0.443038 0.027923 0.044069
38 0.235962 0.484998 0.030684 0.039850
262 0.232740 0.526489 0.023013 0.036568
288 0.233661 0.563291 0.027923 0.033286
794 0.234121 0.606423 0.030071 0.045476
1077 0.238570 0.650727 0.028536 0.040319
791 0.234428 0.690342 0.023320 0.039850
749 0.232587 0.730661 0.023320 0.040788
431 0.230592 0.813408 0.026695 0.043132
402 0.229979 0.893343 0.024241 0.042663
941 0.230746 0.938115 0.020865 0.045945
778 0.230899 0.955696 0.018104 0.025785
746 0.199908 0.116503 0.035901 0.040788
306 0.194078 0.156118 0.022400 0.034693
542 0.193771 0.195030 0.021786 0.039381
963 0.193464 0.245195 0.024854 0.045007
1038 0.191316 0.293483 0.027923 0.050633
474 0.193311 0.341069 0.028843 0.042663
129 0.194078 0.389827 0.029150 0.049226
1077 0.193771 0.443976 0.027309 0.055321
605 0.193618 0.488983 0.027002 0.033755
697 0.192390 0.532818 0.028843 0.047351
288 0.194385 0.578997 0.027309 0.040319
794 0.194998 0.612283 0.029150 0.028129
143 0.191777 0.641585 0.026388 0.034224
531 0.193311 0.683544 0.024547 0.045007
148 0.192544 0.721285 0.026695 0.032349
1067 0.191777 0.763010 0.029457 0.040788
91 0.189015 0.805204 0.023320 0.038912
450 0.193464 0.848336 0.029764 0.042663
115 0.194385 0.892874 0.022400 0.033286
746 0.195305 0.928504 0.019331 0.032349
880 0.198067 0.958978 0.018104 0.024848
401 0.151427 0.117440 0.027923 0.051102
380 0.149586 0.211439 0.024241 0.045007
367 0.150506 0.260900 0.029764 0.049226
614 0.151887 0.304266 0.030684 0.039381
1018 0.152654 0.337318 0.026082 0.025785
972 0.151427 0.377168 0.024854 0.044538
905 0.152961 0.421707 0.027309 0.045476
148 0.153575 0.467417 0.023627 0.039381
791 0.150353 0.514534 0.030071 0.043601
541 0.151427 0.555556 0.023013 0.040319
845 0.148972 0.599391 0.023013 0.039850
474 0.148972 0.646976 0.025468 0.045007
255 0.149586 0.695265 0.026695 0.044069
513 0.148512 0.743085 0.027616 0.043132
905 0.147438 0.789498 0.029150 0.049695
402 0.144523 0.841538 0.023934 0.034693