964 0.781835 0.114158 0.023320 0.037975
148 0.783216 0.154946 0.021172 0.038912
391 0.783216 0.199719 0.027923 0.039381
1077 0.785977 0.233708 0.028536 0.031411
105 0.785364 0.273324 0.026082 0.045007
972 0.783216 0.319503 0.021172 0.036099
905 0.785057 0.361463 0.030991 0.045007
778 0.784136 0.404126 0.027923 0.044069
706 0.783216 0.448195 0.023627 0.037506
300 0.784443 0.523676 0.025468 0.046882
526 0.784750 0.567276 0.026695 0.040319
450 0.786898 0.614158 0.027923 0.045007
1077 0.789813 0.657525 0.026388 0.038912
778 0.789813 0.698078 0.023934 0.039381
90 0.790273 0.741678 0.024854 0.037506
105 0.789353 0.789967 0.026082 0.035631
1048 0.789199 0.830755 0.034980 0.040319
905 0.790580 0.872714 0.027309 0.037037
69 0.790273 0.904594 0.024854 0.027661
411 0.790733 0.937178 0.028230 0.041256
829 0.734581 0.121425 0.024547 0.052508
143 0.737803 0.171355 0.034060 0.033286
513 0.735962 0.208626 0.025468 0.042194
546 0.736882 0.251524 0.025468 0.042663
164 0.735041 0.297000 0.024241 0.043601
69 0.741639 0.341069 0.038048 0.040788
391 0.740411 0.390295 0.026388 0.050164
334 0.742866 0.437178 0.023934 0.045476
62 0.740871 0.483357 0.027923 0.043132
481 0.746088 0.530005 0.025468 0.048289
1018 0.746088 0.579231 0.022400 0.040788
716 0.692544 0.168776 0.029457 0.040319
778 0.692544 0.211674 0.022706 0.043601
1032 0.692851 0.251758 0.023320 0.040319
5 0.692544 0.337553 0.022093 0.040319
489 0.694078 0.379278 0.022706 0.045945
288 0.695459 0.431552 0.035287 0.048289
607 0.698220 0.474449 0.030377 0.039381
589 0.702363 0.516878 0.028230 0.041725
164 0.701135 0.560478 0.025161 0.045476
69 0.700982 0.608533 0.027923 0.042194
62 0.701596 0.649086 0.029764 0.040788
38 0.702823 0.687998 0.026082 0.027661
566 0.699601 0.729958 0.025775 0.047820
607 0.702823 0.771917 0.021172 0.036099
392 0.700982 0.812940 0.019945 0.035631
1004 0.650813 0.118612 0.026388 0.030942
791 0.651580 0.165729 0.022400 0.046414
62 0.652501 0.213315 0.024241 0.040319
294 0.656490 0.254102 0.029764 0.038444
673 0.654035 0.295827 0.028536 0.039381
778 0.657103 0.335912 0.030377 0.035162
129 0.653882 0.378575 0.023320 0.042663
332 0.655109 0.420066 0.025775 0.040319
837 0.654035 0.460619 0.024854 0.041725
62 0.655109 0.506095 0.028843 0.046414
589 0.658484 0.552977 0.026388 0.044538
450 0.659251 0.594468 0.024241 0.041256
539 0.660018 0.630333 0.028843 0.029536
880 0.660479 0.670183 0.030377 0.039850
164 0.659098 0.713080 0.026388 0.037506
69 0.661859 0.756212 0.027002 0.045945
62 0.660172 0.798640 0.026082 0.042663
1032 0.662320 0.842710 0.029150 0.041725
989 0.613839 0.276371 0.023627 0.038912
270 0.618288 0.314580 0.030071 0.037506
94 0.615833 0.356306 0.023320 0.042194
546 0.615680 0.401547 0.021172 0.035162
785 0.614145 0.442100 0.023013 0.043132
697 0.617060 0.488748 0.019024 0.041725
105 0.620282 0.527895 0.027923 0.034693
143 0.618134 0.570323 0.024241 0.044538
402 0.620129 0.614158 0.023320 0.045007
989 0.620896 0.654712 0.025468 0.039850
270 0.622430 0.697140 0.026082 0.043132
1016 0.621356 0.744257 0.027002 0.044538
38 0.622123 0.798172 0.021172 0.044538
262 0.623811 0.840366 0.024547 0.030474
129 0.624118 0.879981 0.021479 0.041256
306 0.576711 0.269339 0.023627 0.044538
474 0.580239 0.398265 0.021479 0.035162
697 0.582080 0.425223 0.019638 0.025316
623 0.580086 0.455696 0.021172 0.028129
402 0.580086 0.490155 0.019331 0.036099
941 0.582847 0.534459 0.023013 0.038444
62 0.582694 0.573840 0.022093 0.037506
1080 0.583001 0.615799 0.024547 0.037037
1049 0.584075 0.663619 0.033446 0.039850
555 0.583001 0.709798 0.025161 0.045945
94 0.583461 0.753633 0.023013 0.040788
778 0.584075 0.797234 0.022400 0.039850
62 0.585609 0.839897 0.023013 0.038912
785 0.585456 0.885138 0.019638 0.043132
697 0.585149 0.924051 0.022093 0.035631
105 0.541884 0.165495 0.022093 0.034693
651 0.541577 0.290905 0.022706 0.041725
62 0.542498 0.335912 0.025161 0.044538
1080 0.545566 0.383497 0.020252 0.043132
456 0.546947 0.427567 0.022400 0.039381
253 0.545873 0.472808 0.020865 0.042663
905 0.548174 0.519456 0.022400 0.045007
474 0.545259 0.569620 0.020252 0.046882
55 0.546640 0.596343 0.020558 0.104079
129 0.546640 0.624707 0.021786 0.047351
143 0.545259 0.675809 0.020865 0.040788
905 0.548174 0.730895 0.021172 0.051571
855 0.552317 0.781294 0.027616 0.035162
778 0.551089 0.802625 0.030071 0.057196
450 0.547714 0.822082 0.027002 0.041725
539 0.552163 0.902719 0.018717 0.038912
1077 0.508592 0.135959 0.021172 0.044069
105 0.509359 0.218706 0.022706 0.035162
53 0.509359 0.260900 0.021479 0.041725
749 0.509359 0.296296 0.022093 0.031880
270 0.508745 0.334271 0.019638 0.037506
69 0.511353 0.378575 0.031605 0.045476
62 0.511813 0.426160 0.024547 0.044069
129 0.513808 0.508908 0.019331 0.039850
791 0.514268 0.555790 0.020252 0.042663
402 0.515956 0.594702 0.022400 0.036099
941 0.516263 0.637131 0.019945 0.035631
393 0.515649 0.678856 0.015649 0.035631
306 0.517183 0.761838 0.020558 0.034693
474 0.518411 0.804501 0.019945 0.041256
880 0.519024 0.844351 0.024241 0.036568
972 0.478368 0.145335 0.017183 0.042194
905 0.478368 0.235818 0.020865 0.034693
148 0.479595 0.278715 0.020865 0.039850
109 0.478981 0.320910 0.018411 0.032349
145 0.479288 0.359119 0.022706 0.042194
482 0.479135 0.406470 0.019331 0.045007
570 0.486039 0.411861 0.025775 0.049226
392 0.481743 0.451242 0.020865 0.035162
474 0.482817 0.489217 0.021786 0.037037
710 0.483891 0.532114 0.018411 0.030942
105 0.484811 0.618847 0.021479 0.042194
366 0.487573 0.714955 0.019638 0.040319
905 0.487419 0.764651 0.019945 0.038444
62 0.488493 0.809189 0.018411 0.043132
697 0.488033 0.855134 0.018104 0.037506
475 0.490181 0.896624 0.019331 0.038912
972 0.409481 0.146038 0.019331 0.035162
905 0.410555 0.227145 0.018411 0.038912
721 0.410862 0.306610 0.019024 0.039381
441 0.408714 0.346460 0.019024 0.035631
105 0.409481 0.381857 0.016263 0.037975
602 0.406260 0.422175 0.025161 0.035162
930 0.407640 0.457337 0.019945 0.038912
105 0.408101 0.492499 0.019024 0.028598
143 0.407180 0.531411 0.018411 0.046414
995 0.407947 0.576184 0.018104 0.040319
608 0.407794 0.615331 0.018411 0.035162
972 0.406106 0.660572 0.023627 0.036568
152 0.403805 0.704173 0.020252 0.037506
105 0.401657 0.743319 0.022093 0.037975
219 0.403651 0.783872 0.019331 0.037506
419 0.403345 0.824191 0.020558 0.041256
123 0.403498 0.861697 0.020252 0.032818
474 0.403651 0.892639 0.019331 0.030942
55 0.380025 0.138537 0.018104 0.034224
190 0.380638 0.184951 0.020558 0.046414
546 0.380025 0.232068 0.018104 0.045007
751 0.380945 0.275902 0.024854 0.030474
834 0.380025 0.309189 0.018104 0.027661
778 0.379871 0.342241 0.015342 0.033755
514 0.376189 0.429911 0.020252 0.035631
972 0.378183 0.472105 0.019331 0.038444
905 0.378797 0.510314 0.019945 0.035162
105 0.376496 0.547586 0.023934 0.033755
651 0.376649 0.593530 0.018104 0.040319
419 0.376956 0.636896 0.024241 0.037037
233 0.374808 0.679325 0.022400 0.032818
905 0.371740 0.718706 0.019331 0.034693
573 0.373274 0.753165 0.018104 0.029536
930 0.371433 0.836615 0.018104 0.041725
749 0.371126 0.882325 0.020558 0.043132
1077 0.349340 0.136428 0.022400 0.037506
1067 0.349033 0.184013 0.018104 0.037975
91 0.349340 0.229723 0.021172 0.043132
857 0.349340 0.267932 0.019331 0.033286
105 0.349647 0.308251 0.017490 0.029536
756 0.349494 0.344585 0.018411 0.039381
69 0.351335 0.385607 0.022706 0.037037
475 0.347499 0.424285 0.019945 0.038444
1016 0.346732 0.469761 0.020865 0.037506
603 0.347959 0.511252 0.017797 0.043601
526 0.347499 0.561416 0.020558 0.040788
402 0.314667 0.139241 0.026695 0.040319
941 0.315434 0.184951 0.025775 0.039850
778 0.313286 0.238397 0.023934 0.049226
746 0.312979 0.283872 0.020252 0.037975
474 0.315281 0.327942 0.020558 0.040788
219 0.314053 0.372714 0.023013 0.048758
419 0.311599 0.432255 0.023013 0.044069
972 0.310832 0.484294 0.022706 0.046882
602 0.310678 0.530239 0.022400 0.036568
1004 0.313747 0.570323 0.028536 0.041725
164 0.309451 0.614393 0.020558 0.039850
69 0.310985 0.734412 0.019945 0.039850
595 0.310371 0.756212 0.022400 0.078762
697 0.310064 0.779184 0.024241 0.038444
971 0.311292 0.821847 0.021172 0.043132
143 0.306689 0.868261 0.023627 0.039381
288 0.306843 0.908814 0.025775 0.035162
794 0.277999 0.129864 0.021479 0.036568
1002 0.276619 0.178153 0.021786 0.041256
1031 0.275545 0.224098 0.023320 0.044069
954 0.276005 0.270511 0.023013 0.038444
430 0.273397 0.314815 0.024547 0.042663
1031 0.274778 0.356774 0.023627 0.041256
651 0.274010 0.398734 0.027002 0.037975
928 0.271863 0.447492 0.032525 0.046414
704 0.273550 0.496015 0.027309 0.047820
778 0.273397 0.538209 0.024547 0.037506
280 0.271249 0.582278 0.022706 0.039381
513 0.270942 0.619784 0.023934 0.039381
546 0.271402 0.664557 0.029764 0.037037
625 0.269715 0.702532 0.025775 0.029536
791 0.272169 0.746835 0.023934 0.045007
794 0.272016 0.795593 0.026695 0.043132
474 0.273550 0.837787 0.030377 0.034693
288 0.268948 0.878106 0.025468 0.042194
794 0.270175 0.915612 0.026082 0.036568
763 0.240565 0.174871 0.019638 0.041256
603 0.240871 0.214955 0.023320 0.037037
778 0.240565 0.249414 0.022706 0.029067
332 0.240258 0.322316 0.021479 0.037037
697 0.238877 0.361228 0.026695 0.039850
7 0.238570 0.401078 0.023627 0.040788
402 0.237036 0.441163 0.024241 0.036568
270 0.236269 0.482654 0.021479 0.039850
603 0.238110 0.526723 0.020865 0.040788
785 0.236729 0.573371 0.024854 0.039381
697 0.237036 0.616737 0.019945 0.031411
402 0.235195 0.654243 0.030377 0.034224
672 0.235502 0.691514 0.018717 0.033755
1032 0.235348 0.729489 0.021479 0.037506
5 0.234735 0.770511 0.019638 0.036099
523 0.233507 0.812471 0.021479 0.044069
1018 0.234581 0.860291 0.021786 0.033755
143 0.234888 0.896624 0.022400 0.037975
1076 0.234274 0.928036 0.024241 0.029536
672 0.205431 0.129395 0.024241 0.039381
1080 0.204511 0.175105 0.023013 0.038912
755 0.205124 0.214487 0.024241 0.037037
880 0.203743 0.260431 0.022093 0.036099
609 0.203130 0.300047 0.023934 0.042194
956 0.204664 0.342007 0.022706 0.041725
310 0.204664 0.380216 0.026388 0.030942
672 0.203590 0.417722 0.023013 0.041256
211 0.202363 0.454759 0.023627 0.030942
880 0.200675 0.495077 0.023320 0.041256
402 0.201135 0.533990 0.024241 0.036568
778 0.198834 0.564932 0.025161 0.030005
929 0.198834 0.601031 0.021479 0.035631
402 0.199141 0.642522 0.025775 0.038912
941 0.198834 0.686357 0.030071 0.043132
474 0.197760 0.728551 0.027923 0.044069
791 0.196840 0.769808 0.030377 0.035631
794 0.198374 0.812705 0.030377 0.034224
657 0.195766 0.858415 0.023934 0.041256
1017 0.195766 0.898500 0.024547 0.040788
38 0.196379 0.932021 0.018411 0.023441
262 0.165542 0.124941 0.023627 0.044538
794 0.165081 0.173933 0.025161 0.039381
349 0.166309 0.220113 0.027002 0.037037
603 0.166155 0.261369 0.022400 0.039850
166 0.165235 0.299812 0.021172 0.031411
1067 0.165235 0.340366 0.019331 0.041256
91 0.160786 0.387951 0.028230 0.049226
450 0.161553 0.437412 0.025468 0.040319
474 0.164621 0.477262 0.022400 0.044069
115 0.162627 0.516878 0.025161 0.035162
402 0.160939 0.551336 0.025468 0.032818
880 0.160939 0.590483 0.025468 0.042663
672 0.159865 0.631974 0.025775 0.033755
631 0.159251 0.673465 0.031298 0.044538
431 0.155262 0.718237 0.024547 0.033755
972 0.155569 0.755743 0.028843 0.036568
905 0.158484 0.795359 0.024241 0.040788
603 0.156950 0.842007 0.026695 0.040319
393 0.155416 0.885607 0.034673 0.044069
526 0.157564 0.925223 0.026082 0.035162
968 0.119669 0.128692 0.027002 0.052977
1002 0.119515 0.181435 0.026082 0.039381
968 0.120896 0.234646 0.033753 0.054852
431 0.117981 0.285045 0.030377 0.041256
69 0.119975 0.326535 0.028843 0.039850
602 0.119055 0.372949 0.026388 0.046414
995 0.118902 0.419597 0.024854 0.042194
608 0.118902 0.464604 0.023627 0.046882
357 0.119362 0.517346 0.023934 0.042663
420 0.120896 0.563291 0.028843 0.042663
393 0.121663 0.608767 0.034060 0.044538
972 0.120282 0.655884 0.027002 0.037506
905 0.121049 0.694093 0.024854 0.037037
1004 0.121203 0.735349 0.030071 0.036099
105 0.116447 0.780356 0.026695 0.044538
791 0.116907 0.834037 0.028230 0.053446
212 0.113532 0.884904 0.027616 0.039850
1077 0.116140 0.919597 0.031605 0.029536