794 0.831237 0.305438 0.032525 0.052977
109 0.831390 0.353493 0.027309 0.045007
145 0.828935 0.436240 0.033446 0.036099
482 0.828168 0.476793 0.034980 0.044069
570 0.827248 0.518519 0.032525 0.039381
408 0.827094 0.564463 0.030991 0.044069
1041 0.825713 0.597046 0.023320 0.036099
391 0.824793 0.636662 0.025161 0.045945
334 0.822338 0.682841 0.027616 0.046414
546 0.823412 0.731599 0.038355 0.047351
344 0.820497 0.780122 0.033753 0.050633
794 0.822031 0.835912 0.028843 0.049695
402 0.821878 0.891233 0.027309 0.049695
641 0.821878 0.939053 0.026695 0.045007
213 0.820957 0.981247 0.027309 0.030005
775 0.784903 0.280591 0.025775 0.047351
69 0.783062 0.329583 0.029457 0.046882
380 0.781988 0.374355 0.034673 0.045476
395 0.780301 0.418894 0.023320 0.039850
778 0.780761 0.457337 0.027309 0.035162
91 0.779687 0.498125 0.033753 0.043601
245 0.781375 0.544538 0.040196 0.043601
722 0.779380 0.596109 0.033753 0.056728
1068 0.777693 0.645101 0.026695 0.045945
1039 0.776925 0.689639 0.026388 0.045007
474 0.776925 0.729489 0.028230 0.038444
2 0.776925 0.781997 0.031912 0.043132
1081 0.773857 0.836850 0.027616 0.047820
380 0.776158 0.877872 0.026082 0.025785
395 0.740411 0.215893 0.022093 0.043601
148 0.737036 0.258087 0.025775 0.038912
859 0.736269 0.306845 0.024241 0.038912
457 0.734888 0.346460 0.029457 0.035631
672 0.735348 0.387717 0.026082 0.048758
1002 0.735962 0.435771 0.024854 0.044538
474 0.734274 0.473746 0.030071 0.033286
979 0.735962 0.506564 0.033446 0.035162
652 0.732280 0.541022 0.027309 0.036568
778 0.731973 0.585091 0.024854 0.045945
652 0.715557 0.124473 0.015956 0.032349
1077 0.716631 0.394280 0.065971 0.046882
727 0.694078 0.146507 0.026388 0.044538
408 0.694538 0.191514 0.026082 0.041725
829 0.695766 0.230192 0.021786 0.033755
831 0.695152 0.268401 0.022400 0.043601
993 0.693925 0.316925 0.024854 0.045945
775 0.692083 0.361463 0.023013 0.038444
187 0.692390 0.403891 0.023627 0.044538
465 0.691010 0.450305 0.027002 0.040788
697 0.691623 0.493436 0.030071 0.046414
971 0.692390 0.539616 0.025468 0.038444
143 0.689475 0.581341 0.028230 0.035631
513 0.689168 0.617909 0.028843 0.039381
546 0.691010 0.658931 0.026388 0.037037
870 0.689475 0.699953 0.024547 0.045007
401 0.687634 0.744491 0.031912 0.040319
674 0.687021 0.792311 0.027616 0.052508
245 0.686560 0.836850 0.022400 0.041256
519 0.653882 0.275199 0.025161 0.038444
187 0.652808 0.320206 0.024854 0.043132
821 0.646824 0.372011 0.027002 0.052977
928 0.649432 0.422175 0.019945 0.046414
201 0.649125 0.461556 0.021786 0.035162
993 0.648665 0.498594 0.023320 0.045476
775 0.651273 0.541960 0.030377 0.041256
1077 0.648358 0.583216 0.030684 0.044069
578 0.647591 0.627520 0.029764 0.043601
474 0.646210 0.714252 0.037435 0.052977
651 0.646210 0.761838 0.030684 0.045945
395 0.644523 0.808251 0.027923 0.049695
439 0.643142 0.956399 0.031298 0.042194
778 0.610003 0.193155 0.023320 0.039381
993 0.609083 0.238397 0.020252 0.043601
775 0.609083 0.281060 0.020252 0.034224
187 0.609389 0.321144 0.027002 0.036568
465 0.606935 0.363807 0.022706 0.041256
164 0.606168 0.406001 0.029150 0.045007
1077 0.604787 0.446320 0.028230 0.038444
325 0.603406 0.488748 0.026082 0.045476
419 0.602332 0.530239 0.022706 0.034693
325 0.602485 0.568917 0.023013 0.043601
747 0.603559 0.605016 0.027002 0.031411
38 0.604326 0.646742 0.024241 0.043601
262 0.604326 0.688467 0.029150 0.030474
344 0.603253 0.725973 0.025775 0.041725
142 0.604020 0.769339 0.024854 0.043132
539 0.604020 0.812002 0.030377 0.039381
791 0.600491 0.855602 0.025775 0.040319
694 0.602025 0.895921 0.022093 0.041256
775 0.601565 0.944210 0.028536 0.046882
1067 0.572261 0.112283 0.023320 0.041725
18 0.573029 0.155884 0.026082 0.041725
55 0.573796 0.194796 0.023320 0.033286
450 0.571801 0.234646 0.024241 0.038912
963 0.572108 0.276137 0.019331 0.043132
148 0.570574 0.324660 0.029764 0.045476
143 0.568733 0.366385 0.023627 0.034224
288 0.567045 0.406704 0.026388 0.043601
775 0.567659 0.450539 0.022706 0.036568
630 0.568733 0.487107 0.022400 0.033755
1002 0.569040 0.573605 0.030991 0.042663
101 0.567352 0.617440 0.028843 0.044069
546 0.566431 0.697140 0.027616 0.036568
513 0.567812 0.739100 0.030377 0.041725
29 0.565204 0.782466 0.028230 0.041256
775 0.565971 0.867323 0.024241 0.042194
734 0.565511 0.950539 0.023320 0.037975
715 0.537128 0.122363 0.027309 0.047820
0 0.536361 0.163854 0.020252 0.029536
18 0.536514 0.208392 0.021786 0.044538
775 0.538202 0.278481 0.026388 0.037506
58 0.535901 0.363807 0.028536 0.045007
751 0.534827 0.408345 0.022093 0.044069
674 0.534827 0.449602 0.022706 0.040319
519 0.533753 0.489451 0.021172 0.037506
911 0.534060 0.528833 0.023627 0.037506
930 0.532372 0.566807 0.023320 0.033755
1034 0.533906 0.605954 0.025161 0.035162
474 0.531298 0.717534 0.023627 0.035162
1067 0.534366 0.759728 0.021172 0.039850
18 0.531605 0.797703 0.019945 0.036099
332 0.532986 0.913033 0.021479 0.026723
546 0.533139 0.941163 0.021172 0.029536
395 0.507364 0.125879 0.021172 0.035162
697 0.506904 0.208626 0.022093 0.038444
129 0.506444 0.249883 0.020558 0.040319
472 0.506137 0.290202 0.021172 0.043132
505 0.505830 0.328645 0.018717 0.030005
402 0.505216 0.365448 0.020558 0.035162
1002 0.503682 0.411627 0.019945 0.044069
270 0.503222 0.492733 0.019638 0.038444
69 0.502301 0.534927 0.020865 0.043132
546 0.502762 0.578762 0.020558 0.037975
513 0.501841 0.621191 0.019945 0.035631
746 0.502455 0.657993 0.020558 0.037975
306 0.501688 0.699484 0.017797 0.036568
38 0.503989 0.740038 0.023627 0.040788
262 0.500614 0.771214 0.018717 0.027192
288 0.500153 0.793015 0.017183 0.023910
18 0.500614 0.826301 0.015649 0.028598
775 0.501381 0.865682 0.014115 0.028598
1077 0.504142 0.935537 0.023934 0.035162
36 0.441700 0.142522 0.023627 0.035631
697 0.440779 0.175105 0.019945 0.027661
115 0.442927 0.208158 0.021172 0.035631
958 0.442774 0.245429 0.019638 0.031411
749 0.442314 0.278247 0.018717 0.026723
270 0.441700 0.310361 0.021172 0.031880
402 0.441700 0.344820 0.019331 0.033286
65 0.441240 0.420769 0.021479 0.041725
513 0.440626 0.461791 0.020252 0.035631
697 0.440319 0.499297 0.019024 0.034693
503 0.439859 0.536099 0.023627 0.038912
994 0.438171 0.610408 0.021479 0.033755
1067 0.438631 0.649555 0.021786 0.038912
18 0.437097 0.689639 0.019331 0.033755
880 0.437404 0.710033 0.017490 0.022972
105 0.435410 0.746367 0.019638 0.043132
143 0.434029 0.788561 0.021786 0.042194
994 0.435410 0.838725 0.019024 0.035631
351 0.434029 0.880216 0.018717 0.037975
474 0.433722 0.921472 0.019331 0.043601
546 0.409481 0.135724 0.025468 0.048289
395 0.410095 0.223629 0.021172 0.042194
605 0.409635 0.266292 0.025161 0.040319
941 0.409481 0.304501 0.020558 0.041725
1067 0.410862 0.346226 0.024547 0.040788
18 0.408714 0.386779 0.021479 0.042194
1028 0.409175 0.432021 0.029150 0.045476
552 0.407180 0.474449 0.019024 0.037506
1077 0.406873 0.511721 0.023320 0.031411
163 0.406260 0.548054 0.027616 0.041256
474 0.405953 0.601500 0.020865 0.038444
979 0.403805 0.639475 0.020252 0.034693
69 0.403498 0.673230 0.020252 0.034693
546 0.402731 0.718237 0.018717 0.044069
577 0.401810 0.762072 0.021172 0.039850
794 0.404265 0.806845 0.019331 0.040319
979 0.401197 0.850914 0.016876 0.045945
380 0.400276 0.903422 0.018717 0.042194
395 0.374962 0.133380 0.024547 0.042663
393 0.372814 0.174637 0.027616 0.036099
1018 0.374348 0.212846 0.028843 0.042194
909 0.372967 0.252930 0.026082 0.034224
778 0.372967 0.294655 0.029150 0.048289
431 0.371586 0.343413 0.023320 0.036099
1032 0.372507 0.382091 0.021479 0.036568
749 0.370819 0.422644 0.021172 0.036099
855 0.369745 0.460619 0.025161 0.037975
439 0.371433 0.500469 0.021786 0.041725
474 0.370359 0.537037 0.019638 0.029536
910 0.370052 0.572433 0.021479 0.037506
1077 0.334305 0.128692 0.023013 0.035162
944 0.335839 0.209564 0.020558 0.043132
711 0.337373 0.254571 0.026082 0.040319
105 0.337527 0.295593 0.026388 0.041725
142 0.336453 0.340131 0.022400 0.043601
143 0.340442 0.382560 0.026082 0.041256
419 0.338601 0.426395 0.030377 0.047351
73 0.336913 0.474918 0.030684 0.048758
749 0.339675 0.522738 0.023320 0.038444
309 0.338908 0.572902 0.026695 0.052508
799 0.340749 0.619784 0.022400 0.034693
237 0.335226 0.665729 0.027923 0.041256
631 0.335379 0.711674 0.022706 0.044069
69 0.334612 0.759962 0.023013 0.045007
1046 0.333845 0.804735 0.022706 0.036099
854 0.333845 0.845523 0.019638 0.042663
474 0.331697 0.893577 0.020252 0.038444
928 0.332311 0.932958 0.028230 0.036568
201 0.330469 0.966948 0.020865 0.035162
993 0.297177 0.118612 0.023627 0.041256
775 0.298251 0.201360 0.018411 0.039850
187 0.301933 0.273558 0.036821 0.050164
465 0.297024 0.316925 0.022706 0.038444
971 0.300859 0.357712 0.030377 0.045007
18 0.298251 0.403422 0.027616 0.044538
775 0.295796 0.455696 0.027002 0.047820
8 0.295489 0.504923 0.027002 0.040319
235 0.295643 0.539381 0.028536 0.036099
519 0.292728 0.578997 0.030684 0.044069
164 0.295029 0.619550 0.026695 0.040788
69 0.295489 0.657290 0.025775 0.039381
513 0.293188 0.702532 0.029764 0.044538
794 0.294262 0.746601 0.022093 0.039850
370 0.294262 0.787623 0.023934 0.045945
1018 0.296103 0.838490 0.029457 0.041725
649 0.294722 0.881857 0.024241 0.045945
905 0.294262 0.926160 0.023934 0.040788
855 0.296103 0.961791 0.029457 0.029536
474 0.257748 0.115799 0.027616 0.038444
105 0.259435 0.154243 0.027309 0.038444
143 0.256981 0.199953 0.021172 0.044538
972 0.256520 0.242616 0.029457 0.039850
38 0.256367 0.281763 0.026695 0.037506
262 0.254219 0.324191 0.023013 0.041725
1067 0.254373 0.366151 0.023934 0.041256
91 0.255600 0.401078 0.024547 0.028598
245 0.254986 0.454290 0.028230 0.059072
722 0.253605 0.503751 0.029764 0.035162
640 0.253605 0.538209 0.030991 0.036568
697 0.255907 0.584388 0.033753 0.050164
129 0.254373 0.634552 0.030684 0.053915
958 0.253145 0.678856 0.025775 0.032818
778 0.254219 0.713549 0.030991 0.042194
62 0.252685 0.762072 0.026695 0.054852
786 0.251611 0.811064 0.035594 0.045945
546 0.251611 0.864744 0.022706 0.047351
721 0.250844 0.913268 0.032218 0.046882
441 0.252378 0.954290 0.032832 0.039850
651 0.251304 0.985935 0.029457 0.027192
14 0.214943 0.122597 0.021786 0.051102
603 0.213409 0.169714 0.025468 0.040319
105 0.215557 0.207689 0.023627 0.035631
351 0.215403 0.246835 0.023320 0.041725
270 0.217551 0.293718 0.026388 0.047351
129 0.217091 0.337787 0.024241 0.044538
68 0.215097 0.379044 0.025775 0.039850
430 0.216171 0.421003 0.027309 0.040319
105 0.215710 0.462025 0.034366 0.040788
369 0.213102 0.506095 0.032218 0.050164
526 0.213102 0.554383 0.027309 0.047351
380 0.215557 0.598453 0.029150 0.038912
281 0.216017 0.643929 0.027616 0.050164
603 0.217245 0.690811 0.025161 0.039850
944 0.217551 0.737693 0.029457 0.042663
344 0.217398 0.780825 0.028536 0.039850
1002 0.215097 0.832630 0.023320 0.054383
402 0.214943 0.886310 0.023627 0.044538
442 0.215097 0.931786 0.028843 0.039850
778 0.216017 0.974918 0.025161 0.042663
1029 0.172752 0.119316 0.027616 0.049226
603 0.174900 0.160103 0.027616 0.036099
436 0.173673 0.207923 0.023934 0.048289
64 0.174287 0.254805 0.030684 0.042663
474 0.175361 0.298172 0.033446 0.047820
64 0.175821 0.352789 0.031298 0.055790
1040 0.176128 0.401782 0.031912 0.040319
502 0.177202 0.453118 0.031605 0.050164
391 0.174440 0.498359 0.027309 0.045945
334 0.173826 0.541256 0.032218 0.042663
503 0.172752 0.586498 0.028230 0.048758
419 0.174287 0.634083 0.024547 0.047351
175 0.171985 0.679794 0.026082 0.045007
381 0.171218 0.730192 0.026388 0.047351
858 0.169377 0.774730 0.021479 0.045476
431 0.169531 0.825598 0.027923 0.049695
778 0.169531 0.879747 0.027923 0.050164
672 0.169377 0.926160 0.028843 0.037037
17 0.170758 0.966245 0.030377 0.043132
163 0.127340 0.120488 0.039276 0.056259
905 0.126419 0.174871 0.036821 0.055321
69 0.127800 0.227379 0.030377 0.044069
411 0.126879 0.276840 0.029764 0.043601
344 0.130715 0.325363 0.028843 0.040319
976 0.128414 0.369902 0.028536 0.046882
894 0.128260 0.418190 0.026388 0.047820
551 0.128260 0.463432 0.024547 0.037037
1080 0.127800 0.510549 0.027923 0.055321
755 0.128414 0.563994 0.021786 0.048758
893 0.127033 0.612986 0.027616 0.046414
755 0.128874 0.665260 0.027002 0.043132
381 0.129027 0.721519 0.023627 0.049695
402 0.126573 0.766526 0.026695 0.042194
749 0.124885 0.814112 0.025161 0.052039
404 0.125959 0.860525 0.030991 0.042663
344 0.124578 0.913971 0.031912 0.052039
894 0.126419 0.965073 0.032525 0.051102