91 0.834305 0.112986 0.024547 0.040319
450 0.833845 0.161744 0.020558 0.037506
366 0.834458 0.198312 0.018104 0.035631
507 0.833231 0.239334 0.026082 0.042663
749 0.834152 0.287857 0.029150 0.040319
224 0.835226 0.330052 0.027002 0.040319
1032 0.835686 0.376699 0.025468 0.045476
507 0.835226 0.421707 0.023320 0.048289
749 0.838141 0.468589 0.029150 0.036099
404 0.836146 0.514299 0.029457 0.040319
711 0.835686 0.561650 0.026082 0.042194
143 0.834152 0.605720 0.023627 0.047820
1034 0.834152 0.657993 0.029150 0.045476
334 0.832924 0.703938 0.021786 0.044538
589 0.833384 0.744257 0.026388 0.031411
129 0.833538 0.781294 0.025468 0.039850
1067 0.832311 0.823957 0.025468 0.047351
91 0.836453 0.871074 0.033139 0.045945
450 0.835072 0.918659 0.032832 0.042663
1018 0.833384 0.958275 0.030071 0.038444
778 0.787972 0.119316 0.030071 0.048289
845 0.787358 0.162213 0.028843 0.039381
711 0.786591 0.206048 0.034673 0.039850
325 0.785210 0.240272 0.020865 0.034224
1067 0.784290 0.275902 0.025161 0.039850
91 0.785364 0.322316 0.024854 0.044538
245 0.784290 0.362869 0.023320 0.040319
722 0.783829 0.408814 0.030991 0.045007
308 0.785824 0.493436 0.030684 0.039850
786 0.783216 0.535162 0.021786 0.036099
133 0.784443 0.583685 0.023627 0.045007
391 0.785517 0.627051 0.026388 0.044538
334 0.784443 0.674402 0.024241 0.036099
1077 0.785517 0.714252 0.033139 0.039850
53 0.785670 0.761838 0.035287 0.053446
756 0.784597 0.811767 0.031298 0.043601
749 0.785670 0.860759 0.021172 0.041256
367 0.786284 0.902954 0.024854 0.040319
1077 0.787512 0.951946 0.028536 0.052977
503 0.736882 0.116268 0.023013 0.047820
1072 0.739030 0.160806 0.023627 0.033755
1067 0.737496 0.195734 0.017490 0.030474
91 0.737496 0.234880 0.021786 0.043132
450 0.734581 0.281294 0.024547 0.043132
968 0.738724 0.331224 0.021786 0.048289
931 0.737189 0.382091 0.022400 0.043132
40 0.736576 0.423816 0.022400 0.044069
62 0.738570 0.464369 0.028843 0.041725
993 0.739184 0.503282 0.024547 0.035162
18 0.741639 0.551102 0.031298 0.047351
880 0.739644 0.594937 0.024241 0.041256
971 0.738110 0.631505 0.018717 0.033755
96 0.739337 0.670652 0.026695 0.045476
383 0.740104 0.716831 0.031912 0.043132
109 0.739030 0.764651 0.028536 0.048758
1034 0.739644 0.808486 0.023627 0.037037
474 0.739030 0.852321 0.030991 0.040319
1067 0.740258 0.898265 0.031605 0.049695
91 0.740104 0.951477 0.029457 0.047351
450 0.698987 0.113221 0.027616 0.036099
143 0.696226 0.159400 0.026388 0.041256
419 0.695305 0.195499 0.025161 0.030005
404 0.694998 0.234880 0.023934 0.043132
934 0.698987 0.275434 0.031912 0.040788
148 0.694998 0.326535 0.023320 0.051102
1018 0.695919 0.375059 0.019638 0.040319
720 0.697300 0.456399 0.026695 0.041725
727 0.696533 0.470464 0.025161 0.035162
69 0.696072 0.512424 0.021786 0.045007
546 0.696226 0.556493 0.019024 0.032818
344 0.697607 0.642053 0.023013 0.046414
683 0.698067 0.691749 0.028843 0.042663
716 0.698681 0.738397 0.020865 0.044069
778 0.699448 0.790202 0.021786 0.042663
69 0.700675 0.827004 0.028536 0.031880
1032 0.700061 0.875996 0.032218 0.053915
811 0.698374 0.926395 0.025161 0.042194
148 0.658331 0.125879 0.021786 0.049226
995 0.656950 0.166901 0.019638 0.029067
608 0.657103 0.202532 0.019331 0.039381
905 0.658331 0.245663 0.027923 0.037506
474 0.657103 0.282466 0.021786 0.032349
872 0.659558 0.325363 0.034060 0.045945
172 0.658484 0.372480 0.022093 0.037037
142 0.658638 0.451242 0.016263 0.035162
1080 0.657410 0.495546 0.021786 0.045945
456 0.657257 0.543601 0.020252 0.043601
253 0.657717 0.589545 0.023627 0.044538
905 0.658944 0.635959 0.024241 0.047351
94 0.661246 0.681903 0.028230 0.043601
778 0.661092 0.723863 0.019331 0.039381
880 0.664774 0.770042 0.022400 0.037037
958 0.662473 0.812236 0.022706 0.034224
69 0.660786 0.846929 0.019331 0.034224
391 0.661399 0.882794 0.022400 0.033755
334 0.661553 0.923113 0.024547 0.039381
1077 0.665235 0.964135 0.025161 0.037975
1032 0.640380 0.640178 0.059527 0.043601
366 0.617828 0.130333 0.025468 0.045007
1039 0.617674 0.165495 0.022093 0.031880
474 0.618595 0.205110 0.020252 0.038912
415 0.619822 0.251055 0.027002 0.045476
764 0.618441 0.298875 0.021786 0.040788
1010 0.618288 0.342710 0.022706 0.036568
931 0.618748 0.382560 0.021172 0.034693
40 0.617367 0.420769 0.023320 0.035162
391 0.617367 0.460619 0.022093 0.039850
334 0.620282 0.505391 0.020558 0.039381
1077 0.620282 0.549461 0.020558 0.042194
1080 0.619822 0.596578 0.020865 0.042663
610 0.620129 0.644398 0.020865 0.043601
1049 0.620282 0.691514 0.019945 0.032818
555 0.623811 0.729958 0.022093 0.041256
1067 0.623044 0.780825 0.018717 0.041725
91 0.625345 0.829817 0.019638 0.041256
450 0.625652 0.868026 0.020252 0.031411
147 0.623351 0.909048 0.023013 0.031880
40 0.581313 0.130333 0.020558 0.037506
934 0.583461 0.210502 0.024241 0.040319
148 0.584228 0.252227 0.025775 0.045007
1018 0.583001 0.296296 0.023934 0.037506
644 0.583461 0.417722 0.021786 0.036568
69 0.582847 0.459916 0.021786 0.043132
672 0.583154 0.503282 0.024854 0.040788
778 0.587297 0.544069 0.031912 0.040788
880 0.586376 0.591421 0.025775 0.043601
105 0.584995 0.637131 0.021172 0.044069
191 0.586683 0.680966 0.022706 0.038912
164 0.586836 0.724098 0.018717 0.034224
711 0.589445 0.806845 0.023320 0.038444
325 0.590825 0.886779 0.022400 0.037975
1 0.590825 0.928036 0.020558 0.030474
143 0.550322 0.139944 0.027309 0.040788
634 0.548635 0.181200 0.017797 0.031411
320 0.549708 0.219878 0.016263 0.034693
341 0.550015 0.258322 0.019331 0.039381
187 0.549708 0.293015 0.019945 0.028129
183 0.550782 0.326770 0.019024 0.037506
715 0.551856 0.364979 0.022400 0.037975
0 0.551396 0.409986 0.018411 0.042663
1067 0.551703 0.493202 0.017797 0.037506
775 0.554158 0.532818 0.024547 0.037975
635 0.553237 0.574308 0.018411 0.035631
635 0.553391 0.616268 0.016876 0.039850
594 0.553851 0.658931 0.019024 0.035162
69 0.554158 0.695734 0.018411 0.031880
474 0.558914 0.737693 0.024854 0.036099
164 0.559681 0.832630 0.016569 0.035631
539 0.520558 0.144866 0.018104 0.044069
69 0.520558 0.195030 0.017490 0.037506
775 0.520712 0.232068 0.017797 0.032818
340 0.520712 0.265354 0.016569 0.030005
234 0.520712 0.299812 0.019024 0.033286
682 0.521479 0.347867 0.018104 0.040319
236 0.521479 0.391702 0.017490 0.036099
58 0.523627 0.435537 0.015649 0.029067
879 0.525008 0.474684 0.014728 0.040788
390 0.526695 0.553446 0.015035 0.023910
58 0.527769 0.593765 0.015956 0.037037
148 0.529150 0.679090 0.016263 0.030474
164 0.530838 0.717065 0.021479 0.035162
148 0.530531 0.759728 0.019638 0.037975
1067 0.531912 0.804970 0.019945 0.040319
91 0.531298 0.848336 0.015035 0.034224
450 0.450598 0.141819 0.019331 0.041725
639 0.452593 0.231364 0.022706 0.045476
1002 0.453974 0.275668 0.019945 0.034693
507 0.452746 0.366385 0.021786 0.049226
749 0.451519 0.410689 0.018104 0.035631
220 0.452593 0.454993 0.020252 0.037975
364 0.450598 0.490858 0.016263 0.031880
764 0.450292 0.559541 0.015649 0.029536
317 0.451059 0.656353 0.021479 0.042194
148 0.449678 0.698781 0.018717 0.037037
164 0.448911 0.741913 0.023320 0.034224
69 0.448450 0.781294 0.020558 0.043601
380 0.448144 0.828880 0.019331 0.035631
811 0.448297 0.866854 0.017797 0.032818
1034 0.448297 0.908814 0.020252 0.050164
796 0.419300 0.130567 0.019331 0.037037
513 0.422215 0.173933 0.022706 0.042194
541 0.421141 0.218472 0.022400 0.038444
513 0.420681 0.252696 0.020252 0.023441
315 0.418380 0.289967 0.019945 0.037975
148 0.419914 0.338725 0.027923 0.046414
164 0.417306 0.385842 0.019638 0.043132
69 0.415618 0.437412 0.027923 0.042194
775 0.415618 0.484763 0.019945 0.042194
340 0.413931 0.531177 0.024547 0.041256
234 0.418380 0.573605 0.026082 0.038912
682 0.416385 0.613690 0.019638 0.036568
236 0.418687 0.658462 0.023627 0.039850
1032 0.417613 0.699484 0.023320 0.037506
507 0.415005 0.740038 0.017490 0.038912
749 0.415772 0.781763 0.023320 0.032349
404 0.411936 0.829583 0.024854 0.040788
148 0.415158 0.871308 0.022093 0.038912
164 0.412857 0.911627 0.020558 0.029536
69 0.413777 0.940459 0.015649 0.025316
513 0.381559 0.126582 0.022400 0.043132
391 0.383553 0.171824 0.020252 0.038912
334 0.383093 0.209095 0.019331 0.039381
594 0.382479 0.299109 0.019331 0.040319
1080 0.384167 0.342007 0.025161 0.039850
456 0.381712 0.383263 0.023934 0.042663
253 0.378490 0.428739 0.026695 0.046414
905 0.380178 0.477496 0.029457 0.042663
69 0.377877 0.522504 0.026695 0.041725
1032 0.377723 0.569151 0.019638 0.045945
366 0.377263 0.613924 0.024241 0.038912
474 0.376036 0.656118 0.020558 0.037037
415 0.377877 0.701828 0.020558 0.040319
764 0.377723 0.741678 0.019024 0.036568
1010 0.379104 0.779887 0.021786 0.039850
711 0.377877 0.834037 0.021172 0.044069
631 0.378951 0.878575 0.023320 0.037506
1 0.377110 0.920534 0.022093 0.038912
105 0.359773 0.605954 0.057380 0.035162
143 0.349033 0.124473 0.027309 0.045476
1075 0.346425 0.176512 0.020252 0.047351
641 0.345198 0.220347 0.022706 0.038444
341 0.346118 0.233943 0.023320 0.035631
187 0.345812 0.261135 0.023320 0.028129
1077 0.343971 0.300047 0.024547 0.039381
474 0.343817 0.343647 0.023013 0.042194
344 0.343510 0.429911 0.020558 0.027192
109 0.343050 0.449836 0.024547 0.047351
145 0.342897 0.496953 0.022400 0.035631
482 0.342743 0.535631 0.021479 0.033286
570 0.344277 0.601735 0.029457 0.030474
1004 0.341823 0.643460 0.024547 0.037975
778 0.343817 0.695265 0.034673 0.049695
605 0.341209 0.775668 0.022706 0.032349
450 0.343510 0.820441 0.032832 0.046882
388 0.341056 0.905532 0.024241 0.041725
915 0.340442 0.948429 0.022400 0.038444
187 0.307303 0.114627 0.024241 0.031411
513 0.306996 0.159869 0.020558 0.049695
450 0.305308 0.215424 0.020865 0.044538
69 0.303314 0.259259 0.022400 0.045007
456 0.305615 0.308017 0.035594 0.047820
253 0.303774 0.367792 0.032525 0.048289
905 0.303007 0.419597 0.026082 0.047820
541 0.302393 0.465776 0.027309 0.039850
711 0.301933 0.510314 0.032525 0.045476
431 0.304388 0.553680 0.029457 0.042194
539 0.303621 0.602203 0.023013 0.037037
607 0.305922 0.650258 0.023934 0.044069
1003 0.304541 0.699250 0.025468 0.043601
388 0.304234 0.746601 0.023627 0.041725
915 0.303467 0.789264 0.022706 0.042663
187 0.300245 0.838959 0.027923 0.048289
1077 0.302700 0.888186 0.024241 0.039850
69 0.303007 0.934599 0.025468 0.039850
607 0.301473 0.973277 0.026695 0.035631
391 0.263118 0.115799 0.023627 0.043132
334 0.260970 0.161510 0.029764 0.051102
594 0.262657 0.213080 0.044185 0.046414
1080 0.264038 0.233240 0.035901 0.073605
610 0.265112 0.255509 0.030684 0.034693
253 0.263118 0.294421 0.032218 0.047820
905 0.263424 0.343647 0.030991 0.043132
503 0.264191 0.393108 0.034366 0.046414
994 0.261430 0.435537 0.031912 0.040319
1 0.261737 0.478669 0.024547 0.042194
472 0.262197 0.521566 0.029150 0.037975
539 0.260356 0.561650 0.024241 0.039381
69 0.262197 0.607595 0.025468 0.045945
391 0.264345 0.653540 0.028536 0.042194
334 0.264345 0.700188 0.024854 0.048289
594 0.264498 0.780122 0.025775 0.040319
778 0.263885 0.819269 0.027002 0.037975
1032 0.261583 0.865448 0.024854 0.042194
577 0.261890 0.906704 0.024854 0.035631
941 0.263731 0.946554 0.032218 0.040319
539 0.260509 0.979606 0.025161 0.031411
513 0.217091 0.113690 0.021786 0.043601
262 0.218319 0.162447 0.026082 0.045476
411 0.216324 0.209095 0.025775 0.045007
503 0.217858 0.289967 0.020252 0.035162
994 0.217858 0.338022 0.025161 0.046882
472 0.214483 0.388889 0.034366 0.048289
958 0.218012 0.433896 0.026082 0.043601
749 0.217705 0.480075 0.024854 0.047820
270 0.220006 0.526020 0.030071 0.045007
105 0.217551 0.573605 0.028230 0.045476
624 0.217091 0.619081 0.026082 0.043601
721 0.217245 0.711674 0.026388 0.044069
389 0.218625 0.754571 0.026082 0.041725
541 0.220773 0.793718 0.032218 0.034693
1077 0.218012 0.835912 0.023627 0.043132
651 0.219546 0.878106 0.023627 0.036568
1080 0.218779 0.914205 0.027002 0.031880
143 0.217705 0.950539 0.026082 0.037975
622 0.220620 0.978200 0.024547 0.028598
587 0.177508 0.109705 0.032218 0.035631
1072 0.173059 0.151899 0.026388 0.045007
1067 0.170604 0.192452 0.029457 0.037037
91 0.171525 0.233005 0.026388 0.044069
450 0.173059 0.281060 0.026388 0.042663
178 0.173059 0.327942 0.024547 0.039850
709 0.171678 0.369198 0.027309 0.043601
178 0.171065 0.414440 0.023013 0.042194
855 0.172446 0.452649 0.017183 0.034224
69 0.172292 0.464369 0.023013 0.051102
481 0.171832 0.491796 0.025775 0.041256
109 0.172139 0.532583 0.027002 0.045007
313 0.173826 0.582747 0.025468 0.047820
523 0.173980 0.627051 0.029457 0.041725
751 0.173519 0.673230 0.023627 0.047820
431 0.175207 0.723160 0.031912 0.044538
550 0.173059 0.766057 0.028230 0.043132
697 0.172752 0.933193 0.025161 0.031411
964 0.172139 0.970933 0.028230 0.038444
880 0.123351 0.118612 0.030071 0.051571
313 0.125038 0.166901 0.030377 0.045945
523 0.123504 0.211439 0.023627 0.041256
1018 0.124578 0.259962 0.025775 0.050164
602 0.127033 0.309423 0.028843 0.045007
577 0.123964 0.352789 0.025161 0.037975
571 0.127340 0.391702 0.025161 0.036099
775 0.127186 0.440459 0.025468 0.044538
1067 0.127340 0.481716 0.025775 0.034224
91 0.128107 0.518753 0.024241 0.037037
245 0.127800 0.562822 0.021786 0.042663
722 0.128567 0.605485 0.021479 0.030474
560 0.128567 0.640413 0.019638 0.034693
474 0.127493 0.679090 0.025468 0.041725
880 0.128567 0.724566 0.031298 0.041725
431 0.126419 0.767464 0.026388 0.037506
1048 0.124578 0.940225 0.030684 0.045476
69 0.124578 0.976090 0.027002 0.028129