245 0.795950 0.114862 0.022706 0.038444
722 0.796563 0.160338 0.030684 0.040319
640 0.794415 0.202532 0.023320 0.039381
697 0.797791 0.248476 0.027616 0.046882
7 0.795796 0.291374 0.019945 0.033286
541 0.795183 0.333568 0.021786 0.040788
594 0.794109 0.371777 0.020252 0.033755
402 0.794569 0.407173 0.019331 0.033286
749 0.794415 0.446085 0.018411 0.043601
595 0.795029 0.492733 0.020865 0.033755
778 0.797024 0.538444 0.018717 0.037975
7 0.798404 0.584388 0.019024 0.042663
143 0.799018 0.624004 0.017797 0.032818
994 0.799478 0.666198 0.022400 0.043132
587 0.800399 0.716128 0.019945 0.037037
1046 0.799939 0.749414 0.017797 0.026723
158 0.800245 0.788092 0.021479 0.040319
706 0.801780 0.824895 0.025161 0.027661
442 0.800706 0.862166 0.020558 0.037506
1067 0.802393 0.897562 0.023320 0.035162
91 0.747008 0.115096 0.021786 0.037037
62 0.746395 0.152602 0.023013 0.037037
541 0.747008 0.191983 0.024854 0.043601
711 0.747162 0.237225 0.024547 0.045945
344 0.749310 0.292780 0.020865 0.034224
7 0.746548 0.335677 0.022706 0.045007
402 0.748389 0.380919 0.019638 0.031411
442 0.748236 0.427567 0.019945 0.041256
595 0.750077 0.473746 0.020558 0.037975
778 0.753299 0.524144 0.021479 0.035631
7 0.750997 0.564463 0.021786 0.038444
651 0.752685 0.624004 0.021479 0.042194
587 0.755446 0.666198 0.025161 0.032818
749 0.752225 0.704173 0.017490 0.029067
786 0.752071 0.737928 0.016569 0.034693
356 0.752992 0.779653 0.021479 0.029067
754 0.751918 0.818331 0.020558 0.034224
1018 0.757594 0.860994 0.024547 0.042663
905 0.757288 0.907876 0.027002 0.050164
764 0.757748 0.952180 0.021786 0.039381
317 0.707579 0.297000 0.020252 0.045476
289 0.711721 0.340600 0.024854 0.038912
0 0.710647 0.385138 0.022093 0.048289
980 0.710494 0.439522 0.023013 0.042663
401 0.711261 0.490389 0.017797 0.039381
749 0.714176 0.534693 0.021786 0.041725
499 0.715250 0.579700 0.022706 0.035162
568 0.714330 0.619316 0.018411 0.034693
91 0.714636 0.661275 0.018411 0.043601
143 0.716631 0.705345 0.021786 0.038912
641 0.715710 0.745663 0.027923 0.037037
934 0.716784 0.778247 0.023320 0.030005
69 0.717398 0.843413 0.020252 0.035631
751 0.717091 0.878809 0.019024 0.037037
1032 0.716017 0.905063 0.016263 0.019222
723 0.716324 0.930849 0.016876 0.037975
1067 0.668150 0.121660 0.019331 0.037037
91 0.668457 0.166901 0.024241 0.040319
450 0.667996 0.210502 0.020252 0.040319
981 0.667996 0.257150 0.025161 0.047351
751 0.666922 0.304970 0.022400 0.041725
401 0.669377 0.343647 0.019945 0.029067
208 0.670758 0.381388 0.025161 0.045476
594 0.669684 0.426160 0.023013 0.037506
971 0.670298 0.473746 0.021786 0.044538
1067 0.669991 0.519691 0.021172 0.042663
91 0.671218 0.567511 0.016876 0.037975
450 0.670451 0.604079 0.015956 0.031411
226 0.670758 0.639475 0.022706 0.036568
602 0.674900 0.681903 0.019945 0.041725
450 0.673673 0.723394 0.021172 0.033755
64 0.673826 0.761838 0.020865 0.031880
751 0.675054 0.803797 0.022706 0.042663
1038 0.673826 0.858650 0.018411 0.042663
117 0.675054 0.903657 0.019638 0.031411
751 0.675821 0.942100 0.015035 0.029536
148 0.677508 0.975621 0.016569 0.027192
470 0.628720 0.127989 0.022093 0.046882
940 0.629794 0.173699 0.021786 0.041725
1048 0.630562 0.215424 0.023320 0.038912
592 0.629488 0.254805 0.022400 0.039850
751 0.632249 0.295124 0.030377 0.037975
711 0.630868 0.334271 0.022093 0.029067
514 0.630101 0.369433 0.021786 0.031880
226 0.633170 0.409283 0.021786 0.034693
602 0.633630 0.445617 0.020252 0.034224
751 0.633630 0.481950 0.018411 0.036568
143 0.633016 0.524144 0.020865 0.035631
838 0.632403 0.564229 0.022093 0.037037
360 0.636238 0.608767 0.030991 0.041725
261 0.634857 0.653071 0.025775 0.039381
450 0.633937 0.693155 0.021479 0.030474
474 0.636852 0.732302 0.019945 0.042194
1000 0.635624 0.778715 0.016876 0.040319
751 0.636852 0.824426 0.019331 0.040788
415 0.639000 0.873418 0.018104 0.040319
450 0.638846 0.909752 0.019024 0.028598
69 0.638846 0.951008 0.019638 0.042663
109 0.590825 0.253868 0.018717 0.030474
507 0.591593 0.286920 0.014728 0.030005
749 0.592513 0.326067 0.020865 0.044538
709 0.592973 0.366385 0.023013 0.031411
855 0.595428 0.406001 0.023627 0.040319
924 0.595275 0.442100 0.020865 0.028129
943 0.596502 0.481013 0.028230 0.043132
934 0.597116 0.527192 0.019638 0.038912
389 0.598343 0.574074 0.023934 0.037037
55 0.597116 0.611346 0.020865 0.031880
751 0.600338 0.644632 0.026695 0.034693
143 0.598957 0.682841 0.019638 0.042663
446 0.598190 0.736053 0.018717 0.037506
148 0.597116 0.774496 0.015956 0.037506
1067 0.600798 0.828411 0.016569 0.041256
91 0.602332 0.956165 0.019024 0.034224
450 0.554004 0.132208 0.020558 0.035631
778 0.554618 0.172996 0.018104 0.031880
129 0.554618 0.184013 0.017490 0.027661
1067 0.555539 0.217065 0.021172 0.029067
91 0.555692 0.254805 0.018411 0.037975
450 0.555385 0.293483 0.022093 0.036568
963 0.555845 0.334037 0.018717 0.032349
799 0.555692 0.372246 0.015956 0.032818
402 0.555999 0.406470 0.015342 0.029067
546 0.556919 0.443507 0.019024 0.043132
211 0.558147 0.488514 0.019638 0.032818
221 0.559527 0.525551 0.019945 0.031880
394 0.559681 0.560244 0.015342 0.027192
481 0.560601 0.596109 0.015956 0.033286
109 0.560755 0.634552 0.020558 0.037975
107 0.561215 0.683075 0.019638 0.032818
100 0.561369 0.721519 0.023013 0.030005
325 0.562289 0.751758 0.019331 0.023910
477 0.562136 0.785982 0.021479 0.038912
481 0.564590 0.829817 0.025161 0.033755
673 0.563056 0.868026 0.026388 0.033286
930 0.562136 0.908579 0.019638 0.040319
751 0.520252 0.137834 0.018104 0.034693
474 0.519331 0.181200 0.019331 0.043601
516 0.519945 0.225270 0.017490 0.031411
1031 0.523934 0.267464 0.026695 0.048289
69 0.520098 0.314112 0.020865 0.033755
764 0.521326 0.391467 0.022093 0.037506
317 0.520558 0.434365 0.021172 0.042663
1032 0.524394 0.474449 0.020865 0.031880
415 0.523780 0.524848 0.020865 0.036099
764 0.525315 0.567276 0.016569 0.042194
1010 0.525161 0.612752 0.019331 0.040319
721 0.527769 0.659165 0.026388 0.040319
389 0.526388 0.698312 0.024241 0.034224
1067 0.526082 0.728786 0.018717 0.028598
91 0.527309 0.766292 0.020558 0.037037
245 0.527923 0.807548 0.026082 0.041725
722 0.490334 0.151664 0.020865 0.041725
791 0.489874 0.195265 0.016263 0.029536
751 0.491408 0.264182 0.025468 0.035162
983 0.489721 0.303094 0.022093 0.040788
747 0.490488 0.346460 0.021786 0.035631
474 0.489874 0.385373 0.018717 0.031880
473 0.490795 0.427332 0.021172 0.040788
430 0.490334 0.469761 0.018411 0.030942
1031 0.493403 0.505391 0.025161 0.037506
415 0.495551 0.548758 0.028230 0.042663
764 0.493710 0.594233 0.017797 0.041725
1010 0.496011 0.678856 0.023013 0.037506
778 0.496625 0.718003 0.023627 0.036099
830 0.496011 0.759025 0.018717 0.043132
641 0.496471 0.802391 0.018411 0.034224
808 0.497545 0.842475 0.019331 0.042194
477 0.499233 0.920066 0.018411 0.042663
481 0.403038 0.132443 0.018104 0.032349
1048 0.405186 0.213315 0.018717 0.033755
829 0.403651 0.253868 0.017490 0.037975
69 0.403498 0.292780 0.019638 0.040788
751 0.403958 0.329817 0.019945 0.028598
109 0.406413 0.370136 0.022400 0.035162
69 0.406106 0.413268 0.023013 0.045476
494 0.406720 0.458040 0.019945 0.035631
747 0.407947 0.540319 0.022400 0.037975
391 0.406566 0.633380 0.019638 0.033755
334 0.406720 0.675809 0.024854 0.051102
148 0.406413 0.726676 0.024241 0.042194
366 0.407027 0.770511 0.017490 0.032349
507 0.408714 0.810361 0.021479 0.037037
98 0.408868 0.857947 0.021786 0.045945
457 0.407027 0.909517 0.019945 0.040319
672 0.388156 0.680028 0.060755 0.045476
431 0.366984 0.133146 0.020865 0.052508
1032 0.369592 0.155180 0.017490 0.023441
727 0.369745 0.192921 0.022093 0.040788
408 0.365756 0.239569 0.028230 0.046882
14 0.367904 0.287389 0.023934 0.040319
567 0.364682 0.330755 0.024854 0.037037
441 0.368211 0.382091 0.020865 0.043132
474 0.366830 0.428036 0.021172 0.045007
402 0.370206 0.515237 0.022400 0.035631
507 0.369592 0.555556 0.024241 0.036568
749 0.369132 0.595874 0.022093 0.036568
404 0.370052 0.636896 0.028230 0.042663
1077 0.370052 0.683310 0.020865 0.049226
401 0.369899 0.735584 0.030991 0.046882
749 0.371280 0.778247 0.027616 0.029067
751 0.370666 0.815752 0.021479 0.041256
651 0.371126 0.859353 0.019945 0.046882
723 0.372047 0.905298 0.020558 0.029067
474 0.372660 0.944444 0.020558 0.039850
811 0.326327 0.126582 0.026082 0.046882
794 0.328475 0.175105 0.023013 0.040788
402 0.326481 0.224801 0.023320 0.043601
442 0.328475 0.270511 0.022400 0.040319
629 0.331083 0.284576 0.025161 0.032818
484 0.331083 0.331224 0.030071 0.050164
163 0.328168 0.379044 0.026082 0.041725
991 0.329856 0.418659 0.026388 0.031880
809 0.329242 0.529536 0.031912 0.040788
0 0.330623 0.574777 0.030377 0.043132
577 0.331543 0.619316 0.025468 0.040319
135 0.330316 0.664791 0.026695 0.041256
22 0.328782 0.708158 0.025468 0.043601
849 0.329549 0.751524 0.023934 0.033755
474 0.329242 0.841538 0.023320 0.044069
605 0.331390 0.885373 0.027616 0.038912
450 0.332464 0.926395 0.023627 0.034693
1067 0.332464 0.961088 0.024241 0.030942
91 0.285057 0.119550 0.021479 0.045945
245 0.285210 0.163854 0.017490 0.034224
722 0.285670 0.199484 0.017183 0.034224
1018 0.287205 0.235818 0.024547 0.038444
830 0.289659 0.276840 0.032525 0.043601
971 0.288892 0.318800 0.023013 0.035631
778 0.286744 0.409048 0.024241 0.043601
991 0.287512 0.456399 0.024547 0.047351
809 0.290120 0.505626 0.026695 0.042663
0 0.289046 0.548758 0.026388 0.041725
1077 0.288739 0.586967 0.022706 0.035631
481 0.291347 0.625410 0.027309 0.026254
796 0.289813 0.707454 0.026695 0.039381
1067 0.289046 0.748711 0.027002 0.045007
91 0.293495 0.798640 0.032832 0.047351
245 0.289966 0.840600 0.022093 0.032818
722 0.290120 0.874590 0.016876 0.030474
148 0.291194 0.909517 0.026388 0.036568
691 0.294569 0.948664 0.033139 0.037037
829 0.293495 0.972339 0.029150 0.049695
79 0.291807 0.983357 0.023320 0.030474
58 0.243173 0.115799 0.024854 0.041256
390 0.242866 0.156587 0.023627 0.038444
734 0.245014 0.198781 0.023627 0.047820
393 0.245474 0.253868 0.033139 0.051102
602 0.242099 0.302157 0.025775 0.040788
477 0.245781 0.350914 0.030071 0.044538
775 0.247315 0.398265 0.034980 0.044538
1067 0.246395 0.445382 0.027002 0.045945
91 0.245627 0.493905 0.023627 0.042663
245 0.246855 0.533052 0.021172 0.034693
722 0.245934 0.569386 0.019331 0.033286
421 0.248389 0.601969 0.018717 0.028129
288 0.251458 0.633380 0.029150 0.033755
610 0.252992 0.674871 0.031605 0.041725
577 0.248849 0.719175 0.023320 0.047820
1080 0.249003 0.759025 0.025468 0.031880
836 0.249923 0.838959 0.023013 0.033286
450 0.252531 0.872949 0.028230 0.033755
925 0.253759 0.916315 0.034366 0.050164
105 0.199294 0.114393 0.019331 0.037506
766 0.199755 0.200188 0.023934 0.036568
749 0.200061 0.241210 0.022093 0.047351
270 0.202363 0.285279 0.029150 0.027661
744 0.201289 0.320441 0.025161 0.039850
641 0.202209 0.368261 0.022706 0.039850
897 0.200215 0.419597 0.022400 0.048758
709 0.201135 0.473277 0.022400 0.039850
855 0.202056 0.509611 0.016876 0.038444
924 0.202976 0.526254 0.016876 0.031411
943 0.203130 0.572902 0.020865 0.044069
934 0.207886 0.624941 0.032218 0.046882
148 0.207272 0.674402 0.026695 0.045476
721 0.207579 0.723160 0.021786 0.048289
389 0.208806 0.765120 0.027923 0.030942
1067 0.208653 0.803329 0.025775 0.039850
91 0.208960 0.850445 0.018411 0.037506
245 0.209267 0.893108 0.015956 0.030942
722 0.209267 0.928504 0.024547 0.035162
105 0.158944 0.114627 0.025775 0.037975
143 0.160939 0.159869 0.029764 0.045007
1048 0.160632 0.211674 0.027309 0.048289
450 0.160786 0.256915 0.022706 0.039381
1080 0.160786 0.303094 0.025161 0.043601
610 0.161859 0.347867 0.029764 0.043132
19 0.163701 0.394515 0.029764 0.040788
1059 0.162627 0.435771 0.025775 0.037037
1016 0.161399 0.486170 0.027616 0.053446
925 0.163240 0.541491 0.027616 0.052508
1080 0.163854 0.597984 0.030071 0.051102
836 0.163087 0.647679 0.026082 0.048289
450 0.167843 0.695734 0.030071 0.041256
925 0.166616 0.743788 0.030684 0.047351
1080 0.166462 0.800281 0.023013 0.055321
207 0.165388 0.853962 0.024547 0.041725
19 0.168457 0.938819 0.023934 0.045476
1059 0.168303 0.979372 0.027923 0.034693
288 0.110770 0.172996 0.030071 0.037506
610 0.112458 0.216596 0.025468 0.038444
931 0.110617 0.259259 0.027309 0.045945
40 0.112611 0.307548 0.023320 0.044069
143 0.111998 0.352321 0.025161 0.044538
470 0.111691 0.397797 0.024547 0.044538
926 0.111384 0.443741 0.020865 0.030474
158 0.115680 0.488045 0.027002 0.045007
148 0.114606 0.532114 0.024241 0.041256
402 0.119362 0.577825 0.032525 0.043601
442 0.116907 0.623535 0.030071 0.038444
513 0.116140 0.672996 0.037742 0.047351
848 0.121356 0.733240 0.032832 0.058134
1077 0.121049 0.796296 0.027309 0.036099
1080 0.120282 0.842475 0.022706 0.044069
470 0.120743 0.887482 0.017490 0.034693
143 0.121510 0.924051 0.023320 0.037506
1067 0.121663 0.969058 0.022400 0.041256
91 0.068272 0.198781 0.020558 0.036568
245 0.071801 0.243788 0.028843 0.046882
722 0.068579 0.288092 0.019945 0.041725
925 0.070727 0.307079 0.021786 0.031880
836 0.072415 0.340366 0.027616 0.035631
450 0.072261 0.380684 0.026082 0.045007
925 0.070881 0.424988 0.021479 0.039850
1080 0.070420 0.482654 0.019945 0.041725
38 0.073029 0.525551 0.025775 0.039381
566 0.072568 0.571261 0.022400 0.038912
610 0.075483 0.618143 0.027616 0.042663
1077 0.075176 0.666198 0.024547 0.037506
930 0.079012 0.703235 0.032218 0.028129
1067 0.075176 0.740975 0.020865 0.042663
91 0.076404 0.785045 0.018411 0.032349
245 0.075790 0.824895 0.018411 0.032349
722 0.077017 0.861228 0.030684 0.040319
148 0.074409 0.945382 0.019331 0.034224
401 0.074563 0.982654 0.022093 0.030005