595 0.843510 0.145804 0.023934 0.041256
944 0.845044 0.192452 0.025161 0.044538
749 0.844738 0.241444 0.020865 0.050633
956 0.842897 0.291374 0.027002 0.039850
442 0.845351 0.334740 0.030684 0.035631
993 0.843510 0.383029 0.029457 0.044069
775 0.843664 0.434130 0.021172 0.048758
2 0.844891 0.485232 0.027923 0.044069
879 0.848420 0.538912 0.030071 0.046414
590 0.847346 0.589311 0.025468 0.041256
991 0.847192 0.639475 0.025775 0.044069
971 0.848727 0.687295 0.030684 0.046882
288 0.845351 0.737693 0.025161 0.041725
148 0.844738 0.780591 0.023934 0.044069
565 0.843817 0.820910 0.028230 0.028129
1046 0.844277 0.862635 0.027923 0.046882
541 0.844277 0.907407 0.021786 0.029536
442 0.843817 0.947961 0.020865 0.042194
1002 0.844431 0.983591 0.021479 0.028129
737 0.797791 0.090483 0.027616 0.046882
836 0.796870 0.137131 0.020252 0.034224
704 0.798865 0.179325 0.023627 0.042663
721 0.799018 0.225973 0.027616 0.036568
389 0.799325 0.269339 0.025161 0.041725
1002 0.798404 0.309423 0.034980 0.035631
956 0.801473 0.357243 0.035594 0.052508
442 0.800859 0.407876 0.034980 0.047820
513 0.799785 0.451711 0.030991 0.037037
546 0.800552 0.493202 0.023320 0.042194
105 0.795950 0.541022 0.034366 0.044069
1002 0.799939 0.590248 0.029457 0.044069
997 0.800245 0.636896 0.024547 0.039850
344 0.798251 0.680966 0.026695 0.039850
142 0.799172 0.724801 0.031605 0.038444
1002 0.797637 0.770980 0.034673 0.049226
51 0.799018 0.822785 0.023934 0.046882
111 0.798098 0.865682 0.025775 0.036099
858 0.801013 0.913268 0.024854 0.041256
450 0.799172 0.955227 0.019945 0.041725
602 0.798711 0.988279 0.021479 0.023441
603 0.753145 0.093530 0.023627 0.044538
746 0.754066 0.137600 0.023627 0.040788
439 0.755293 0.187295 0.026082 0.044538
530 0.756367 0.231130 0.027002 0.035631
401 0.756674 0.271214 0.022706 0.037975
325 0.754986 0.318097 0.022400 0.044538
1063 0.755293 0.367323 0.032218 0.044538
733 0.757134 0.410220 0.026082 0.038444
488 0.758822 0.448195 0.033139 0.036568
247 0.756981 0.547351 0.022706 0.045476
439 0.756520 0.597984 0.019331 0.040788
38 0.755600 0.637600 0.026082 0.034693
262 0.759896 0.682372 0.032832 0.045476
791 0.760356 0.722691 0.028843 0.034224
513 0.757134 0.764651 0.021172 0.047820
135 0.756214 0.825129 0.030991 0.046882
733 0.756367 0.875996 0.024547 0.044538
706 0.756214 0.926160 0.021172 0.037975
963 0.756981 0.973511 0.027616 0.045476
148 0.716631 0.099156 0.023627 0.044538
526 0.717858 0.144398 0.021172 0.040319
814 0.716784 0.189405 0.023934 0.045007
288 0.716171 0.236521 0.024547 0.041725
438 0.712028 0.278012 0.027309 0.040319
697 0.714483 0.316221 0.023013 0.038912
1015 0.714330 0.366151 0.025161 0.055321
603 0.714943 0.414909 0.021479 0.033755
778 0.719086 0.462260 0.029764 0.052508
513 0.716324 0.514065 0.024854 0.041725
546 0.718472 0.559541 0.024854 0.043601
105 0.718319 0.607829 0.021479 0.048289
143 0.720927 0.649320 0.026695 0.032818
956 0.719086 0.691280 0.028536 0.041725
442 0.722614 0.742850 0.030684 0.043601
393 0.719239 0.788795 0.025161 0.041725
107 0.721387 0.834505 0.027002 0.038444
909 0.720620 0.876231 0.023627 0.037506
778 0.717858 0.920534 0.026695 0.041725
35 0.720927 0.960384 0.024854 0.038912
603 0.721080 0.988514 0.022093 0.022972
791 0.674287 0.093765 0.021786 0.037506
402 0.673980 0.135724 0.023013 0.036099
941 0.676741 0.175574 0.024854 0.035162
778 0.677662 0.220581 0.030991 0.044538
497 0.676588 0.267464 0.023934 0.042663
932 0.677202 0.312002 0.028843 0.045476
105 0.677202 0.353962 0.022093 0.044069
14 0.674593 0.402016 0.024241 0.043601
441 0.679043 0.445148 0.031298 0.037037
69 0.677662 0.491327 0.027923 0.046882
366 0.678429 0.529770 0.025775 0.029067
749 0.679349 0.566573 0.022093 0.042663
178 0.678276 0.617206 0.024241 0.038912
1077 0.677662 0.658697 0.025468 0.037506
366 0.679963 0.701828 0.031912 0.043132
513 0.677202 0.752227 0.028230 0.041725
242 0.678736 0.846460 0.022093 0.033286
603 0.680730 0.880919 0.027923 0.039381
526 0.681497 0.925457 0.026388 0.034693
814 0.680577 0.965776 0.020252 0.044069
577 0.635778 0.104548 0.027616 0.042194
344 0.638233 0.193390 0.024547 0.045476
845 0.638386 0.218472 0.025468 0.098453
351 0.637159 0.244960 0.027923 0.047351
697 0.638846 0.283638 0.027002 0.028129
1015 0.641454 0.320441 0.028536 0.030474
105 0.638079 0.361463 0.024854 0.042194
1032 0.638386 0.408345 0.021172 0.048758
930 0.640994 0.452180 0.021479 0.032349
313 0.642222 0.495781 0.032525 0.048289
523 0.640534 0.543132 0.026695 0.043601
1018 0.644063 0.644163 0.030684 0.046882
526 0.638846 0.691983 0.022706 0.037506
450 0.641608 0.733240 0.030684 0.036568
829 0.640994 0.819503 0.023934 0.037506
442 0.639613 0.868495 0.019331 0.042663
697 0.640687 0.918425 0.017797 0.044069
129 0.641148 0.962729 0.023013 0.038912
1067 0.619975 0.105485 0.056766 0.041256
91 0.602946 0.106892 0.024547 0.044069
450 0.601718 0.152836 0.020865 0.037506
963 0.602485 0.244960 0.023627 0.041725
799 0.605400 0.342475 0.030071 0.049226
402 0.603099 0.384201 0.025468 0.035162
546 0.603099 0.430849 0.020558 0.035631
1077 0.603099 0.479841 0.025468 0.044538
401 0.602639 0.532114 0.021479 0.054383
794 0.603713 0.583451 0.023627 0.041725
158 0.606168 0.797468 0.017490 0.033755
605 0.565204 0.112518 0.025161 0.043132
344 0.569807 0.159400 0.027616 0.030942
402 0.568579 0.200891 0.021479 0.039850
442 0.567352 0.243788 0.020865 0.044069
474 0.568733 0.288561 0.024241 0.043601
671 0.567352 0.337084 0.024547 0.043132
963 0.567812 0.377637 0.021172 0.034224
38 0.571187 0.422175 0.029150 0.049226
262 0.570574 0.463666 0.023627 0.031880
798 0.572108 0.500000 0.026082 0.030474
1077 0.573796 0.580403 0.023934 0.035631
517 0.573029 0.671824 0.020558 0.041256
148 0.572722 0.716362 0.022400 0.035631
1060 0.573335 0.759025 0.018717 0.040319
1072 0.573182 0.836850 0.019638 0.039381
1067 0.572568 0.874824 0.019638 0.033755
91 0.574102 0.914205 0.020865 0.030005
450 0.574870 0.950539 0.021786 0.039850
930 0.536668 0.164557 0.020865 0.032818
69 0.536668 0.204173 0.020865 0.044538
366 0.538202 0.295124 0.026388 0.038912
749 0.537742 0.338022 0.022400 0.040319
178 0.538509 0.386310 0.018411 0.046882
402 0.538048 0.431083 0.022400 0.038912
941 0.538509 0.473277 0.019024 0.028598
829 0.538662 0.510549 0.018104 0.036568
726 0.485425 0.119316 0.018411 0.038912
18 0.486192 0.165729 0.018104 0.035162
775 0.485425 0.206985 0.021479 0.030474
340 0.486652 0.244023 0.016569 0.037975
706 0.487573 0.287857 0.019024 0.034693
918 0.486039 0.326535 0.017797 0.035162
401 0.485272 0.366854 0.018104 0.038912
950 0.483737 0.410924 0.019945 0.039850
923 0.484504 0.451242 0.021479 0.039850
612 0.483277 0.497656 0.022093 0.047351
922 0.483431 0.548758 0.018104 0.043601
860 0.480362 0.597281 0.021786 0.039381
229 0.479288 0.642288 0.022093 0.039381
143 0.478828 0.693155 0.023627 0.048289
288 0.477294 0.743085 0.022400 0.043132
817 0.478828 0.785045 0.023627 0.032349
321 0.479595 0.822785 0.021479 0.030942
546 0.480055 0.860759 0.024854 0.039381
923 0.477907 0.926629 0.023627 0.039850
707 0.454587 0.112049 0.021172 0.047820
46 0.453207 0.168308 0.024547 0.045007
928 0.455048 0.220581 0.024547 0.037975
417 0.453053 0.265588 0.019945 0.040788
456 0.452593 0.310361 0.024547 0.038444
474 0.451826 0.350680 0.024241 0.040319
107 0.451365 0.394749 0.020865 0.036568
930 0.451672 0.433193 0.019024 0.044069
923 0.451059 0.477731 0.019638 0.046882
526 0.451826 0.526723 0.020558 0.039850
380 0.452593 0.568448 0.020865 0.025785
46 0.450138 0.609001 0.025775 0.043132
939 0.449371 0.653774 0.025468 0.034224
69 0.449678 0.694327 0.024854 0.038444
603 0.449218 0.739803 0.027002 0.030005
721 0.449371 0.781294 0.023013 0.036099
389 0.447990 0.820675 0.023934 0.038912
55 0.449218 0.862869 0.020865 0.045476
817 0.449064 0.902954 0.022400 0.027192
321 0.451212 0.940225 0.026082 0.037975
1077 0.418840 0.137600 0.024547 0.044538
1002 0.416692 0.188233 0.025775 0.037975
956 0.417920 0.232536 0.028230 0.034693
442 0.416385 0.278950 0.023320 0.045007
778 0.416999 0.323019 0.025775 0.040319
366 0.415465 0.372714 0.025161 0.045945
107 0.414084 0.423347 0.025468 0.052508
925 0.416232 0.466479 0.025468 0.025316
380 0.417153 0.505860 0.026695 0.041256
46 0.418687 0.549226 0.028536 0.037037
939 0.415772 0.590014 0.022706 0.047351
749 0.416539 0.632911 0.031605 0.036568
224 0.416846 0.674871 0.027309 0.041725
69 0.415158 0.724566 0.027002 0.043601
546 0.415772 0.770745 0.022706 0.044069
778 0.415311 0.822550 0.022400 0.047351
651 0.411936 0.870370 0.024854 0.038912
105 0.415158 0.908111 0.026388 0.033755
366 0.411783 0.948664 0.023934 0.041725
417 0.374195 0.094937 0.026082 0.037975
456 0.372353 0.147211 0.028536 0.043132
1054 0.376496 0.200656 0.030684 0.050633
1 0.374655 0.251524 0.029457 0.042663
472 0.372353 0.298875 0.024854 0.049226
14 0.373121 0.347867 0.030684 0.043132
831 0.374808 0.393577 0.029150 0.040788
595 0.376649 0.439756 0.027923 0.045945
69 0.373581 0.495312 0.034673 0.050164
901 0.376189 0.544538 0.026388 0.047351
778 0.374962 0.595640 0.023320 0.047351
651 0.371586 0.644398 0.024547 0.036099
956 0.373581 0.734646 0.028536 0.037506
831 0.373274 0.782935 0.021172 0.045945
18 0.378337 0.834974 0.030071 0.035631
775 0.372967 0.878340 0.024854 0.037975
340 0.373734 0.921941 0.028230 0.042663
706 0.330163 0.096578 0.025775 0.048758
918 0.330776 0.144398 0.023934 0.040319
831 0.331083 0.187529 0.022706 0.040319
595 0.333078 0.236756 0.035287 0.047820
944 0.331697 0.278950 0.030684 0.035631
808 0.332311 0.317159 0.024547 0.040788
288 0.332617 0.356774 0.032525 0.039381
401 0.334152 0.404360 0.028230 0.050164
972 0.333845 0.453118 0.029457 0.047351
905 0.333538 0.498359 0.034366 0.043132
829 0.333998 0.547820 0.027309 0.048289
726 0.333845 0.599625 0.025775 0.045007
794 0.332157 0.646273 0.025468 0.045476
860 0.331697 0.697609 0.027002 0.045945
302 0.330930 0.754102 0.025468 0.052977
143 0.330930 0.807782 0.026695 0.041256
450 0.333998 0.853258 0.032832 0.046882
595 0.332004 0.899437 0.024547 0.041725
697 0.333845 0.942335 0.024547 0.044069
971 0.291194 0.097515 0.028843 0.045945
143 0.292728 0.135490 0.030071 0.037506
513 0.293188 0.181435 0.023627 0.040319
798 0.290427 0.233943 0.026695 0.055321
370 0.293802 0.282935 0.026695 0.034224
1018 0.292114 0.321847 0.026388 0.042663
259 0.293188 0.360525 0.029764 0.029067
62 0.291194 0.402016 0.028230 0.046414
649 0.293495 0.456868 0.032832 0.044538
567 0.290120 0.510314 0.030377 0.049226
905 0.291194 0.558837 0.029457 0.045945
351 0.290733 0.607829 0.030991 0.044538
778 0.291194 0.650492 0.027616 0.038912
603 0.291040 0.691983 0.024854 0.042194
513 0.291500 0.738397 0.028843 0.043132
541 0.290733 0.788326 0.026082 0.047351
1077 0.294569 0.838256 0.030684 0.039381
603 0.288432 0.885138 0.033753 0.051571
526 0.292574 0.936240 0.026695 0.037506
254 0.294876 0.976090 0.032525 0.027192
829 0.249616 0.093530 0.027309 0.038912
371 0.250077 0.136896 0.025161 0.045007
775 0.248696 0.185888 0.028536 0.043601
697 0.250077 0.233708 0.027616 0.042663
1 0.249770 0.282935 0.026388 0.041725
143 0.250844 0.329114 0.024854 0.041256
905 0.253299 0.379044 0.031605 0.047351
474 0.253145 0.434365 0.034980 0.052039
995 0.251151 0.488045 0.024241 0.046882
608 0.251611 0.530708 0.025161 0.040319
602 0.251151 0.574777 0.029764 0.045007
754 0.250077 0.624238 0.027002 0.043601
105 0.252378 0.671120 0.025468 0.038912
142 0.251151 0.721519 0.027923 0.045007
587 0.251918 0.767932 0.027616 0.045007
1046 0.252685 0.815752 0.026695 0.045007
507 0.251304 0.861228 0.023934 0.036568
905 0.252838 0.905767 0.023934 0.042194
1018 0.257594 0.979137 0.026082 0.025785
649 0.202976 0.090717 0.028536 0.043601
603 0.205278 0.136193 0.025161 0.045476
526 0.206812 0.182372 0.025775 0.034693
450 0.203897 0.226910 0.029764 0.038444
1077 0.205891 0.276137 0.031298 0.038444
778 0.204357 0.321378 0.026388 0.042663
397 0.204204 0.372949 0.023627 0.052977
439 0.203590 0.470699 0.032218 0.044069
393 0.202363 0.519925 0.024241 0.049695
821 0.204357 0.571496 0.028843 0.049695
858 0.207272 0.624238 0.041424 0.051102
431 0.205431 0.682372 0.030377 0.055790
474 0.207732 0.729489 0.025775 0.039381
697 0.208039 0.774496 0.034980 0.045007
880 0.205891 0.817862 0.034980 0.039850
771 0.211875 0.860056 0.034673 0.043601
109 0.208039 0.912564 0.027002 0.040788
356 0.209880 0.955227 0.025775 0.043601
1063 0.156029 0.097281 0.023627 0.052977
595 0.159865 0.142288 0.029457 0.035162
105 0.159558 0.187060 0.026388 0.040319
771 0.157257 0.239569 0.024241 0.045945
109 0.157871 0.292077 0.024241 0.042194
356 0.158024 0.392171 0.023320 0.052039
1063 0.162166 0.440694 0.032218 0.039381
711 0.163701 0.486639 0.024854 0.047820
38 0.162166 0.544538 0.024854 0.044538
262 0.161246 0.596343 0.023013 0.043132
968 0.160479 0.650258 0.032525 0.054383
481 0.159865 0.705579 0.029457 0.046882
925 0.161092 0.762541 0.026388 0.059541
972 0.162013 0.815284 0.036821 0.043132
905 0.164007 0.861697 0.026082 0.042194
602 0.164007 0.909517 0.027923 0.038444
1004 0.164774 0.950305 0.024547 0.040319
603 0.165695 0.984998 0.026388 0.029067