245 0.893065 0.091186 0.027923 0.039850
722 0.893372 0.130333 0.022400 0.034693
1080 0.895827 0.166432 0.027309 0.038444
829 0.899662 0.209095 0.032525 0.043132
152 0.898895 0.257853 0.027923 0.043132
577 0.899816 0.304266 0.029764 0.039381
402 0.898128 0.349508 0.025161 0.043601
941 0.899509 0.393108 0.026695 0.040788
808 0.901197 0.425926 0.031912 0.028598
607 0.899662 0.466245 0.024547 0.041725
203 0.897361 0.510080 0.024854 0.032818
474 0.898742 0.541960 0.023934 0.027192
1067 0.899049 0.575949 0.021479 0.036099
91 0.846579 0.094702 0.028843 0.046882
245 0.845658 0.139709 0.024547 0.040319
722 0.847346 0.182372 0.021786 0.034693
1018 0.847959 0.217300 0.030377 0.037037
1080 0.846579 0.258556 0.020252 0.038912
829 0.848266 0.296765 0.019331 0.032818
22 0.849647 0.334271 0.033139 0.041256
442 0.852562 0.380684 0.035287 0.045007
778 0.852102 0.424051 0.025775 0.039850
1067 0.856091 0.465073 0.032525 0.036568
91 0.853329 0.507970 0.031298 0.041725
245 0.851795 0.559072 0.028843 0.049226
722 0.853636 0.603141 0.031298 0.037975
308 0.852562 0.646273 0.024241 0.042663
142 0.851642 0.683779 0.018717 0.033286
560 0.852869 0.717300 0.022400 0.032818
836 0.856705 0.751055 0.034366 0.034693
450 0.855631 0.793952 0.032218 0.044538
513 0.855324 0.840131 0.027923 0.045945
848 0.853636 0.890530 0.022706 0.043601
1077 0.855017 0.936943 0.023627 0.038912
925 0.855631 0.973277 0.027309 0.037506
1080 0.801166 0.094233 0.028230 0.048758
836 0.801626 0.192218 0.030377 0.038444
450 0.803621 0.225738 0.032525 0.033286
925 0.801780 0.265120 0.023934 0.042663
1080 0.806382 0.313408 0.031298 0.033286
610 0.806382 0.356071 0.031912 0.048289
22 0.803160 0.409283 0.030991 0.051571
605 0.803007 0.460384 0.027616 0.046882
963 0.808377 0.502579 0.027309 0.037506
941 0.806843 0.546179 0.021786 0.040319
69 0.806075 0.590014 0.022093 0.041725
721 0.804848 0.630567 0.022093 0.034693
389 0.805308 0.679794 0.023627 0.045007
115 0.805462 0.722691 0.019024 0.035162
530 0.806843 0.761135 0.026082 0.040788
963 0.806689 0.800281 0.019638 0.038444
589 0.808990 0.840835 0.025468 0.039850
610 0.809451 0.883732 0.027002 0.033755
402 0.808684 0.919597 0.024241 0.036099
442 0.809911 0.958275 0.020558 0.044069
402 0.758975 0.099625 0.016263 0.038912
65 0.758361 0.144632 0.026082 0.034224
91 0.759742 0.224801 0.017797 0.029536
245 0.761430 0.259494 0.027923 0.038912
722 0.763885 0.299812 0.034673 0.043601
1080 0.763731 0.344351 0.030071 0.045476
364 0.761276 0.396859 0.027002 0.050164
507 0.760663 0.439522 0.024547 0.036099
610 0.763118 0.480778 0.026388 0.046414
474 0.761737 0.530239 0.021172 0.038444
751 0.763424 0.568683 0.024547 0.035631
697 0.764191 0.605720 0.020558 0.030005
963 0.766186 0.640647 0.025161 0.032349
757 0.766953 0.675340 0.023627 0.027661
1067 0.769408 0.706048 0.029150 0.030005
18 0.764959 0.744726 0.022706 0.032349
594 0.766339 0.780122 0.019331 0.032818
1067 0.766339 0.815049 0.016876 0.033286
91 0.769868 0.850914 0.030684 0.038444
450 0.768948 0.970933 0.019638 0.033755
143 0.716784 0.186592 0.024547 0.041256
46 0.719239 0.230895 0.020865 0.037975
450 0.720313 0.275434 0.022400 0.040788
148 0.720466 0.320206 0.022706 0.045007
507 0.720466 0.366151 0.020252 0.039381
610 0.720006 0.401547 0.019945 0.029536
474 0.722154 0.436943 0.023627 0.032818
963 0.720466 0.476793 0.024547 0.040319
513 0.721387 0.513830 0.016569 0.033755
419 0.722614 0.547820 0.015956 0.033286
546 0.722154 0.561650 0.022400 0.050633
1016 0.721387 0.585795 0.026388 0.039850
605 0.724609 0.629161 0.021172 0.039381
941 0.725069 0.676746 0.020865 0.041725
69 0.726757 0.713315 0.023013 0.034224
1032 0.725990 0.766760 0.019638 0.029536
14 0.727064 0.803797 0.023627 0.040788
921 0.726296 0.844116 0.022706 0.036099
546 0.728137 0.887951 0.024547 0.035631
402 0.680117 0.108533 0.026695 0.046414
401 0.683952 0.210970 0.030684 0.041256
921 0.682878 0.326301 0.024241 0.041256
309 0.682111 0.368261 0.022093 0.039850
577 0.681958 0.411158 0.020558 0.044069
380 0.684719 0.458744 0.028536 0.037975
1080 0.683645 0.500000 0.023934 0.041725
836 0.683338 0.535865 0.021479 0.026254
474 0.683645 0.561885 0.024547 0.035162
963 0.689936 0.602203 0.029150 0.043601
610 0.687481 0.690577 0.021786 0.033755
790 0.689936 0.756446 0.026082 0.035162
941 0.687941 0.794421 0.023934 0.040788
1067 0.689168 0.840366 0.025775 0.036099
91 0.643449 0.221753 0.026388 0.035631
245 0.645904 0.262072 0.030684 0.039381
722 0.642222 0.298172 0.022706 0.031880
963 0.642989 0.313643 0.025468 0.041256
610 0.644369 0.382091 0.021479 0.028129
402 0.645750 0.412330 0.026082 0.032349
442 0.644523 0.453586 0.021172 0.036099
152 0.645904 0.497656 0.028230 0.041725
513 0.646517 0.574777 0.023320 0.032818
994 0.648052 0.606657 0.020865 0.025316
577 0.648819 0.638068 0.019331 0.033755
402 0.650660 0.676278 0.026082 0.034224
941 0.650353 0.757384 0.016876 0.036099
631 0.649279 0.800985 0.022706 0.044538
930 0.653114 0.850211 0.024241 0.040788
91 0.632403 0.678153 0.063210 0.034224
855 0.632556 0.802157 0.058607 0.042194
934 0.625805 0.955931 0.014422 0.022504
513 0.602639 0.257384 0.025161 0.037506
610 0.602639 0.296296 0.020865 0.034693
309 0.603253 0.330286 0.022706 0.031411
55 0.604326 0.369198 0.023013 0.037037
981 0.606168 0.403422 0.023013 0.025785
212 0.604787 0.440694 0.021479 0.039381
751 0.605707 0.484060 0.024547 0.034224
401 0.606474 0.529770 0.019945 0.042194
380 0.607855 0.570323 0.016569 0.030474
694 0.608009 0.605016 0.016263 0.033286
309 0.609543 0.643226 0.026082 0.036568
749 0.612765 0.681200 0.031298 0.039381
1067 0.614145 0.722222 0.025468 0.033286
91 0.614145 0.802625 0.024241 0.041256
245 0.614145 0.955227 0.018717 0.025785
722 0.569960 0.252930 0.022400 0.037037
1080 0.569807 0.295593 0.019638 0.039850
836 0.570727 0.331692 0.016569 0.033286
450 0.572108 0.377403 0.020558 0.047820
925 0.570881 0.429208 0.019331 0.041725
1080 0.572875 0.475152 0.019024 0.036099
799 0.575023 0.539616 0.020252 0.032818
237 0.575483 0.573371 0.017490 0.030005
931 0.577171 0.609939 0.019638 0.034693
577 0.577324 0.662213 0.017490 0.060478
956 0.578091 0.723629 0.021479 0.041725
504 0.581467 0.805907 0.020252 0.035631
481 0.581160 0.903891 0.022093 0.039381
829 0.513348 0.116503 0.016569 0.035162
274 0.515342 0.161275 0.018104 0.031880
513 0.513654 0.196437 0.017797 0.031880
848 0.513961 0.235349 0.017797 0.038444
1077 0.513041 0.276137 0.015956 0.031880
504 0.514882 0.324426 0.017797 0.041256
610 0.513501 0.365213 0.016876 0.037506
513 0.512120 0.411861 0.016569 0.040788
504 0.511813 0.454759 0.018411 0.038444
928 0.512274 0.492264 0.018717 0.033755
274 0.513348 0.544069 0.019638 0.043601
513 0.510279 0.588608 0.016569 0.040788
504 0.509666 0.629395 0.018411 0.032349
142 0.509819 0.715190 0.014422 0.035162
537 0.509972 0.798406 0.023934 0.042194
721 0.508898 0.847867 0.019945 0.039850
389 0.507978 0.896859 0.018717 0.038444
829 0.508131 0.941163 0.019024 0.033286
274 0.482203 0.121191 0.025468 0.048289
105 0.480976 0.167839 0.021172 0.037506
651 0.480362 0.212611 0.019945 0.043601
401 0.479288 0.262775 0.020865 0.037975
504 0.479595 0.281997 0.022093 0.030474
796 0.478828 0.362869 0.019945 0.035631
578 0.478368 0.398265 0.020252 0.031411
474 0.478828 0.436943 0.025468 0.037506
1067 0.443848 0.105485 0.023627 0.045007
91 0.443541 0.149555 0.020558 0.043132
245 0.443234 0.203938 0.027923 0.050633
722 0.440779 0.254337 0.023627 0.041725
778 0.440626 0.291608 0.023934 0.026254
796 0.441086 0.327473 0.029764 0.035162
1080 0.436790 0.373887 0.030991 0.047351
836 0.440473 0.423816 0.032218 0.046882
450 0.437711 0.507267 0.023013 0.047820
925 0.437711 0.553211 0.020558 0.043132
796 0.436944 0.604313 0.022706 0.047820
1080 0.436790 0.647211 0.021172 0.033286
610 0.438631 0.680966 0.020558 0.035162
402 0.439092 0.725035 0.034366 0.039850
442 0.439399 0.767698 0.030071 0.042663
808 0.437097 0.810830 0.027309 0.044538
730 0.436023 0.857478 0.020865 0.042194
344 0.437251 0.898969 0.022093 0.039850
794 0.436177 0.941632 0.021172 0.039850
402 0.435716 0.979841 0.023934 0.033755
442 0.399969 0.099625 0.023627 0.047351
513 0.399356 0.145570 0.022400 0.037037
848 0.398435 0.188467 0.025468 0.047820
1077 0.398742 0.240506 0.021172 0.048758
778 0.397668 0.288326 0.023320 0.043132
143 0.399509 0.329348 0.022706 0.035162
421 0.399049 0.367089 0.024241 0.039381
1067 0.397668 0.412564 0.025775 0.045007
722 0.397361 0.461556 0.023320 0.046414
1080 0.396747 0.506329 0.023320 0.039381
38 0.397821 0.548054 0.024854 0.045007
566 0.397208 0.594468 0.030377 0.045007
610 0.397515 0.636896 0.024241 0.035162
779 0.398282 0.678153 0.023934 0.042663
222 0.396901 0.721988 0.021172 0.045007
577 0.394906 0.776137 0.027002 0.050164
513 0.394906 0.827004 0.023320 0.046882
814 0.395367 0.908111 0.028536 0.043132
546 0.395827 0.952414 0.024547 0.039850
751 0.397821 0.985701 0.021172 0.020159
605 0.362688 0.101500 0.025161 0.045476
474 0.362381 0.157759 0.025775 0.050164
143 0.359926 0.209095 0.020252 0.038444
38 0.360693 0.248711 0.026695 0.044538
566 0.359466 0.291139 0.023627 0.042194
546 0.359773 0.334740 0.026695 0.037506
751 0.360693 0.391936 0.030991 0.054383
526 0.357932 0.437647 0.020558 0.037037
778 0.356551 0.485466 0.030684 0.051102
513 0.357625 0.537037 0.021172 0.049226
814 0.359006 0.578528 0.030684 0.030005
1077 0.358699 0.614393 0.023934 0.038912
393 0.359159 0.658462 0.023627 0.041725
928 0.358546 0.705345 0.024854 0.041725
445 0.357011 0.751055 0.023627 0.037506
752 0.355784 0.792077 0.024854 0.037037
474 0.355784 0.883966 0.019331 0.039850
928 0.355631 0.919128 0.017183 0.028598
567 0.359313 0.954524 0.034366 0.039381
610 0.355631 0.986170 0.023320 0.026723
1032 0.323259 0.094937 0.021172 0.037037
778 0.322492 0.134318 0.027002 0.040788
1067 0.326020 0.175809 0.029150 0.040319
91 0.323259 0.219409 0.030991 0.045945
245 0.322338 0.266760 0.024241 0.042194
722 0.322031 0.310830 0.024854 0.047820
203 0.321264 0.362166 0.023320 0.044538
474 0.323259 0.410689 0.024241 0.040319
1080 0.324793 0.457571 0.021786 0.045007
836 0.321111 0.496718 0.024241 0.034224
450 0.321111 0.535865 0.023627 0.036568
778 0.320804 0.578059 0.024854 0.037506
152 0.320804 0.615565 0.026695 0.030942
1080 0.281375 0.097046 0.028843 0.046882
507 0.283369 0.138772 0.030377 0.038444
610 0.284443 0.191045 0.034980 0.052977
402 0.279073 0.239334 0.025468 0.045476
442 0.281835 0.287154 0.033446 0.046414
631 0.277846 0.335677 0.026082 0.046882
808 0.279534 0.377403 0.029457 0.032818
37 0.276925 0.418425 0.026082 0.042663
344 0.277386 0.468589 0.023320 0.048289
794 0.274317 0.516174 0.028843 0.043132
41 0.276619 0.609705 0.023627 0.044538
22 0.278306 0.663150 0.031912 0.045476
1077 0.277386 0.709095 0.030071 0.047351
143 0.275545 0.763010 0.020252 0.029536
41 0.276619 0.799344 0.018717 0.035631
481 0.277693 0.844116 0.030071 0.043601
1067 0.283829 0.892639 0.036821 0.048758
91 0.278460 0.933427 0.027309 0.036568
245 0.277999 0.978200 0.024547 0.037037
722 0.233661 0.098453 0.034673 0.051571
673 0.235195 0.151195 0.035901 0.046414
474 0.230746 0.200188 0.028230 0.045007
115 0.231666 0.254571 0.028843 0.052508
328 0.229058 0.304970 0.026082 0.046414
401 0.227370 0.398500 0.023934 0.046882
496 0.228444 0.443272 0.024241 0.040788
22 0.233814 0.495312 0.031912 0.052977
41 0.230899 0.549226 0.024854 0.048289
673 0.230592 0.603844 0.030377 0.054383
778 0.229825 0.652368 0.030071 0.037975
143 0.230746 0.701828 0.025161 0.041256
421 0.230899 0.748242 0.021786 0.046882
481 0.228751 0.800985 0.026695 0.052039
1067 0.228598 0.849039 0.029457 0.040319
91 0.229518 0.888186 0.020865 0.037037
245 0.231820 0.928036 0.019945 0.036099
722 0.236269 0.968120 0.032525 0.040319
115 0.186560 0.095874 0.020252 0.042663
530 0.186407 0.139709 0.018717 0.042194
401 0.184873 0.184482 0.019945 0.041725
1067 0.184566 0.226676 0.017490 0.039850
91 0.184566 0.262072 0.015649 0.035631
245 0.185180 0.304032 0.024241 0.040788
722 0.188862 0.347632 0.033446 0.046414
513 0.186100 0.397562 0.027309 0.045945
610 0.185947 0.437881 0.024547 0.037506
401 0.185947 0.477965 0.023934 0.040788
513 0.187021 0.519691 0.023013 0.038912
652 0.185486 0.557900 0.024854 0.035631
402 0.186714 0.590717 0.023627 0.028129
65 0.188708 0.624941 0.028230 0.030942
577 0.185793 0.665260 0.021786 0.037506
135 0.185793 0.707220 0.019331 0.039850
274 0.185793 0.754805 0.022400 0.049695
41 0.189322 0.808017 0.027002 0.046414
673 0.184566 0.857243 0.021172 0.038912
567 0.185026 0.901078 0.028843 0.044069
496 0.189322 0.953586 0.030071 0.044069
778 0.187174 0.988983 0.021479 0.022035