605 0.876803 0.175105 0.026082 0.039850
541 0.877416 0.217534 0.025468 0.043132
845 0.876956 0.267229 0.030071 0.050633
94 0.878030 0.322316 0.024241 0.043601
393 0.880331 0.372011 0.019638 0.035162
166 0.881712 0.411392 0.023627 0.038912
1067 0.879718 0.456634 0.020252 0.045007
91 0.880178 0.503516 0.031605 0.046882
245 0.880485 0.552743 0.029764 0.047820
722 0.877723 0.645570 0.027923 0.048758
436 0.882940 0.697609 0.032218 0.051571
34 0.881098 0.745663 0.024241 0.041725
474 0.883400 0.784341 0.023320 0.044069
1048 0.882172 0.834740 0.023934 0.042663
46 0.886315 0.885373 0.028536 0.049226
963 0.882786 0.937178 0.026388 0.045945
15 0.884934 0.980544 0.030071 0.034224
143 0.830469 0.109001 0.024854 0.061416
994 0.833538 0.176043 0.027309 0.053915
166 0.832157 0.227379 0.024547 0.045007
1067 0.830776 0.278247 0.026695 0.053915
91 0.834152 0.332630 0.027309 0.048289
245 0.831237 0.382091 0.020252 0.041256
722 0.833078 0.421941 0.017797 0.040319
264 0.835072 0.468589 0.017490 0.047351
69 0.835839 0.524613 0.035594 0.058134
1046 0.830776 0.580872 0.025468 0.049695
571 0.830776 0.630567 0.029150 0.046882
798 0.830930 0.672761 0.023934 0.033755
1077 0.827554 0.717300 0.026388 0.045007
105 0.827861 0.768636 0.022706 0.045476
290 0.827554 0.851617 0.025775 0.048289
311 0.827554 0.898500 0.029457 0.042663
34 0.828322 0.946320 0.023627 0.040788
841 0.780454 0.096812 0.022400 0.039850
1046 0.780147 0.140647 0.023627 0.047820
177 0.781681 0.180966 0.022400 0.034693
571 0.782755 0.221050 0.025161 0.041725
798 0.784903 0.320910 0.022706 0.038912
238 0.785670 0.364744 0.024854 0.045007
199 0.791040 0.414440 0.030071 0.044069
1041 0.787205 0.462260 0.025468 0.050633
879 0.786898 0.506798 0.027309 0.032818
673 0.785824 0.537271 0.024547 0.037506
474 0.785977 0.578059 0.027923 0.044069
472 0.788279 0.630333 0.027616 0.046414
436 0.787051 0.672996 0.030071 0.037975
778 0.787972 0.721050 0.024547 0.050633
447 0.787818 0.770980 0.024854 0.045476
673 0.785670 0.811299 0.027923 0.032349
118 0.789813 0.903891 0.023320 0.042194
571 0.789506 0.948898 0.034366 0.049695
393 0.789353 0.987107 0.021172 0.023910
1002 0.738877 0.106188 0.025775 0.049226
956 0.737189 0.157290 0.026082 0.052039
778 0.739491 0.206517 0.027002 0.039850
436 0.736576 0.258087 0.025468 0.049226
1032 0.737956 0.309658 0.025161 0.045476
474 0.740565 0.359822 0.026695 0.038912
436 0.738110 0.405767 0.021172 0.037975
34 0.738417 0.449836 0.023013 0.046414
142 0.741485 0.492968 0.027923 0.037975
619 0.745321 0.585091 0.027616 0.041256
366 0.745014 0.631739 0.022706 0.050164
498 0.746548 0.685888 0.025161 0.048758
541 0.745627 0.736756 0.022706 0.042663
546 0.747469 0.780825 0.027002 0.040788
143 0.745321 0.824895 0.022706 0.047351
1034 0.747315 0.870839 0.025468 0.047351
858 0.747469 0.919831 0.023320 0.047820
944 0.748082 0.971167 0.019638 0.044538
778 0.701902 0.104313 0.027309 0.051102
798 0.700522 0.149086 0.025775 0.034693
238 0.700828 0.190342 0.028843 0.042194
199 0.702209 0.235349 0.023627 0.047820
834 0.701442 0.282232 0.020865 0.042194
697 0.698527 0.332630 0.024241 0.043601
573 0.701749 0.380216 0.028843 0.042194
710 0.705431 0.492733 0.023934 0.048758
105 0.703897 0.539147 0.022706 0.043132
846 0.702976 0.591186 0.022093 0.052508
577 0.702209 0.646038 0.021786 0.046882
450 0.703283 0.693390 0.028230 0.036568
1018 0.704511 0.784810 0.022093 0.047820
323 0.705738 0.833568 0.023934 0.035631
541 0.705278 0.881622 0.023013 0.044538
971 0.706812 0.931083 0.023627 0.043132
778 0.706352 0.977731 0.022093 0.037037
571 0.661092 0.113690 0.024241 0.052977
370 0.663394 0.165963 0.020865 0.040319
697 0.663240 0.270277 0.021172 0.044538
464 0.664007 0.324191 0.021479 0.050164
1018 0.665235 0.372011 0.024547 0.038912
287 0.665848 0.416549 0.021479 0.035162
105 0.662627 0.457806 0.022400 0.043601
1032 0.665388 0.507267 0.023627 0.045007
676 0.661092 0.549461 0.022400 0.032818
778 0.663394 0.596109 0.023320 0.052977
605 0.665542 0.649320 0.026388 0.046882
112 0.663701 0.696437 0.022706 0.046414
697 0.665388 0.747773 0.020558 0.049695
594 0.662166 0.799109 0.020865 0.047351
464 0.662013 0.848805 0.023627 0.045476
791 0.660939 0.901313 0.022706 0.047351
846 0.662627 0.943741 0.021786 0.037506
697 0.665695 0.976324 0.023013 0.037975
1016 0.624271 0.118378 0.028536 0.053915
38 0.623197 0.173230 0.020252 0.041725
262 0.623351 0.215893 0.024241 0.046414
158 0.621356 0.325129 0.025161 0.045476
925 0.621663 0.366385 0.024547 0.038912
288 0.621203 0.412564 0.021172 0.040319
1002 0.622890 0.457337 0.024547 0.042663
571 0.623197 0.503047 0.026388 0.042194
804 0.624885 0.557665 0.025468 0.045476
845 0.626879 0.644398 0.023320 0.048289
504 0.625652 0.686826 0.019024 0.034693
1075 0.625499 0.725973 0.017490 0.035162
1067 0.625652 0.820206 0.027616 0.047351
91 0.624885 0.867557 0.020558 0.041725
245 0.623197 0.914440 0.030684 0.048289
722 0.625959 0.964135 0.020865 0.043601
546 0.589291 0.125645 0.019331 0.046882
143 0.591746 0.213549 0.020558 0.038912
1034 0.588678 0.256681 0.018717 0.039850
697 0.587757 0.294421 0.020558 0.037506
958 0.587450 0.333333 0.019945 0.036568
91 0.585456 0.380216 0.020252 0.045945
880 0.587757 0.471402 0.018717 0.033286
640 0.588217 0.509611 0.019024 0.041256
880 0.589905 0.560478 0.020558 0.046414
1018 0.588831 0.604313 0.016569 0.032818
143 0.593894 0.684248 0.023013 0.044538
846 0.591746 0.726207 0.027309 0.040319
34 0.590365 0.768636 0.020865 0.045476
96 0.592666 0.819034 0.023627 0.040319
1075 0.588217 0.939522 0.019638 0.045007
1067 0.561215 0.139006 0.022093 0.052039
91 0.559067 0.190342 0.020252 0.047820
245 0.558914 0.236287 0.019331 0.040319
722 0.560755 0.284810 0.023013 0.046414
640 0.557226 0.332161 0.017183 0.037037
697 0.558300 0.423582 0.018717 0.039850
754 0.558147 0.466010 0.018411 0.036568
1018 0.557073 0.507032 0.019945 0.034224
791 0.557380 0.546179 0.020558 0.043132
344 0.558607 0.596343 0.018104 0.044069
475 0.558760 0.640178 0.017183 0.040788
791 0.560295 0.680497 0.019024 0.036099
34 0.559988 0.724098 0.021479 0.041725
474 0.562442 0.766057 0.021479 0.036568
311 0.561829 0.801922 0.020865 0.032349
308 0.560755 0.838022 0.021172 0.038912
142 0.559834 0.878106 0.023013 0.039381
207 0.560601 0.918894 0.023320 0.035631
251 0.559988 0.952180 0.023934 0.035631
475 0.467782 0.201594 0.022400 0.039381
798 0.467014 0.289733 0.025775 0.042194
238 0.469929 0.375527 0.021786 0.045007
199 0.467168 0.423582 0.023013 0.039850
1077 0.469009 0.462260 0.020558 0.034693
791 0.469776 0.531177 0.015956 0.036568
641 0.434949 0.148148 0.022400 0.043132
429 0.438631 0.195499 0.019945 0.043132
392 0.436944 0.240272 0.026388 0.041725
526 0.438325 0.281528 0.025468 0.034224
474 0.437097 0.325598 0.019945 0.046414
109 0.435716 0.369433 0.024547 0.033755
1034 0.436177 0.403188 0.020558 0.032818
796 0.435870 0.438115 0.021172 0.037975
158 0.434029 0.481950 0.026082 0.047820
925 0.436023 0.528598 0.022706 0.043601
571 0.438171 0.577825 0.021479 0.050164
762 0.437097 0.622832 0.023627 0.040788
789 0.437558 0.665026 0.023320 0.043601
831 0.435716 0.714252 0.021479 0.041725
711 0.436177 0.849273 0.020558 0.041725
595 0.436790 0.886545 0.019331 0.032818
944 0.436177 0.922879 0.023013 0.031411
494 0.402117 0.137365 0.026082 0.038444
747 0.401043 0.179794 0.027002 0.041725
697 0.401810 0.228317 0.024241 0.046882
143 0.401197 0.273324 0.024241 0.041256
513 0.401350 0.319269 0.026388 0.045007
794 0.402731 0.365448 0.021786 0.039850
158 0.402731 0.411627 0.020558 0.044069
290 0.402424 0.461322 0.021172 0.049695
349 0.403345 0.510080 0.023013 0.043132
546 0.404419 0.550633 0.027616 0.030474
751 0.403498 0.584154 0.025161 0.040319
567 0.404419 0.628458 0.024547 0.041725
610 0.403345 0.677450 0.021786 0.046882
1002 0.401350 0.726207 0.025161 0.050633
871 0.400736 0.770980 0.028230 0.038912
794 0.401350 0.812705 0.023934 0.040788
1077 0.403345 0.858415 0.026695 0.041256
69 0.402271 0.905532 0.020865 0.039850
366 0.403345 0.945382 0.020558 0.037037
896 0.383707 0.323254 0.062903 0.042663
391 0.363762 0.148617 0.019945 0.052508
334 0.364222 0.204173 0.023320 0.044538
38 0.364222 0.248476 0.021479 0.045007
262 0.365450 0.370839 0.023934 0.038444
143 0.365296 0.403657 0.021172 0.033755
658 0.366217 0.440928 0.023627 0.045476
474 0.366523 0.492499 0.027923 0.041725
567 0.367137 0.532818 0.025468 0.038912
610 0.366370 0.571730 0.027002 0.036099
1002 0.363915 0.612752 0.028843 0.045945
871 0.367291 0.655180 0.025775 0.040788
794 0.365450 0.695968 0.024547 0.037037
1077 0.365603 0.778481 0.027923 0.041725
69 0.363608 0.832161 0.022093 0.044069
366 0.364529 0.877403 0.023934 0.037975
896 0.362841 0.915377 0.027309 0.037975
391 0.366984 0.956399 0.029457 0.043132
334 0.329549 0.133380 0.027616 0.047351
370 0.326787 0.180966 0.027616 0.044069
36 0.324179 0.230192 0.023627 0.046882
749 0.325713 0.271917 0.027923 0.039381
1077 0.327401 0.314815 0.025775 0.041725
697 0.326327 0.354665 0.024241 0.042663
764 0.325713 0.392171 0.020558 0.030474
317 0.325713 0.430614 0.019331 0.044538
905 0.327861 0.473043 0.029764 0.039381
676 0.326327 0.516878 0.027923 0.037975
474 0.329549 0.560244 0.025775 0.045007
754 0.328168 0.610877 0.025468 0.047820
402 0.328782 0.654712 0.023627 0.036099
13 0.329089 0.690577 0.027923 0.035631
152 0.325867 0.732302 0.023320 0.048758
389 0.327554 0.780591 0.026695 0.045945
697 0.327248 0.825832 0.022400 0.039850
754 0.327248 0.843647 0.024854 0.040788
143 0.326941 0.894280 0.023627 0.041725
567 0.326787 0.939053 0.025161 0.046882
905 0.288125 0.134318 0.023934 0.047351
439 0.287358 0.181669 0.027923 0.038912
1046 0.287512 0.223863 0.023320 0.044538
1047 0.288125 0.270745 0.024547 0.041725
905 0.289659 0.313643 0.026388 0.046882
778 0.287512 0.372480 0.028230 0.046414
109 0.286438 0.422879 0.026082 0.054383
402 0.284750 0.474215 0.023934 0.046414
710 0.285977 0.523910 0.026388 0.039850
1032 0.289659 0.568448 0.027616 0.049226
711 0.289046 0.621660 0.027002 0.049695
152 0.289659 0.675340 0.025161 0.046414
1002 0.289813 0.723160 0.032218 0.046414
474 0.288125 0.773558 0.029457 0.047820
972 0.289199 0.827473 0.025468 0.054383
905 0.287818 0.877872 0.027002 0.044538
1004 0.284750 0.921003 0.025775 0.039850
794 0.284750 0.967651 0.033753 0.049695
332 0.247775 0.137600 0.026082 0.052039
993 0.249310 0.182607 0.027309 0.040788
143 0.247162 0.225973 0.027923 0.043132
1047 0.247469 0.271917 0.025468 0.045007
905 0.247622 0.318800 0.026388 0.043132
1032 0.244860 0.365448 0.034366 0.044538
37 0.249310 0.409752 0.028536 0.043132
607 0.248082 0.455931 0.027923 0.046414
94 0.247162 0.501875 0.026695 0.042663
778 0.247469 0.546648 0.026695 0.045945
546 0.249463 0.593296 0.026388 0.042663
112 0.245167 0.635724 0.030071 0.044069
346 0.247929 0.678856 0.030684 0.043132
47 0.249770 0.730661 0.025775 0.049226
607 0.249003 0.782935 0.027309 0.040319
152 0.247162 0.817159 0.022400 0.033755
112 0.248389 0.857478 0.023013 0.043132
36 0.249156 0.904126 0.026388 0.041725
513 0.249770 0.952414 0.023934 0.050164
607 0.206505 0.133146 0.028843 0.053446
152 0.206965 0.185654 0.027309 0.045007
112 0.207886 0.234880 0.026082 0.050633
697 0.206812 0.281528 0.025161 0.043601
109 0.204511 0.323957 0.026695 0.045945
105 0.205891 0.368495 0.021479 0.040319
1032 0.206505 0.405063 0.022706 0.032818
791 0.206045 0.447023 0.021172 0.044538
697 0.207579 0.495077 0.026695 0.047820
109 0.207886 0.539381 0.024241 0.042663
730 0.206812 0.586732 0.023934 0.032349
774 0.205891 0.629864 0.022093 0.043601
94 0.207579 0.673230 0.027923 0.045007
546 0.204971 0.720113 0.025775 0.037506
785 0.206965 0.758087 0.026082 0.038444
697 0.207119 0.809189 0.027002 0.045945
880 0.207732 0.855837 0.026388 0.042663
105 0.207426 0.898969 0.021479 0.041725
661 0.207272 0.969526 0.021786 0.030942
109 0.158484 0.125645 0.027923 0.038444
356 0.158177 0.176746 0.027309 0.042194
411 0.160325 0.222691 0.024241 0.045007
541 0.163240 0.268401 0.027616 0.036099
402 0.160325 0.313643 0.026082 0.041256
710 0.161092 0.357947 0.027002 0.048289
993 0.161399 0.405532 0.025775 0.046882
109 0.161553 0.449367 0.023627 0.038912
1047 0.163701 0.489217 0.026695 0.044538
905 0.164621 0.532583 0.024854 0.041256
513 0.165848 0.574777 0.031605 0.036568
829 0.165388 0.613221 0.027002 0.038444
571 0.161706 0.650023 0.020865 0.039850
775 0.160939 0.689873 0.022400 0.039850
421 0.160939 0.732068 0.029764 0.048289
513 0.160018 0.779184 0.024854 0.046882
1019 0.157410 0.824191 0.035594 0.044069
474 0.154802 0.872480 0.025468 0.050633
539 0.157717 0.957571 0.028230 0.039850