100 0.885548 0.091421 0.025775 0.048758
673 0.886775 0.134318 0.025775 0.038912
778 0.886775 0.177918 0.028230 0.048289
419 0.888309 0.220816 0.023320 0.035631
1041 0.888616 0.256681 0.025775 0.037037
906 0.890304 0.298875 0.023627 0.045476
109 0.887849 0.341772 0.024854 0.042194
145 0.886468 0.383732 0.023934 0.043601
482 0.886775 0.422410 0.020252 0.027192
570 0.886315 0.450070 0.022400 0.039381
1004 0.885701 0.492030 0.024241 0.038912
152 0.889690 0.537975 0.032218 0.048289
577 0.889230 0.583919 0.027616 0.037975
941 0.892452 0.629864 0.027923 0.041725
829 0.890457 0.675105 0.025161 0.039381
726 0.888923 0.718003 0.024547 0.038912
775 0.890764 0.755274 0.020252 0.036568
697 0.892145 0.805204 0.029150 0.044538
993 0.894293 0.852555 0.030991 0.045476
775 0.891531 0.900141 0.020558 0.046882
238 0.894753 0.949133 0.027616 0.048289
632 0.895060 0.982185 0.022706 0.019691
109 0.839828 0.092593 0.033753 0.051102
145 0.841209 0.141819 0.018717 0.044538
482 0.841209 0.184013 0.023013 0.040788
570 0.842743 0.230427 0.023627 0.046414
1004 0.842743 0.277778 0.020558 0.032349
149 0.841976 0.319737 0.022093 0.040319
1040 0.843050 0.369667 0.031605 0.050164
928 0.841669 0.413737 0.027616 0.042663
419 0.842743 0.453352 0.023013 0.035631
1067 0.844891 0.490155 0.029150 0.035162
91 0.842743 0.505157 0.029764 0.050164
245 0.840749 0.560478 0.023320 0.042663
722 0.844584 0.605720 0.024854 0.040319
546 0.842283 0.646273 0.028843 0.038912
550 0.841669 0.681200 0.020865 0.031880
1072 0.844431 0.714252 0.020252 0.033286
855 0.847346 0.750820 0.027309 0.041725
1018 0.848266 0.796531 0.035287 0.047820
109 0.847653 0.842007 0.026082 0.043132
344 0.847959 0.888654 0.031605 0.046414
845 0.849801 0.932958 0.026082 0.042194
474 0.848113 0.974449 0.021479 0.040788
759 0.797791 0.089780 0.023934 0.037037
697 0.798865 0.174168 0.030377 0.046414
880 0.797330 0.221988 0.029764 0.045476
434 0.798711 0.268401 0.032525 0.047351
91 0.799018 0.321378 0.028843 0.052039
880 0.797330 0.369902 0.024241 0.045945
880 0.797330 0.410924 0.023627 0.037975
723 0.799018 0.449133 0.028230 0.038444
105 0.798404 0.489451 0.020865 0.036568
1032 0.799632 0.531177 0.024547 0.047820
1072 0.800552 0.569151 0.020252 0.028129
158 0.799632 0.606423 0.028230 0.047351
344 0.801780 0.649320 0.025775 0.034693
598 0.802700 0.689639 0.023320 0.043132
1048 0.803467 0.738865 0.027923 0.047820
928 0.801319 0.795359 0.028536 0.055790
419 0.805002 0.850914 0.030377 0.050633
880 0.801626 0.895687 0.021172 0.037975
91 0.801780 0.941866 0.027616 0.046882
855 0.805462 0.981950 0.028230 0.029536
925 0.755446 0.097750 0.022093 0.048289
1038 0.757134 0.145570 0.021172 0.046414
109 0.755446 0.188233 0.020252 0.033286
152 0.755293 0.227614 0.020558 0.043601
105 0.756060 0.274496 0.027616 0.044538
325 0.755600 0.322785 0.023627 0.046414
474 0.755753 0.379278 0.027002 0.056259
695 0.756827 0.433896 0.024854 0.048289
586 0.755907 0.480075 0.028536 0.042194
402 0.755907 0.524613 0.024241 0.032818
941 0.759129 0.560713 0.020865 0.035631
91 0.759282 0.598687 0.025468 0.042194
764 0.758515 0.642757 0.025161 0.038444
793 0.764038 0.693155 0.031298 0.051102
101 0.760970 0.740506 0.023934 0.039850
127 0.758975 0.790202 0.021786 0.053915
836 0.761737 0.840131 0.027923 0.042194
450 0.760356 0.892171 0.023320 0.044069
474 0.760509 0.939756 0.030377 0.044538
695 0.716324 0.151195 0.030991 0.048289
472 0.715250 0.195030 0.022093 0.032818
1080 0.714790 0.228551 0.018717 0.033286
829 0.714943 0.267698 0.020252 0.035631
401 0.715710 0.302391 0.028536 0.032818
399 0.716171 0.347867 0.023934 0.045945
309 0.714943 0.392171 0.021479 0.038912
778 0.714176 0.436006 0.021786 0.048758
880 0.716171 0.484529 0.028843 0.041725
723 0.717551 0.516878 0.034060 0.038912
105 0.717091 0.561885 0.031298 0.047351
1032 0.718625 0.609939 0.024547 0.043132
344 0.718625 0.659165 0.020865 0.047820
598 0.718472 0.705345 0.021786 0.038912
794 0.722001 0.744257 0.027002 0.038912
880 0.721694 0.792311 0.025775 0.042194
402 0.719086 0.836850 0.027309 0.039381
641 0.722154 0.877637 0.024241 0.035631
270 0.721540 0.918190 0.024241 0.036099
474 0.722154 0.954993 0.022400 0.035631
829 0.722768 0.985232 0.019945 0.026723
419 0.671525 0.148148 0.023627 0.045945
880 0.671678 0.232771 0.021479 0.031411
924 0.675361 0.272855 0.024547 0.039381
838 0.673980 0.325832 0.027923 0.049695
727 0.673059 0.372480 0.022400 0.036099
391 0.674287 0.418425 0.024854 0.046414
334 0.675054 0.466010 0.030071 0.043132
880 0.675821 0.505860 0.022400 0.042194
506 0.677048 0.542897 0.022400 0.030942
402 0.680423 0.615799 0.028536 0.034224
941 0.677355 0.659634 0.024854 0.042194
958 0.679810 0.707923 0.024854 0.039381
133 0.680117 0.756212 0.024241 0.045945
764 0.681958 0.800985 0.023013 0.042663
793 0.681804 0.850211 0.019024 0.045476
1060 0.683032 0.939287 0.017183 0.033286
1072 0.634090 0.154243 0.023013 0.040319
762 0.636392 0.200656 0.021479 0.040319
880 0.635318 0.237225 0.022400 0.031880
381 0.635624 0.274027 0.019331 0.035162
747 0.635011 0.320910 0.025468 0.044538
880 0.635164 0.366620 0.027616 0.041256
309 0.636085 0.414440 0.025775 0.043132
838 0.636545 0.459681 0.026695 0.045476
880 0.639613 0.500234 0.023627 0.037506
790 0.640380 0.540553 0.023320 0.044069
723 0.641148 0.586732 0.019331 0.038912
105 0.642682 0.630333 0.023627 0.038912
1046 0.642222 0.673230 0.022093 0.042194
749 0.642375 0.724566 0.022400 0.040788
499 0.643142 0.765823 0.022706 0.038912
5 0.643142 0.813877 0.022706 0.047820
589 0.643449 0.867792 0.021479 0.040319
981 0.644830 0.911627 0.024241 0.039850
212 0.645290 0.955462 0.023320 0.041256
546 0.593740 0.218940 0.022093 0.048758
751 0.595275 0.270042 0.020252 0.045007
577 0.598036 0.319503 0.028230 0.043601
488 0.597269 0.366854 0.025468 0.044538
963 0.599417 0.420066 0.022400 0.047820
1038 0.599417 0.464135 0.021786 0.034693
392 0.600951 0.502110 0.030377 0.037506
402 0.602025 0.543366 0.022093 0.034693
941 0.601105 0.585560 0.023320 0.044069
679 0.600338 0.634083 0.022400 0.042663
142 0.604787 0.685654 0.025161 0.040788
402 0.601718 0.725035 0.020252 0.033286
488 0.600184 0.768870 0.023320 0.045007
158 0.603866 0.815987 0.023320 0.037037
930 0.603406 0.859587 0.022400 0.034224
963 0.604633 0.901782 0.019945 0.042663
1072 0.556152 0.104079 0.027309 0.042194
855 0.555539 0.293249 0.019331 0.041725
778 0.556306 0.330286 0.019638 0.026723
419 0.557380 0.374590 0.018104 0.043132
880 0.559834 0.482654 0.021786 0.042663
309 0.560755 0.524613 0.019331 0.026254
109 0.563210 0.541491 0.021786 0.043132
105 0.563516 0.592358 0.019945 0.046414
1032 0.561829 0.642991 0.020865 0.040788
651 0.565357 0.696671 0.021172 0.042194
832 0.565204 0.745429 0.019638 0.045007
673 0.566125 0.787857 0.023320 0.036099
42 0.565664 0.834505 0.019945 0.044069
537 0.566585 0.878575 0.019331 0.034693
129 0.567199 0.923113 0.017490 0.041256
502 0.486192 0.111111 0.023013 0.039381
595 0.486652 0.204641 0.022706 0.033286
100 0.488340 0.244491 0.029150 0.045476
612 0.488647 0.289733 0.030377 0.039381
963 0.489107 0.331224 0.024547 0.037037
402 0.488800 0.370839 0.027002 0.039381
122 0.485732 0.411392 0.020865 0.040788
419 0.488340 0.459212 0.021786 0.031411
324 0.486192 0.501172 0.019331 0.044069
595 0.486346 0.523207 0.020865 0.090952
109 0.485732 0.552274 0.022706 0.057196
105 0.486346 0.598218 0.021479 0.029067
1032 0.484811 0.736990 0.031298 0.045007
1072 0.483277 0.783638 0.023320 0.040788
855 0.482050 0.830520 0.020252 0.037975
402 0.481436 0.874121 0.022706 0.041725
941 0.482663 0.968120 0.021479 0.041256
91 0.446916 0.117675 0.022400 0.045945
701 0.446149 0.158697 0.025775 0.027661
680 0.445689 0.198547 0.022400 0.040788
934 0.446456 0.243554 0.023934 0.037975
148 0.445075 0.291842 0.024854 0.050164
290 0.444768 0.343882 0.027923 0.047351
786 0.441853 0.396859 0.033753 0.047351
380 0.443848 0.447257 0.023627 0.043132
309 0.443234 0.488748 0.028536 0.035162
290 0.442467 0.531411 0.027002 0.041725
1058 0.444768 0.573136 0.027309 0.035162
173 0.441240 0.663619 0.027002 0.034224
855 0.441546 0.705813 0.026388 0.038912
309 0.439705 0.757853 0.021479 0.046414
930 0.437864 0.811533 0.023320 0.051571
971 0.437711 0.867323 0.023013 0.042194
963 0.438018 0.914205 0.022400 0.046882
799 0.438631 0.958275 0.023627 0.033755
402 0.438478 0.988748 0.023320 0.021566
546 0.402424 0.104313 0.029764 0.034224
436 0.402424 0.142288 0.024854 0.033286
874 0.402117 0.183779 0.028536 0.044069
309 0.403805 0.232536 0.030071 0.040319
474 0.401504 0.283404 0.029150 0.044538
69 0.399509 0.333099 0.025161 0.045476
92 0.399662 0.380216 0.027923 0.045945
880 0.402884 0.425926 0.027002 0.045476
874 0.400276 0.472339 0.023013 0.041725
694 0.401043 0.521097 0.025775 0.046414
855 0.402271 0.567511 0.027616 0.048289
401 0.400890 0.614627 0.027309 0.045945
874 0.399969 0.662213 0.023013 0.037975
1067 0.399969 0.744960 0.019945 0.037506
91 0.398282 0.788561 0.018411 0.043132
450 0.397668 0.838022 0.025775 0.050164
38 0.397821 0.886076 0.021172 0.040319
566 0.400583 0.973746 0.023627 0.043132
607 0.363148 0.103844 0.021172 0.037037
62 0.361000 0.145101 0.019945 0.032349
109 0.360847 0.194093 0.025775 0.043132
255 0.359313 0.245195 0.027002 0.050633
456 0.359466 0.298172 0.028536 0.045007
796 0.358852 0.347867 0.029764 0.051571
829 0.357165 0.399437 0.023320 0.048758
1077 0.358546 0.447023 0.027923 0.039850
255 0.360540 0.481481 0.031298 0.030942
105 0.357932 0.517112 0.021172 0.036568
1032 0.355937 0.558368 0.027002 0.042194
631 0.357472 0.606188 0.024547 0.043132
727 0.359006 0.648617 0.026388 0.035162
148 0.355324 0.689170 0.023934 0.044069
1018 0.355784 0.735349 0.021172 0.037037
673 0.357932 0.780122 0.027923 0.045945
537 0.357778 0.828880 0.022706 0.038444
69 0.357318 0.868964 0.023013 0.039850
764 0.360080 0.890530 0.028536 0.068917
317 0.360233 0.909752 0.033753 0.041725
1032 0.361614 0.952180 0.029764 0.040319
14 0.358085 0.986170 0.020252 0.026723
62 0.314053 0.104782 0.029764 0.045476
981 0.313440 0.152368 0.023627 0.045007
129 0.313593 0.201594 0.023320 0.046882
401 0.314667 0.247773 0.027309 0.033286
801 0.316355 0.292546 0.034366 0.043132
594 0.316355 0.334740 0.029457 0.037506
941 0.314360 0.372949 0.030377 0.038912
62 0.316201 0.417253 0.034673 0.048758
178 0.312366 0.464135 0.030071 0.045945
573 0.313133 0.506329 0.022400 0.038444
1018 0.313900 0.544304 0.030071 0.031880
821 0.311752 0.586967 0.030071 0.045945
716 0.314207 0.631036 0.030684 0.034693
778 0.313900 0.669948 0.028230 0.037506
778 0.311752 0.721519 0.030071 0.048758
856 0.310832 0.764182 0.022706 0.037506
69 0.310678 0.809189 0.023627 0.047820
173 0.314053 0.851617 0.023627 0.029536
178 0.315127 0.888654 0.036821 0.045476
855 0.317736 0.934365 0.034673 0.043132
178 0.314514 0.977028 0.026388 0.036568
903 0.274164 0.110877 0.022400 0.051102
401 0.271402 0.160338 0.029764 0.043132
421 0.272323 0.216128 0.024854 0.056259
481 0.270328 0.262775 0.025775 0.042663
148 0.271095 0.309423 0.029150 0.048758
477 0.271556 0.359119 0.034366 0.049695
62 0.270789 0.404126 0.023627 0.041256
1048 0.273243 0.490858 0.027309 0.031880
592 0.272016 0.534224 0.037128 0.051102
129 0.272476 0.586498 0.030071 0.045007
508 0.271402 0.632443 0.027923 0.041256
595 0.269408 0.672996 0.023934 0.038912
1063 0.268334 0.715659 0.026082 0.038912
1063 0.270482 0.755274 0.026695 0.033755
880 0.269715 0.835677 0.027002 0.051102
343 0.267720 0.891702 0.029764 0.050633
794 0.272169 0.943272 0.027616 0.045945
880 0.271863 0.983122 0.025775 0.026254
402 0.229211 0.099859 0.026388 0.035631
69 0.231206 0.138068 0.031605 0.045476
764 0.230592 0.182607 0.030991 0.042663
317 0.228598 0.226910 0.026388 0.041256
14 0.226296 0.265823 0.023627 0.042194
143 0.227064 0.312940 0.026388 0.044538
419 0.227370 0.360759 0.031912 0.044538
404 0.227831 0.405298 0.033446 0.048289
148 0.225683 0.452883 0.024241 0.039381
641 0.227831 0.545945 0.024241 0.045476
897 0.225836 0.601031 0.027002 0.060947
925 0.228444 0.656821 0.024241 0.044069
838 0.228137 0.705110 0.033446 0.045945
934 0.227677 0.757384 0.025775 0.048289
1 0.228137 0.810127 0.029150 0.051571
143 0.229058 0.862166 0.024854 0.046882
419 0.227524 0.909752 0.030377 0.045476
404 0.231052 0.954524 0.031912 0.045007
40 0.227064 0.989451 0.021479 0.021097
91 0.184566 0.105016 0.019331 0.040319
450 0.182571 0.155180 0.030684 0.050633
1038 0.182418 0.203938 0.025468 0.037506
782 0.183338 0.250586 0.035287 0.050164
421 0.181958 0.305204 0.022706 0.048758
481 0.179810 0.353727 0.030071 0.048289
673 0.182418 0.398031 0.026082 0.044069
148 0.180730 0.439756 0.023934 0.037506
470 0.181037 0.480309 0.024547 0.039850
940 0.181037 0.523441 0.027616 0.044538
402 0.180730 0.565401 0.022706 0.030942
941 0.180577 0.603610 0.021172 0.037037
1 0.183338 0.652133 0.029764 0.053446
143 0.183645 0.702063 0.025468 0.046414
641 0.184412 0.748945 0.023320 0.045476
1048 0.182725 0.800281 0.035287 0.055321
829 0.183492 0.853962 0.027616 0.050164
513 0.182418 0.906470 0.036514 0.050164
894 0.183338 0.954055 0.028536 0.038444
22 0.183492 0.988045 0.027002 0.022035
738 0.139000 0.113221 0.023934 0.054852
158 0.139000 0.167839 0.030071 0.051571
925 0.136698 0.227379 0.025468 0.049695
450 0.138386 0.281528 0.028230 0.055790
1038 0.138386 0.329817 0.026388 0.037975
109 0.138539 0.370605 0.023013 0.038912
105 0.136698 0.416784 0.023013 0.044069
325 0.140994 0.472808 0.033446 0.057665
1 0.137926 0.526957 0.027309 0.047820
143 0.137159 0.579934 0.025775 0.045945
838 0.138539 0.640881 0.024241 0.047820
360 0.137772 0.696906 0.024547 0.049226
40 0.137926 0.745663 0.021172 0.042663
838 0.137926 0.791608 0.021786 0.041725
14 0.136085 0.838959 0.024241 0.051102
441 0.134244 0.887248 0.026082 0.043601
126 0.133630 0.934130 0.026082 0.038912
896 0.133170 0.977731 0.025161 0.042663