570 0.841669 0.255274 0.022706 0.051102
401 0.843971 0.306142 0.023013 0.037506
749 0.843971 0.353258 0.021172 0.039850
651 0.844891 0.397562 0.027923 0.044069
218 0.843357 0.452414 0.023013 0.043132
391 0.845658 0.497656 0.023320 0.038912
334 0.844124 0.540553 0.028843 0.038444
925 0.846272 0.585091 0.027616 0.044069
481 0.847192 0.625176 0.032525 0.041725
1067 0.851028 0.668776 0.025468 0.031411
91 0.851948 0.708626 0.024241 0.039850
245 0.853022 0.747539 0.022093 0.044538
722 0.789506 0.131505 0.027616 0.044538
1004 0.790120 0.183779 0.024547 0.045007
808 0.789199 0.232302 0.023320 0.052039
1067 0.789353 0.287623 0.021172 0.031411
91 0.791040 0.312471 0.019638 0.031411
62 0.795183 0.348570 0.033446 0.039850
40 0.796103 0.395452 0.030991 0.049226
879 0.796563 0.447726 0.023320 0.039381
708 0.795029 0.495546 0.027002 0.045007
879 0.795643 0.535631 0.022093 0.032349
474 0.796257 0.572668 0.025775 0.037037
971 0.797024 0.615331 0.022400 0.049226
963 0.797791 0.659634 0.025161 0.035631
799 0.798251 0.704641 0.021786 0.040319
237 0.798711 0.740272 0.024547 0.029067
402 0.799478 0.790202 0.030991 0.049226
546 0.799939 0.842710 0.023320 0.037975
796 0.800399 0.886779 0.020558 0.031411
211 0.799172 0.921941 0.022400 0.037037
764 0.801013 0.959212 0.019331 0.039381
317 0.739797 0.086967 0.018411 0.036099
764 0.741332 0.126113 0.025161 0.036568
148 0.743326 0.168073 0.029764 0.043601
402 0.741792 0.217768 0.026082 0.049226
589 0.698834 0.092593 0.024241 0.044538
641 0.698834 0.255040 0.018717 0.038444
429 0.700061 0.293015 0.019331 0.031880
69 0.702976 0.327239 0.028230 0.038444
546 0.706045 0.371074 0.033139 0.042663
751 0.701902 0.414674 0.021786 0.044538
1032 0.703437 0.455931 0.018104 0.036099
811 0.704664 0.492264 0.021786 0.041256
1046 0.708346 0.544538 0.031605 0.051102
344 0.705738 0.591186 0.022706 0.045007
1067 0.706352 0.630098 0.020252 0.035631
91 0.707579 0.668073 0.018411 0.037506
245 0.709113 0.705813 0.024547 0.030474
722 0.709267 0.747539 0.026082 0.040788
1018 0.707272 0.786920 0.019024 0.032349
821 0.709267 0.822785 0.016263 0.034693
72 0.708806 0.864744 0.014728 0.029536
905 0.707426 0.903657 0.021786 0.038912
109 0.658791 0.097046 0.031912 0.043132
107 0.658638 0.147211 0.024241 0.046882
762 0.658944 0.234177 0.023627 0.046414
905 0.658638 0.284107 0.026082 0.034693
764 0.660632 0.418425 0.024547 0.045476
317 0.666922 0.472105 0.030991 0.048758
778 0.666462 0.556493 0.030071 0.036568
830 0.665848 0.594468 0.030684 0.036568
513 0.665235 0.631271 0.023934 0.037037
641 0.666002 0.672996 0.024854 0.047351
429 0.666922 0.719878 0.023013 0.037037
838 0.668610 0.763010 0.022706 0.039850
546 0.666769 0.807314 0.023320 0.039381
751 0.670298 0.902954 0.026082 0.041256
971 0.668917 0.947961 0.022093 0.046882
1046 0.620589 0.259494 0.032832 0.040788
854 0.622277 0.351852 0.025775 0.043601
1063 0.623044 0.398734 0.023627 0.038912
941 0.624271 0.443741 0.024241 0.041725
109 0.623811 0.487811 0.022093 0.040788
905 0.627953 0.573840 0.030377 0.044069
1067 0.627186 0.657056 0.019638 0.031411
91 0.628260 0.838490 0.023627 0.043601
245 0.629794 0.881622 0.023013 0.034224
722 0.628414 0.927332 0.020865 0.047820
786 0.629181 0.966948 0.022400 0.029536
546 0.584228 0.105720 0.019638 0.037037
751 0.582847 0.150492 0.022400 0.043132
142 0.582847 0.188233 0.019331 0.029536
1080 0.584228 0.222222 0.020252 0.040319
799 0.585609 0.303797 0.021172 0.030942
237 0.585302 0.343882 0.020558 0.043601
925 0.584995 0.393343 0.023013 0.046882
821 0.590365 0.529301 0.031298 0.039381
98 0.590058 0.572433 0.020252 0.033755
69 0.590212 0.611346 0.019331 0.031880
1032 0.590979 0.650023 0.022706 0.039850
366 0.592360 0.692452 0.022400 0.033755
964 0.591593 0.771449 0.022093 0.035162
1004 0.594661 0.815987 0.025161 0.047351
925 0.548328 0.234412 0.020865 0.037506
1080 0.548941 0.318800 0.023934 0.044069
836 0.552163 0.447961 0.018717 0.035162
450 0.553391 0.487342 0.019945 0.030474
925 0.555078 0.580403 0.017183 0.033755
1080 0.559681 0.669948 0.024547 0.045945
799 0.558454 0.714721 0.020865 0.041725
237 0.559834 0.761369 0.021786 0.043132
941 0.559221 0.848336 0.016876 0.039850
1067 0.522246 0.253868 0.021479 0.037037
91 0.520712 0.298640 0.019024 0.039381
245 0.522400 0.340366 0.020558 0.032818
722 0.522860 0.381857 0.019638 0.037037
554 0.524087 0.428504 0.019638 0.039381
995 0.525621 0.511955 0.019024 0.032818
148 0.525161 0.553680 0.024854 0.042194
490 0.525621 0.641819 0.017797 0.031880
288 0.526849 0.655180 0.016569 0.036099
1041 0.529303 0.692686 0.020865 0.033286
906 0.529303 0.726676 0.020252 0.026254
158 0.530224 0.756681 0.023934 0.023441
163 0.529764 0.789733 0.015035 0.028598
513 0.459037 0.140413 0.015956 0.031411
135 0.460110 0.187295 0.015035 0.036099
22 0.460264 0.224098 0.012887 0.028129
281 0.458730 0.264651 0.017797 0.029536
401 0.460878 0.296062 0.015956 0.026723
22 0.461338 0.334037 0.015649 0.028598
466 0.461645 0.349742 0.013194 0.021566
436 0.461798 0.379044 0.014728 0.022972
261 0.461798 0.411158 0.017183 0.034693
52 0.463639 0.466714 0.017797 0.035162
825 0.463486 0.595874 0.017490 0.038444
145 0.463179 0.640647 0.018717 0.044538
474 0.464253 0.683544 0.014728 0.031880
402 0.463179 0.726910 0.016876 0.037975
778 0.460110 0.768870 0.019331 0.031880
1067 0.460110 0.805673 0.018717 0.033286
91 0.460878 0.846460 0.017797 0.035162
245 0.457963 0.892874 0.021172 0.039850
722 0.458576 0.930145 0.019945 0.030005
66 0.432495 0.135021 0.019331 0.030942
673 0.432648 0.165729 0.018411 0.028598
402 0.432034 0.179090 0.018411 0.035631
490 0.432955 0.219175 0.016569 0.032349
5 0.432801 0.256915 0.017490 0.035631
1067 0.433569 0.292780 0.014728 0.029536
91 0.433108 0.328176 0.016263 0.033755
245 0.434643 0.370605 0.019331 0.038912
722 0.435563 0.409752 0.024241 0.039381
640 0.433875 0.449367 0.020865 0.036099
697 0.433108 0.488514 0.020558 0.033755
7 0.432801 0.520628 0.018717 0.028598
109 0.433415 0.554383 0.020558 0.035162
436 0.433415 0.590952 0.028536 0.035162
22 0.429733 0.631739 0.018717 0.035162
595 0.429733 0.678622 0.018717 0.034224
474 0.426358 0.718940 0.017490 0.033286
995 0.426971 0.830755 0.029764 0.036568
595 0.401043 0.213315 0.018411 0.035631
401 0.400890 0.248711 0.018717 0.034224
481 0.399662 0.286920 0.021172 0.037506
754 0.399816 0.327239 0.023934 0.036568
767 0.398895 0.368964 0.019638 0.038444
111 0.399049 0.409517 0.020558 0.036099
55 0.396747 0.449367 0.024547 0.039850
641 0.398435 0.488045 0.023627 0.041256
1067 0.395674 0.537506 0.023627 0.037975
91 0.392759 0.580872 0.025775 0.036568
450 0.391685 0.623535 0.019331 0.038444
934 0.391838 0.660572 0.019638 0.033755
778 0.390917 0.698078 0.017183 0.033755
22 0.389690 0.737928 0.014728 0.035631
1077 0.360233 0.120722 0.027616 0.026723
105 0.359620 0.156587 0.020865 0.035631
142 0.359620 0.200891 0.022706 0.041725
22 0.358239 0.241210 0.023013 0.036099
361 0.357932 0.280825 0.021172 0.043132
631 0.357472 0.318565 0.025775 0.030474
749 0.358085 0.357243 0.020865 0.046882
42 0.357932 0.403657 0.024854 0.042194
537 0.356398 0.490624 0.022400 0.040788
401 0.355324 0.531880 0.021479 0.037975
22 0.354096 0.568214 0.019638 0.031880
721 0.352102 0.606892 0.024854 0.041725
29 0.352562 0.649555 0.017797 0.037975
829 0.350721 0.690108 0.022706 0.037506
1018 0.352102 0.733708 0.020558 0.041256
602 0.353176 0.771449 0.022706 0.031411
481 0.350107 0.810127 0.023320 0.038444
796 0.350721 0.894515 0.023934 0.046882
148 0.349954 0.934365 0.019331 0.030942
477 0.349954 0.968823 0.021786 0.032349
796 0.316968 0.181669 0.022093 0.035162
148 0.316355 0.226207 0.033139 0.046414
391 0.314974 0.272621 0.029764 0.042663
334 0.314974 0.318800 0.024241 0.043132
796 0.312673 0.358650 0.021479 0.033755
1067 0.312212 0.396156 0.018717 0.030942
91 0.315588 0.428504 0.032832 0.034693
245 0.315281 0.469526 0.031605 0.039850
722 0.312366 0.515706 0.025775 0.049695
925 0.311905 0.571730 0.021172 0.039850
450 0.310678 0.617909 0.023013 0.044069
949 0.309758 0.657525 0.017490 0.031411
105 0.309144 0.694093 0.018104 0.037037
766 0.306229 0.739100 0.025161 0.041725
1002 0.308223 0.783169 0.022400 0.039850
270 0.306382 0.861463 0.019945 0.034224
744 0.308223 0.935302 0.029764 0.033755
1004 0.276772 0.120019 0.025775 0.043132
1067 0.275084 0.163150 0.019331 0.034693
91 0.275084 0.199484 0.017490 0.032349
245 0.277079 0.236053 0.028843 0.037975
722 0.277693 0.281763 0.034980 0.045945
163 0.277079 0.330520 0.033139 0.045945
513 0.271402 0.372011 0.031605 0.039850
79 0.272936 0.421941 0.027309 0.045945
34 0.273397 0.467417 0.022093 0.035631
281 0.271709 0.519456 0.024241 0.054383
401 0.272323 0.568448 0.023013 0.038912
58 0.272630 0.609001 0.027309 0.046882
390 0.270789 0.650727 0.023627 0.038444
734 0.270328 0.698547 0.027002 0.043132
1071 0.270942 0.747304 0.023934 0.048758
919 0.269561 0.792546 0.020558 0.039850
569 0.268180 0.844116 0.026388 0.048289
401 0.266339 0.965776 0.021479 0.035631
261 0.228291 0.122597 0.025775 0.046414
612 0.228598 0.175340 0.027616 0.047820
835 0.228137 0.217300 0.025468 0.037975
569 0.228137 0.257853 0.020558 0.041256
474 0.231820 0.305204 0.029764 0.042194
640 0.227984 0.351149 0.023320 0.035631
436 0.227984 0.424519 0.027002 0.035162
919 0.225222 0.471167 0.028843 0.045007
569 0.226757 0.517581 0.025775 0.047820
595 0.224455 0.563291 0.021172 0.036099
474 0.225683 0.603376 0.026695 0.041256
914 0.224302 0.649789 0.023934 0.033755
595 0.224609 0.689405 0.024547 0.035162
401 0.225222 0.730427 0.023320 0.041256
477 0.225376 0.820441 0.024241 0.039381
754 0.226757 0.859587 0.020252 0.027661
990 0.227217 0.895452 0.026082 0.031880
631 0.226450 0.934599 0.022093 0.042663
1057 0.224762 0.977262 0.023013 0.036099
673 0.185793 0.120488 0.019945 0.050633
930 0.185333 0.175105 0.022706 0.049226
7 0.183185 0.219644 0.022093 0.033286
148 0.185180 0.258322 0.027309 0.045007
567 0.181037 0.305673 0.025775 0.039381
546 0.183338 0.348570 0.027309 0.042663
69 0.178889 0.392171 0.022093 0.040788
1032 0.180117 0.437412 0.023320 0.042194
366 0.180117 0.478434 0.023934 0.037975
905 0.179043 0.523441 0.021172 0.034224
605 0.179656 0.570323 0.022400 0.037975
1004 0.176741 0.619316 0.024547 0.046882
919 0.178276 0.674402 0.025775 0.046414
569 0.177662 0.766760 0.032525 0.052039
1077 0.177048 0.816456 0.025775 0.044538
393 0.178736 0.858884 0.023627 0.039381
602 0.180423 0.905063 0.031912 0.051102
477 0.178122 0.947961 0.020558 0.031880
796 0.180884 0.978434 0.026082 0.027192
1067 0.137159 0.122363 0.027002 0.044069
91 0.138386 0.174168 0.030071 0.047351
245 0.133323 0.217065 0.018104 0.032818
722 0.132249 0.263010 0.021479 0.045945
941 0.131635 0.307079 0.022093 0.038444
925 0.132249 0.353493 0.025775 0.043132
610 0.132096 0.400141 0.024241 0.050164
22 0.130868 0.450070 0.024241 0.045945
925 0.134550 0.510080 0.027923 0.060009
919 0.134704 0.563291 0.022706 0.043601
796 0.135778 0.613221 0.032832 0.054383
421 0.133477 0.663150 0.025161 0.045476
481 0.132863 0.708861 0.024547 0.048758
1067 0.131022 0.751055 0.019638 0.032818
91 0.131022 0.786217 0.019024 0.032818
245 0.131789 0.821847 0.028536 0.040319
722 0.133937 0.865682 0.034060 0.041725
1004 0.131635 0.912799 0.023934 0.042194
1067 0.130868 0.950305 0.019945 0.030005
91 0.132709 0.981013 0.022400 0.026723