391 0.825560 0.100563 0.032218 0.054852
334 0.822338 0.150727 0.031298 0.044538
1072 0.824333 0.198547 0.026082 0.049226
794 0.824026 0.247539 0.026082 0.045945
880 0.824333 0.298875 0.024241 0.046414
439 0.824026 0.340835 0.021172 0.039381
971 0.824946 0.384201 0.024241 0.039850
55 0.825253 0.430849 0.020558 0.041256
904 0.826634 0.478903 0.030684 0.038912
882 0.825560 0.524144 0.023627 0.043132
880 0.827248 0.570323 0.023934 0.041725
995 0.827094 0.612518 0.026695 0.039850
651 0.825100 0.653540 0.021479 0.037506
835 0.826020 0.686592 0.021479 0.027661
160 0.828628 0.709564 0.026695 0.045476
69 0.829089 0.756212 0.026388 0.045007
764 0.829242 0.775902 0.024854 0.030005
317 0.830009 0.811767 0.027616 0.043601
497 0.829242 0.858884 0.029150 0.042194
743 0.828475 0.893577 0.024547 0.031880
695 0.830009 0.927332 0.025161 0.036568
995 0.830776 0.968589 0.026695 0.039381
173 0.774471 0.096578 0.023934 0.054383
595 0.772323 0.146507 0.025161 0.040788
431 0.774624 0.184013 0.024854 0.033286
1032 0.775084 0.225270 0.021479 0.038912
743 0.774778 0.268636 0.031298 0.048758
971 0.776619 0.317159 0.025161 0.043601
999 0.777386 0.366151 0.028536 0.043132
380 0.778306 0.411861 0.027923 0.042663
995 0.777079 0.458978 0.023013 0.042194
173 0.780147 0.499297 0.023627 0.034693
370 0.778153 0.541491 0.027002 0.042194
697 0.777539 0.582513 0.021479 0.035162
6 0.778460 0.635256 0.021479 0.045945
262 0.780761 0.686592 0.026082 0.044538
995 0.781375 0.726442 0.024241 0.035162
778 0.778766 0.766292 0.025775 0.036099
651 0.777232 0.809658 0.023320 0.041256
107 0.779227 0.855134 0.021172 0.044069
695 0.781221 0.906470 0.019638 0.045476
1 0.781988 0.946085 0.020558 0.031880
995 0.782909 0.979137 0.019331 0.037037
173 0.729058 0.096109 0.027002 0.044069
595 0.729825 0.146038 0.023627 0.039850
1032 0.731359 0.188467 0.019945 0.034693
743 0.730439 0.230427 0.021786 0.040788
934 0.729211 0.275434 0.023627 0.040788
148 0.730899 0.318331 0.028230 0.036568
971 0.732433 0.362166 0.029457 0.047351
55 0.732126 0.414440 0.022706 0.046882
803 0.730746 0.465307 0.025468 0.043601
993 0.730746 0.510783 0.023013 0.045476
0 0.731359 0.558603 0.023013 0.045476
186 0.728905 0.607126 0.024241 0.051571
401 0.729518 0.662682 0.023013 0.042663
380 0.732587 0.717534 0.023013 0.060478
143 0.732894 0.770980 0.022400 0.038912
905 0.734735 0.808955 0.024241 0.025785
202 0.733507 0.849508 0.024241 0.043132
673 0.735809 0.899437 0.024547 0.049226
69 0.734274 0.957337 0.021479 0.047820
133 0.690549 0.097750 0.024854 0.043601
391 0.691623 0.143929 0.030684 0.048758
334 0.690242 0.193155 0.031605 0.044069
546 0.689475 0.243554 0.037435 0.049226
751 0.688095 0.290905 0.029764 0.046414
649 0.688555 0.338022 0.027616 0.049695
905 0.689015 0.386779 0.026695 0.034693
695 0.689782 0.436474 0.031298 0.043132
380 0.690242 0.484529 0.024241 0.048289
109 0.688708 0.536568 0.021786 0.048289
436 0.692237 0.578528 0.024547 0.030005
803 0.690703 0.616971 0.022093 0.039381
178 0.692237 0.661978 0.027616 0.037506
739 0.690703 0.710502 0.023934 0.047351
595 0.691930 0.760900 0.024547 0.044069
778 0.691163 0.806142 0.024854 0.042663
105 0.691470 0.849977 0.024854 0.042194
142 0.693004 0.902954 0.023627 0.042194
143 0.693464 0.953118 0.021479 0.043132
649 0.645904 0.101735 0.023934 0.047820
905 0.646057 0.151899 0.021786 0.045007
631 0.646824 0.199953 0.030684 0.041725
391 0.647131 0.247070 0.024547 0.045007
334 0.648665 0.289967 0.026388 0.037975
1018 0.649279 0.338490 0.031298 0.053446
689 0.647131 0.385607 0.029457 0.046414
481 0.648358 0.432255 0.025161 0.040319
91 0.647591 0.480309 0.023627 0.048289
880 0.648972 0.531411 0.030071 0.048289
878 0.649586 0.574543 0.020252 0.039850
431 0.650813 0.616268 0.022093 0.039850
507 0.651120 0.657056 0.028230 0.041725
749 0.651273 0.706985 0.036514 0.050633
404 0.652347 0.756681 0.030071 0.044069
474 0.651273 0.800750 0.022400 0.044069
142 0.652961 0.844585 0.031298 0.042663
1074 0.650046 0.897797 0.024854 0.039381
4 0.652961 0.945382 0.021479 0.038912
749 0.654649 0.981481 0.023627 0.033286
924 0.606321 0.095171 0.024547 0.033755
252 0.608162 0.138772 0.022706 0.051571
799 0.607855 0.374824 0.030684 0.035162
237 0.609236 0.418659 0.024241 0.042194
595 0.609389 0.457806 0.025161 0.029536
402 0.612611 0.490858 0.031605 0.036568
65 0.610617 0.533990 0.026388 0.037506
288 0.611537 0.580638 0.022093 0.046414
3 0.610924 0.625410 0.028230 0.037506
228 0.611230 0.676043 0.024547 0.044069
880 0.611077 0.716128 0.023013 0.038912
92 0.611537 0.760431 0.025775 0.049695
880 0.610463 0.812002 0.025468 0.040319
971 0.611230 0.857947 0.025775 0.046882
958 0.614913 0.904594 0.031912 0.042663
554 0.611537 0.948664 0.022706 0.036099
339 0.611077 0.982888 0.024854 0.032349
288 0.567199 0.097750 0.027923 0.036099
29 0.570727 0.144398 0.030684 0.035631
794 0.571034 0.194093 0.026388 0.046882
880 0.571494 0.244257 0.023627 0.038444
472 0.572415 0.284107 0.026082 0.041256
69 0.572722 0.325363 0.031605 0.043132
1032 0.572108 0.366620 0.024854 0.043132
121 0.571341 0.415846 0.033139 0.045945
855 0.571034 0.461556 0.024547 0.046414
1077 0.573335 0.503751 0.029764 0.034224
92 0.571187 0.539850 0.025468 0.040788
105 0.573949 0.583919 0.026082 0.044538
14 0.575023 0.622363 0.026388 0.031411
794 0.573182 0.668308 0.024547 0.045476
1032 0.572568 0.726207 0.022706 0.062822
881 0.571955 0.781763 0.022093 0.044538
855 0.573796 0.836615 0.024547 0.050164
315 0.572261 0.891936 0.020252 0.049226
631 0.574256 0.954993 0.025468 0.039381
470 0.575637 0.985466 0.026388 0.024379
926 0.527616 0.097281 0.023013 0.035162
843 0.527309 0.138537 0.020558 0.033286
930 0.528690 0.185420 0.020252 0.045476
69 0.529303 0.238865 0.023934 0.047351
481 0.532218 0.287623 0.030377 0.040788
840 0.530071 0.330989 0.027309 0.045007
481 0.529610 0.378809 0.024547 0.045945
91 0.528536 0.432021 0.027309 0.053915
852 0.529610 0.483122 0.020252 0.032349
450 0.531451 0.519456 0.025161 0.036568
1038 0.530224 0.560244 0.029457 0.046882
401 0.531298 0.602438 0.023627 0.033755
540 0.530071 0.640178 0.025468 0.036099
507 0.528536 0.692452 0.027923 0.051571
121 0.530224 0.738865 0.030071 0.039381
507 0.531145 0.783169 0.030071 0.044538
662 0.533292 0.830052 0.030684 0.046414
993 0.531758 0.878340 0.023934 0.045476
775 0.531605 0.928036 0.021786 0.041725
238 0.532525 0.974215 0.019331 0.042194
632 0.490948 0.107595 0.020252 0.046414
759 0.490488 0.157993 0.020558 0.047820
402 0.491408 0.203469 0.021786 0.038444
941 0.494937 0.231130 0.022706 0.026254
925 0.493403 0.264416 0.020252 0.030942
357 0.491715 0.350445 0.021172 0.051102
930 0.491408 0.400609 0.021172 0.039850
791 0.493710 0.444679 0.018411 0.042663
1067 0.495244 0.503751 0.027616 0.043601
91 0.493096 0.547820 0.017183 0.033286
245 0.493249 0.591186 0.016263 0.036568
722 0.495397 0.628692 0.021172 0.045007
981 0.497085 0.670417 0.023934 0.041256
402 0.496625 0.722222 0.019945 0.040788
941 0.496625 0.755509 0.018717 0.024848
474 0.496011 0.789498 0.015649 0.030942
481 0.496778 0.833099 0.017183 0.035631
96 0.497852 0.930614 0.015035 0.037506
1032 0.498006 0.975387 0.018411 0.037975
846 0.439705 0.095171 0.015956 0.023441
531 0.439399 0.109001 0.017183 0.034224
749 0.441393 0.177450 0.016263 0.028598
270 0.440166 0.247070 0.015035 0.045007
133 0.440319 0.260900 0.017183 0.029536
35 0.439399 0.289264 0.017183 0.022504
906 0.438018 0.315049 0.018104 0.037506
152 0.437404 0.338490 0.018104 0.030942
436 0.438325 0.350680 0.018104 0.037506
450 0.440319 0.390764 0.019024 0.031411
345 0.439705 0.429911 0.019024 0.042194
579 0.440626 0.477965 0.020252 0.033286
474 0.437711 0.525082 0.019945 0.040319
1060 0.436484 0.628223 0.026082 0.044069
1072 0.437097 0.731599 0.021786 0.041725
439 0.438018 0.775668 0.019945 0.042663
513 0.432955 0.884201 0.024547 0.046882
798 0.432801 0.933427 0.018104 0.035631
238 0.400890 0.105954 0.027923 0.048758
1018 0.397975 0.152836 0.028230 0.041256
105 0.399969 0.206048 0.024854 0.045476
1032 0.398435 0.242616 0.025468 0.019222
647 0.399356 0.265823 0.024854 0.043132
270 0.403191 0.308017 0.030071 0.036568
431 0.399049 0.351852 0.031605 0.047351
777 0.402117 0.401078 0.033446 0.041725
905 0.399662 0.450774 0.026082 0.044538
855 0.398435 0.498594 0.026082 0.050164
315 0.400276 0.556493 0.031605 0.044069
631 0.398895 0.597281 0.034980 0.034693
779 0.395520 0.644398 0.032525 0.057665
222 0.397361 0.703000 0.033753 0.047351
577 0.395213 0.749180 0.028230 0.036568
380 0.397668 0.783169 0.027616 0.027661
395 0.396287 0.825832 0.029150 0.050164
474 0.394293 0.881153 0.027002 0.037037
143 0.393526 0.929442 0.022400 0.043601
355 0.395520 0.974918 0.027002 0.042663
1059 0.360233 0.162916 0.030684 0.050164
995 0.356551 0.210033 0.026388 0.033755
173 0.361614 0.252696 0.033446 0.037506
270 0.358852 0.302157 0.024854 0.047351
778 0.356858 0.349508 0.027002 0.041725
173 0.358392 0.440928 0.025161 0.043601
152 0.357011 0.485701 0.029764 0.040319
602 0.357932 0.532818 0.030377 0.052977
1059 0.357472 0.576887 0.031298 0.033286
631 0.357625 0.620956 0.027923 0.044538
971 0.356091 0.668776 0.026082 0.044538
311 0.355477 0.716831 0.023013 0.043132
120 0.354557 0.764416 0.029150 0.038912
490 0.354403 0.810595 0.024547 0.050633
749 0.353176 0.864510 0.023934 0.051571
687 0.352716 0.913737 0.020558 0.041256
148 0.352562 0.963197 0.023934 0.048289
459 0.314820 0.107829 0.025775 0.054383
199 0.313440 0.159400 0.022400 0.046882
378 0.312826 0.203938 0.025468 0.043132
855 0.314667 0.253633 0.028536 0.039381
439 0.316355 0.300516 0.031298 0.045007
930 0.313900 0.399437 0.026388 0.053446
1048 0.315434 0.459916 0.023320 0.049695
1016 0.315588 0.507267 0.029150 0.040319
778 0.318963 0.552743 0.034673 0.045007
402 0.316508 0.601735 0.026695 0.039850
647 0.316355 0.643460 0.029457 0.035162
1039 0.314053 0.669714 0.027923 0.087670
721 0.312673 0.693390 0.025775 0.046882
389 0.310064 0.744257 0.026695 0.050164
665 0.311599 0.790202 0.033446 0.037975
635 0.309758 0.834740 0.028536 0.045476
674 0.310678 0.882560 0.021786 0.050164
717 0.313286 0.933193 0.029457 0.040788
401 0.312979 0.977262 0.023320 0.039850
380 0.274317 0.103844 0.031298 0.052039
105 0.274010 0.157290 0.025161 0.043601
143 0.275698 0.195734 0.027923 0.024848
1034 0.274317 0.232068 0.024547 0.042194
154 0.274624 0.284107 0.020252 0.045945
436 0.275084 0.338959 0.035287 0.050633
311 0.272476 0.384904 0.031912 0.040319
1077 0.275238 0.432724 0.031298 0.042194
944 0.272783 0.477496 0.027616 0.038912
1038 0.272476 0.563057 0.028230 0.050633
481 0.272630 0.609236 0.028536 0.037975
778 0.271249 0.658228 0.033139 0.048758
158 0.269561 0.708626 0.026082 0.048289
571 0.269561 0.764651 0.024854 0.060009
1038 0.267567 0.825363 0.025775 0.053915
1077 0.270942 0.877637 0.027002 0.036568
651 0.270635 0.961088 0.020865 0.043132
367 0.270175 0.991796 0.019331 0.016409
148 0.230899 0.151430 0.023627 0.039381
974 0.231052 0.192452 0.019024 0.037037
335 0.231359 0.243085 0.027616 0.054852
778 0.231206 0.298172 0.025468 0.048758
380 0.234888 0.342475 0.029764 0.026723
109 0.231666 0.383263 0.025775 0.038912
145 0.231052 0.426629 0.027002 0.039381
482 0.231359 0.474684 0.032525 0.053915
570 0.231206 0.522504 0.030991 0.043601
577 0.231973 0.569386 0.025775 0.041725
311 0.231513 0.619316 0.024854 0.045945
459 0.229518 0.675340 0.028230 0.057665
519 0.229979 0.724098 0.025468 0.039850
796 0.233200 0.775199 0.030071 0.050164
930 0.230285 0.828880 0.023013 0.046882
507 0.229979 0.880684 0.030377 0.044538
749 0.228137 0.926629 0.020558 0.044538
924 0.227831 0.976559 0.021172 0.037506
507 0.188248 0.100094 0.024854 0.050164
749 0.189322 0.155415 0.021479 0.052039
474 0.192083 0.204641 0.033139 0.046414
419 0.185947 0.255509 0.028230 0.043132
105 0.186867 0.306845 0.025775 0.052039
739 0.185333 0.353258 0.023934 0.041725
778 0.186407 0.396859 0.024854 0.044538
651 0.189168 0.447492 0.024241 0.049226
397 0.188401 0.495312 0.023934 0.047351
474 0.185026 0.542663 0.023320 0.045476
436 0.183799 0.591421 0.025161 0.048289
798 0.185640 0.644398 0.029457 0.045476
238 0.184106 0.693858 0.021479 0.043132
179 0.183338 0.735818 0.024241 0.043601
402 0.184412 0.784107 0.025775 0.050164
274 0.183185 0.827473 0.021479 0.033755
474 0.185333 0.876231 0.023934 0.050633
720 0.183952 0.925223 0.024241 0.042663
381 0.185640 0.976793 0.023934 0.033286
437 0.141148 0.101500 0.027002 0.048289
1004 0.144523 0.169480 0.030684 0.044538
808 0.100031 0.171355 0.029457 0.051102
730 0.102485 0.225270 0.041117 0.046414
1067 0.100951 0.270980 0.022093 0.049695
91 0.099877 0.323722 0.021786 0.042663
245 0.100798 0.379981 0.018104 0.038912
722 0.103099 0.421707 0.033139 0.045476
69 0.098343 0.476324 0.034673 0.051571
133 0.098496 0.531177 0.030071 0.051571
1041 0.096655 0.581106 0.030684 0.041725
906 0.094814 0.628926 0.025161 0.046414
402 0.095888 0.674402 0.023627 0.029536
706 0.095888 0.707454 0.024854 0.032818
713 0.094508 0.750586 0.022706 0.041256
185 0.091286 0.846460 0.019331 0.031411
869 0.092206 0.898265 0.026082 0.052508