404 0.808070 0.149789 0.030377 0.041725
751 0.809451 0.194093 0.025161 0.039381
431 0.806536 0.236287 0.030991 0.045945
958 0.804848 0.284576 0.028230 0.045945
148 0.807610 0.330052 0.021479 0.041256
133 0.806075 0.374824 0.027616 0.043601
775 0.810064 0.416784 0.019024 0.043132
734 0.810525 0.459681 0.025468 0.044538
673 0.811292 0.506564 0.026388 0.041725
885 0.812979 0.552274 0.029150 0.044069
148 0.812519 0.592593 0.023320 0.034693
133 0.813133 0.626582 0.028230 0.035162
775 0.814360 0.667135 0.027002 0.041256
109 0.812979 0.706985 0.023013 0.030005
107 0.810064 0.745429 0.023320 0.043132
930 0.807917 0.792311 0.027616 0.045007
1034 0.810064 0.841303 0.038048 0.042663
778 0.808223 0.885607 0.025775 0.038444
506 0.814820 0.931552 0.024241 0.038444
1067 0.758668 0.109470 0.026082 0.042663
91 0.759742 0.150961 0.020252 0.033755
245 0.762657 0.188936 0.034060 0.041256
722 0.759742 0.233005 0.039276 0.045007
651 0.755907 0.281528 0.023013 0.039850
958 0.757748 0.322550 0.024854 0.044069
148 0.759589 0.369902 0.027309 0.039381
133 0.759742 0.411392 0.030071 0.040788
775 0.760816 0.454290 0.019945 0.043132
375 0.761123 0.498125 0.030377 0.040788
676 0.762657 0.537037 0.021786 0.034224
10 0.762350 0.580872 0.029764 0.038444
148 0.760663 0.620956 0.022706 0.037037
133 0.761737 0.663385 0.032218 0.042194
645 0.760203 0.707220 0.027309 0.037975
685 0.760970 0.751289 0.023934 0.041725
642 0.764345 0.800281 0.027002 0.039381
751 0.763578 0.843647 0.023627 0.035162
148 0.762504 0.880919 0.022706 0.033755
133 0.761890 0.917722 0.031912 0.038912
775 0.763885 0.950774 0.020558 0.024379
1052 0.717551 0.110408 0.020558 0.045476
879 0.719239 0.160806 0.022706 0.047820
682 0.721694 0.212143 0.031298 0.040788
69 0.716477 0.258322 0.030684 0.045945
1032 0.718012 0.304266 0.028230 0.039381
727 0.719392 0.346460 0.029764 0.046882
408 0.716324 0.395921 0.024854 0.044538
474 0.717551 0.445382 0.023013 0.049695
723 0.716017 0.487811 0.024854 0.032349
1072 0.718319 0.528364 0.027002 0.045945
855 0.717858 0.578528 0.024854 0.046882
1067 0.720160 0.628223 0.025161 0.045945
91 0.718472 0.673230 0.023013 0.032818
245 0.719699 0.712377 0.017490 0.039850
722 0.725683 0.752930 0.034366 0.040319
963 0.723995 0.799578 0.035287 0.047351
69 0.722001 0.854665 0.022706 0.045945
651 0.723535 0.902250 0.028843 0.044538
958 0.722921 0.943741 0.020252 0.036568
148 0.674593 0.105954 0.026082 0.042194
133 0.674747 0.149789 0.020252 0.040788
775 0.674900 0.192218 0.029764 0.038444
147 0.677815 0.279419 0.021479 0.033755
642 0.678429 0.313877 0.026388 0.033286
719 0.676895 0.358884 0.022093 0.046414
674 0.677048 0.408111 0.027923 0.047351
290 0.677815 0.455227 0.027002 0.031880
763 0.679656 0.496718 0.028230 0.040788
994 0.677815 0.545945 0.028843 0.050164
1067 0.677969 0.593530 0.019945 0.031880
91 0.678429 0.627989 0.020252 0.035162
450 0.679043 0.670886 0.024547 0.046882
392 0.682111 0.716596 0.036821 0.043601
148 0.679656 0.760431 0.021479 0.035631
109 0.679503 0.799109 0.018104 0.031411
356 0.679810 0.838022 0.021172 0.044538
930 0.684719 0.881622 0.026695 0.040788
1067 0.683185 0.921238 0.020558 0.030005
91 0.683492 0.952180 0.022400 0.029067
450 0.637465 0.116971 0.023013 0.047351
40 0.638539 0.166432 0.019024 0.037506
419 0.637159 0.206282 0.026695 0.042194
431 0.638079 0.251992 0.032218 0.046414
958 0.635778 0.297703 0.025161 0.039381
148 0.637772 0.337787 0.024854 0.033286
133 0.638846 0.375059 0.032525 0.037506
775 0.641148 0.416081 0.019945 0.042663
2 0.642068 0.455696 0.026082 0.035631
248 0.644523 0.498359 0.030991 0.043132
148 0.638846 0.539147 0.021479 0.035631
133 0.639613 0.576184 0.029764 0.037506
775 0.641608 0.704876 0.022093 0.042663
1056 0.639613 0.751055 0.028536 0.039381
826 0.639460 0.797234 0.020865 0.042663
807 0.639920 0.841772 0.025468 0.042663
815 0.640534 0.883263 0.027923 0.043132
264 0.641761 0.924051 0.023013 0.033755
481 0.643909 0.954993 0.025468 0.030005
739 0.597576 0.115799 0.023627 0.034693
742 0.599110 0.164557 0.022400 0.044069
148 0.597883 0.211674 0.028536 0.048289
123 0.598803 0.261135 0.029764 0.048758
419 0.598957 0.304970 0.025161 0.029536
1059 0.601258 0.345523 0.026695 0.040319
468 0.598803 0.384669 0.026695 0.034224
224 0.602332 0.425457 0.030684 0.040788
474 0.599724 0.464604 0.027923 0.036568
981 0.601718 0.500938 0.020865 0.034224
546 0.601718 0.542194 0.025161 0.045476
40 0.603866 0.582044 0.026388 0.029536
481 0.601718 0.624004 0.021479 0.044069
1077 0.601411 0.667604 0.021479 0.040319
401 0.599417 0.718706 0.026082 0.047820
944 0.603406 0.769105 0.030377 0.044538
218 0.604173 0.814580 0.023934 0.037975
391 0.602946 0.863807 0.022706 0.037975
334 0.603099 0.897562 0.020558 0.028598
778 0.606168 0.933193 0.021172 0.034224
402 0.562749 0.161041 0.029457 0.036099
941 0.564437 0.197609 0.023013 0.034224
431 0.562596 0.235349 0.019945 0.027192
402 0.562442 0.274262 0.019638 0.045007
710 0.561675 0.315284 0.018717 0.033286
941 0.563363 0.358650 0.023934 0.040319
1 0.563363 0.402719 0.022706 0.045007
143 0.564284 0.445148 0.022093 0.034224
109 0.564744 0.487576 0.026082 0.035631
145 0.565818 0.531646 0.030071 0.042194
482 0.565204 0.573605 0.034980 0.040788
570 0.565204 0.605720 0.027616 0.017815
581 0.565204 0.636428 0.021479 0.036099
805 0.564744 0.680028 0.028536 0.038912
513 0.565971 0.719878 0.024854 0.034224
541 0.566585 0.760900 0.028536 0.042194
845 0.565818 0.807782 0.019024 0.036568
651 0.567352 0.850445 0.024547 0.034693
995 0.568886 0.889827 0.024547 0.038444
63 0.524394 0.127051 0.023934 0.039381
513 0.527309 0.176512 0.024241 0.044538
57 0.527156 0.219409 0.023934 0.042194
931 0.530531 0.270277 0.030071 0.044538
40 0.529764 0.311533 0.025468 0.037975
1 0.529917 0.357947 0.023934 0.042663
240 0.529610 0.399672 0.023320 0.037975
983 0.527769 0.437881 0.019024 0.029067
995 0.528076 0.468589 0.017797 0.030474
402 0.528690 0.503985 0.020865 0.033755
941 0.528690 0.546648 0.022093 0.040319
105 0.528230 0.592124 0.021172 0.038444
1032 0.529150 0.634552 0.020558 0.037037
778 0.530684 0.673465 0.027309 0.032349
115 0.528383 0.712143 0.022093 0.039381
721 0.528536 0.757384 0.020558 0.037037
389 0.530224 0.804032 0.020865 0.044069
651 0.531145 0.850211 0.022093 0.029536
264 0.533753 0.891702 0.019331 0.040319
468 0.493710 0.188233 0.020252 0.043601
910 0.491715 0.230661 0.018104 0.037506
629 0.491408 0.269808 0.019945 0.037037
1019 0.495091 0.345992 0.022400 0.036568
944 0.494477 0.386076 0.018717 0.030474
727 0.495091 0.423113 0.020558 0.031411
105 0.498006 0.458275 0.027002 0.035162
602 0.498159 0.492968 0.023627 0.031411
995 0.497699 0.531177 0.018411 0.030942
914 0.499847 0.568917 0.022093 0.041725
173 0.498773 0.621191 0.022400 0.044069
270 0.497699 0.668542 0.016569 0.031880
631 0.499693 0.710267 0.018717 0.030942
203 0.497392 0.751524 0.017183 0.034693
691 0.498773 0.790436 0.020558 0.030005
769 0.497699 0.826535 0.017183 0.030942
148 0.499233 0.863338 0.018411 0.030474
507 0.501534 0.901313 0.022400 0.036099
173 0.417613 0.138537 0.015956 0.032349
995 0.418073 0.185420 0.018717 0.042663
105 0.418226 0.229723 0.015956 0.036568
602 0.419454 0.266995 0.017797 0.035162
995 0.418226 0.301453 0.015956 0.031880
148 0.418380 0.342475 0.018717 0.030474
691 0.418994 0.382091 0.018717 0.034693
612 0.419300 0.424051 0.019945 0.037975
507 0.419914 0.458275 0.020558 0.030474
1055 0.419607 0.498828 0.020558 0.038444
914 0.420835 0.545710 0.020558 0.045007
105 0.420221 0.588139 0.020558 0.037975
602 0.420374 0.625410 0.020865 0.031880
914 0.421448 0.661275 0.016263 0.037037
975 0.420068 0.745663 0.016569 0.038912
688 0.420068 0.785748 0.017797 0.036568
970 0.419761 0.823019 0.017183 0.031411
778 0.419607 0.853024 0.017490 0.025785
602 0.389844 0.132443 0.019331 0.037037
612 0.390611 0.182607 0.017183 0.036099
45 0.390304 0.217300 0.018411 0.027661
829 0.389230 0.251055 0.016876 0.036099
105 0.388923 0.289967 0.019945 0.038912
624 0.389844 0.330989 0.027309 0.043132
1046 0.388616 0.378340 0.022400 0.042194
727 0.392145 0.424051 0.023934 0.044538
541 0.391071 0.463666 0.019945 0.031880
431 0.390917 0.503282 0.022706 0.039850
723 0.390457 0.543366 0.021172 0.035631
697 0.389537 0.591889 0.018104 0.034224
880 0.390917 0.629630 0.015956 0.030942
821 0.393219 0.666667 0.024854 0.035631
689 0.393219 0.706517 0.024854 0.040319
1067 0.393219 0.754571 0.021172 0.034224
91 0.390764 0.801688 0.021172 0.042194
245 0.392605 0.843413 0.024854 0.042194
722 0.391378 0.881153 0.019945 0.034224
928 0.358239 0.128692 0.019331 0.039850
419 0.359926 0.169948 0.025775 0.034224
313 0.358239 0.211674 0.019331 0.041725
523 0.359006 0.249180 0.024547 0.031411
115 0.357472 0.285748 0.020865 0.044538
270 0.357472 0.329348 0.022093 0.037975
775 0.357165 0.371777 0.019024 0.038444
764 0.359466 0.409048 0.025468 0.036099
793 0.358085 0.450539 0.020252 0.042194
264 0.356398 0.488748 0.022400 0.035162
880 0.357011 0.530474 0.021172 0.041725
211 0.358852 0.573136 0.023013 0.038912
880 0.357011 0.623066 0.019945 0.048758
134 0.357625 0.672527 0.019331 0.041725
594 0.358085 0.720581 0.020865 0.042194
69 0.356858 0.758087 0.017797 0.031880
880 0.357472 0.793015 0.017797 0.032349
1043 0.358699 0.825363 0.024547 0.033286
419 0.360540 0.861228 0.028843 0.034693
1067 0.361461 0.904594 0.025161 0.038912
91 0.323259 0.125410 0.026695 0.039850
245 0.322952 0.165026 0.023627 0.031880
722 0.322492 0.205813 0.022093 0.044069
69 0.321878 0.249883 0.023320 0.043132
602 0.320651 0.295827 0.029457 0.041256
290 0.322185 0.333568 0.022093 0.036099
401 0.321111 0.381153 0.020558 0.041256
723 0.322185 0.424519 0.022706 0.041725
550 0.321111 0.473980 0.026082 0.042194
441 0.326327 0.526254 0.030377 0.046414
351 0.322338 0.568917 0.019945 0.037037
503 0.323719 0.612518 0.028230 0.043601
994 0.322492 0.655180 0.020252 0.040788
1 0.322031 0.702766 0.018104 0.032818
148 0.321878 0.783872 0.020252 0.040319
550 0.322645 0.822082 0.023627 0.029536
749 0.322185 0.855368 0.019024 0.031411
1067 0.321264 0.892639 0.020865 0.038444
91 0.285057 0.126348 0.024547 0.043601
450 0.286438 0.172527 0.031605 0.035631
290 0.286284 0.214721 0.026388 0.037506
401 0.283829 0.261838 0.024547 0.045476
1050 0.283676 0.317862 0.029764 0.048758
371 0.286131 0.411158 0.032218 0.030005
438 0.282449 0.444679 0.026082 0.033286
319 0.283369 0.482654 0.023627 0.042663
503 0.283829 0.530005 0.020865 0.046414
419 0.283216 0.568448 0.023934 0.030474
344 0.283829 0.602907 0.021479 0.043132
1077 0.285364 0.648851 0.022093 0.043132
105 0.287358 0.695030 0.030991 0.041725
350 0.283369 0.741678 0.024854 0.047820
397 0.287051 0.787389 0.030991 0.039850
1046 0.283523 0.830755 0.019024 0.034693
749 0.285057 0.865682 0.022093 0.025785
309 0.286284 0.894046 0.022093 0.025316
921 0.283062 0.925692 0.026082 0.036099
177 0.249923 0.121660 0.023013 0.038912
921 0.248389 0.156353 0.019945 0.026723
571 0.249616 0.196437 0.022400 0.042194
402 0.249770 0.239569 0.020252 0.041256
65 0.249003 0.285748 0.021786 0.037975
1046 0.248849 0.323722 0.022706 0.036099
1072 0.248236 0.358884 0.017797 0.029536
855 0.248236 0.401547 0.019024 0.035162
401 0.247929 0.440694 0.021479 0.042194
129 0.247775 0.486873 0.019331 0.036099
1067 0.247929 0.524613 0.022706 0.040319
91 0.248389 0.541491 0.021172 0.043132
450 0.248542 0.572668 0.022706 0.034224
55 0.249156 0.587904 0.024547 0.041256
450 0.248849 0.626817 0.021479 0.032818
963 0.251151 0.661744 0.019331 0.027661
148 0.249156 0.698781 0.023320 0.037975
751 0.251764 0.743554 0.026695 0.040319
474 0.249616 0.784576 0.019331 0.033286
344 0.248236 0.824895 0.020252 0.034224
794 0.250537 0.882325 0.020558 0.027192
158 0.251764 0.917722 0.026082 0.036099
402 0.208193 0.210970 0.021172 0.042194
442 0.208806 0.258322 0.023627 0.048758
778 0.208960 0.305673 0.023320 0.038444
751 0.211875 0.344116 0.029150 0.038444
143 0.212642 0.382325 0.028843 0.031411
994 0.213256 0.418894 0.033753 0.040788
195 0.210341 0.460619 0.019945 0.035162
442 0.210341 0.495312 0.017490 0.035162
1077 0.209573 0.533286 0.024547 0.040788
69 0.210647 0.579934 0.025468 0.044069
1067 0.215557 0.622597 0.027309 0.039381
91 0.215250 0.659869 0.021172 0.032349
450 0.216017 0.699953 0.029457 0.037506
958 0.214636 0.739569 0.023013 0.031411
756 0.213102 0.776840 0.021786 0.029067
905 0.212028 0.814346 0.020252 0.038444
69 0.215250 0.852555 0.023627 0.035162
751 0.215864 0.893108 0.021786 0.037506
290 0.217091 0.929208 0.023627 0.034693
401 0.166462 0.127286 0.029764 0.044538
756 0.166616 0.168308 0.023934 0.031880
905 0.167076 0.211205 0.023627 0.042663
69 0.171065 0.255509 0.029764 0.040319
380 0.171372 0.294890 0.024854 0.034693
351 0.175821 0.330989 0.034980 0.040319
290 0.168763 0.373183 0.030684 0.040319
401 0.172599 0.418659 0.033446 0.046882
756 0.170604 0.466479 0.027002 0.045007
905 0.172292 0.558134 0.022400 0.037975
69 0.175054 0.602438 0.023013 0.042194
133 0.177662 0.650258 0.023320 0.042194
391 0.175514 0.739803 0.027616 0.032818
334 0.174593 0.781528 0.020865 0.035631
1080 0.173980 0.821847 0.027002 0.041256
749 0.173519 0.862166 0.022400 0.040319
786 0.174133 0.911627 0.022400 0.038912
356 0.123044 0.130567 0.021479 0.051102
1067 0.121817 0.178387 0.018411 0.032349
91 0.123197 0.216362 0.018717 0.035162
245 0.125192 0.252461 0.030071 0.037037
722 0.127647 0.292077 0.030684 0.039381
1018 0.125499 0.333099 0.020865 0.037975
109 0.125038 0.379278 0.022400 0.041256
930 0.124425 0.422644 0.023013 0.047351
905 0.124732 0.472808 0.023013 0.037975
764 0.128720 0.510314 0.032832 0.035162
317 0.125345 0.545710 0.022400 0.031880
577 0.125499 0.581341 0.023320 0.031880
801 0.127033 0.620722 0.024547 0.045945
956 0.124425 0.667135 0.019331 0.034693
791 0.124732 0.712143 0.026695 0.047820
845 0.125652 0.757384 0.026695 0.044538
504 0.126266 0.794421 0.027309 0.032349
751 0.125192 0.835209 0.021479 0.030474
941 0.126266 0.872246 0.020558 0.027661
721 0.126112 0.908111 0.021479 0.046882
389 0.125652 0.928973 0.021172 0.030474