502 0.835072 0.133849 0.022400 0.042663
803 0.832924 0.181669 0.024241 0.039850
956 0.833231 0.217768 0.021172 0.032349
105 0.833998 0.258087 0.023934 0.042663
791 0.834458 0.347164 0.020558 0.038912
749 0.835686 0.388654 0.020558 0.038444
727 0.834458 0.433896 0.022400 0.044538
408 0.836146 0.478669 0.023320 0.044069
930 0.836913 0.520394 0.027309 0.030942
445 0.836146 0.559775 0.022706 0.038444
468 0.837220 0.605720 0.021786 0.043132
105 0.838601 0.647914 0.030071 0.040319
14 0.835379 0.687764 0.032218 0.037506
485 0.838294 0.778247 0.021479 0.053446
281 0.785210 0.101735 0.025161 0.047820
401 0.784903 0.147211 0.025775 0.028129
22 0.784750 0.190577 0.026082 0.051102
743 0.785210 0.238865 0.023934 0.041725
55 0.786438 0.282935 0.023320 0.045476
857 0.784597 0.322316 0.027002 0.037037
474 0.787051 0.363104 0.023320 0.043601
963 0.787358 0.408579 0.024547 0.052039
930 0.786591 0.454290 0.025468 0.038444
120 0.788125 0.498828 0.027923 0.047820
481 0.788279 0.550398 0.023320 0.046882
148 0.787972 0.598687 0.020865 0.040319
391 0.785670 0.640178 0.024241 0.045476
334 0.786744 0.677918 0.021479 0.036568
796 0.790733 0.721753 0.031298 0.047351
1067 0.788739 0.771449 0.025468 0.046414
91 0.791654 0.824191 0.028843 0.045945
245 0.790427 0.864276 0.020252 0.031411
722 0.790427 0.898969 0.015956 0.035162
401 0.740411 0.097281 0.023934 0.041725
561 0.741792 0.144632 0.026082 0.041725
577 0.741945 0.187295 0.021479 0.036099
561 0.743786 0.226207 0.027002 0.037975
836 0.745167 0.266292 0.032218 0.041256
450 0.743019 0.318800 0.023013 0.052508
474 0.742559 0.364979 0.023934 0.037975
963 0.743480 0.415143 0.027002 0.053915
799 0.741792 0.460384 0.026695 0.035631
237 0.743480 0.496953 0.029457 0.030942
592 0.744554 0.536568 0.022400 0.045476
391 0.743480 0.587904 0.030071 0.048758
334 0.743480 0.632911 0.029457 0.042194
546 0.744554 0.680263 0.026695 0.044069
751 0.747315 0.726910 0.026082 0.037975
281 0.697913 0.108298 0.024854 0.050633
423 0.699141 0.176512 0.024854 0.047351
401 0.700982 0.221519 0.024241 0.040788
380 0.702056 0.256681 0.022093 0.024848
218 0.701135 0.300750 0.025775 0.046414
415 0.702056 0.349039 0.033753 0.044538
764 0.704971 0.391467 0.032218 0.039381
1010 0.704817 0.486170 0.021479 0.041256
930 0.704664 0.524144 0.024854 0.026254
380 0.703897 0.557665 0.019638 0.038912
1067 0.704971 0.592593 0.018104 0.031880
91 0.704357 0.628223 0.021172 0.042194
450 0.703283 0.680263 0.022706 0.040319
110 0.707579 0.770042 0.026388 0.041725
415 0.704357 0.864744 0.023013 0.035162
764 0.706658 0.906235 0.025775 0.043132
1010 0.706812 0.947726 0.021172 0.035162
609 0.656950 0.100328 0.022706 0.033755
69 0.657564 0.148617 0.022706 0.046882
109 0.658024 0.191749 0.027309 0.040319
145 0.659712 0.236053 0.025775 0.048289
482 0.659405 0.285982 0.022093 0.037506
570 0.659405 0.326535 0.022706 0.047351
401 0.658484 0.381622 0.027002 0.045007
919 0.659712 0.423582 0.022706 0.034224
569 0.658944 0.464369 0.024854 0.040788
716 0.659865 0.538678 0.022400 0.047820
673 0.662780 0.590248 0.019638 0.044069
380 0.663087 0.635021 0.019024 0.043601
1056 0.664621 0.672058 0.022093 0.021097
826 0.662933 0.706048 0.021172 0.034693
930 0.665388 0.750820 0.023013 0.042663
380 0.666155 0.798875 0.020252 0.045007
109 0.666309 0.883497 0.022400 0.050164
1072 0.666155 0.933193 0.019638 0.041725
855 0.666155 0.966948 0.015956 0.020159
1077 0.616600 0.110642 0.024241 0.045945
264 0.615680 0.154712 0.020558 0.039381
105 0.618748 0.193390 0.024854 0.030474
143 0.616447 0.228551 0.019638 0.037037
981 0.617981 0.268636 0.022706 0.042194
749 0.619822 0.358415 0.023934 0.045476
991 0.619515 0.404829 0.020252 0.040788
913 0.618441 0.457571 0.027923 0.050633
799 0.620282 0.500469 0.026695 0.033286
237 0.620589 0.541725 0.021786 0.040788
281 0.621817 0.593765 0.028536 0.052039
401 0.623964 0.641819 0.023627 0.034693
173 0.622584 0.676746 0.025161 0.031411
764 0.626726 0.720347 0.031605 0.046414
930 0.623658 0.776606 0.025468 0.049226
97 0.627186 0.871777 0.023934 0.033286
577 0.627033 0.917956 0.023013 0.030942
770 0.579932 0.112283 0.022093 0.036099
971 0.579626 0.156118 0.017797 0.041256
775 0.582387 0.200188 0.024547 0.038444
764 0.581467 0.243085 0.021479 0.044538
793 0.580393 0.282466 0.020558 0.029536
402 0.580853 0.322316 0.023934 0.052039
459 0.581467 0.373887 0.022093 0.040788
519 0.580853 0.413737 0.022706 0.037975
474 0.583154 0.455462 0.025468 0.043601
592 0.582387 0.497656 0.024547 0.037975
133 0.581927 0.541256 0.022400 0.040788
238 0.583615 0.584154 0.025775 0.035631
198 0.584689 0.661978 0.018104 0.027192
778 0.585456 0.696203 0.016569 0.031880
1067 0.587297 0.732302 0.027616 0.039381
91 0.586683 0.779653 0.026388 0.044069
245 0.588984 0.822550 0.023627 0.032349
722 0.588371 0.856071 0.019945 0.029067
436 0.588831 0.892171 0.019024 0.036568
173 0.543265 0.121191 0.022400 0.040788
595 0.543878 0.164557 0.023013 0.042194
1048 0.542958 0.207454 0.021786 0.040788
592 0.544646 0.248945 0.019638 0.030942
391 0.510893 0.135959 0.023934 0.049695
401 0.511046 0.189639 0.021172 0.035162
991 0.511507 0.227379 0.019638 0.033755
205 0.511967 0.240272 0.021172 0.032349
809 0.510893 0.273090 0.019638 0.028598
0 0.511507 0.311767 0.020252 0.034693
930 0.511507 0.347867 0.017797 0.032818
97 0.514422 0.393343 0.016263 0.042194
991 0.515035 0.442569 0.016263 0.037506
205 0.515496 0.483122 0.019024 0.032349
809 0.516876 0.524848 0.016263 0.039850
0 0.515496 0.563057 0.017183 0.030942
770 0.515649 0.598922 0.016263 0.029536
971 0.516416 0.636662 0.016569 0.030942
401 0.518871 0.680966 0.019024 0.041725
589 0.520252 0.725738 0.016263 0.028129
173 0.519178 0.757853 0.017183 0.032349
195 0.518871 0.793952 0.017183 0.033286
402 0.445535 0.130333 0.015956 0.027192
442 0.445689 0.167839 0.015649 0.035631
721 0.446303 0.203235 0.015035 0.029536
389 0.447223 0.214487 0.015035 0.029536
991 0.446303 0.252461 0.015035 0.035162
809 0.444615 0.291139 0.015342 0.031880
0 0.444001 0.327707 0.017797 0.034693
401 0.444922 0.368495 0.014728 0.035631
775 0.444922 0.418894 0.017183 0.038912
930 0.443081 0.458509 0.021479 0.037506
97 0.442927 0.507501 0.019331 0.040788
481 0.442467 0.545945 0.020252 0.034224
129 0.441853 0.584623 0.023320 0.037506
796 0.439705 0.629630 0.016569 0.033755
1067 0.437558 0.704876 0.020252 0.041725
91 0.436177 0.763947 0.022400 0.048289
450 0.435870 0.814112 0.019945 0.044538
281 0.436790 0.861697 0.020558 0.039381
401 0.437404 0.899437 0.018104 0.036099
811 0.439092 0.934130 0.022093 0.037037
499 0.414698 0.127520 0.021786 0.044069
568 0.414544 0.181200 0.023320 0.040788
930 0.412243 0.225035 0.022400 0.037506
829 0.411936 0.270745 0.019331 0.041725
651 0.412703 0.311064 0.023320 0.037975
811 0.411016 0.404126 0.019945 0.041256
778 0.409942 0.442335 0.021479 0.037975
641 0.408714 0.485935 0.030071 0.040788
595 0.407334 0.528364 0.020558 0.038444
663 0.406720 0.573371 0.022400 0.045945
838 0.407640 0.616268 0.023627 0.032349
546 0.405799 0.659869 0.026082 0.052039
751 0.405186 0.711674 0.026082 0.043132
930 0.405646 0.760666 0.029457 0.045476
472 0.403651 0.806376 0.021786 0.045007
69 0.405186 0.902485 0.023627 0.033755
123 0.405799 0.940459 0.023627 0.042194
507 0.378951 0.172527 0.024547 0.039381
749 0.377877 0.216362 0.020558 0.048289
446 0.378797 0.264651 0.021786 0.042663
896 0.377416 0.308251 0.025161 0.041725
538 0.376496 0.357478 0.024547 0.045476
829 0.375268 0.410220 0.022093 0.045007
391 0.374808 0.459447 0.023013 0.046882
334 0.374041 0.510549 0.031298 0.045007
148 0.372507 0.558368 0.026388 0.044069
964 0.371126 0.602907 0.020558 0.035631
281 0.370052 0.643694 0.022093 0.043132
401 0.368058 0.698078 0.023627 0.051571
641 0.368825 0.745663 0.022093 0.039850
429 0.369745 0.786217 0.020865 0.037506
836 0.370973 0.826067 0.030071 0.041256
325 0.369438 0.870605 0.026388 0.039381
507 0.371433 0.913268 0.022400 0.045007
507 0.371740 0.954993 0.024241 0.041256
641 0.335839 0.302391 0.030377 0.036568
930 0.338447 0.344820 0.023320 0.044538
878 0.335072 0.428036 0.021479 0.039381
431 0.335839 0.468823 0.019331 0.041256
507 0.333998 0.508908 0.025468 0.040788
641 0.336299 0.553211 0.023934 0.037506
1067 0.332157 0.602672 0.028536 0.058603
91 0.332924 0.656353 0.026388 0.044069
450 0.331697 0.704407 0.022706 0.037975
402 0.335993 0.751758 0.028843 0.049226
281 0.330623 0.806142 0.021172 0.049226
401 0.330469 0.854430 0.022093 0.039850
310 0.330009 0.900375 0.019331 0.047351
891 0.330469 0.940694 0.020252 0.033286
749 0.333078 0.973980 0.021786 0.031411
786 0.298098 0.215190 0.028536 0.053446
356 0.297484 0.265823 0.024854 0.041256
1067 0.296717 0.309658 0.025775 0.043601
91 0.295183 0.360994 0.024547 0.055321
245 0.297330 0.420769 0.033139 0.048289
722 0.296410 0.477262 0.030071 0.053446
281 0.295183 0.527661 0.025161 0.043601
401 0.294262 0.569855 0.024547 0.044538
1072 0.290273 0.617909 0.028230 0.047820
158 0.291807 0.665495 0.024547 0.037975
836 0.290733 0.713783 0.026082 0.048289
325 0.289046 0.755040 0.019024 0.032349
507 0.291347 0.792311 0.017490 0.031880
1072 0.288432 0.834740 0.021479 0.043601
281 0.288739 0.914674 0.020252 0.032818
401 0.260356 0.159634 0.028536 0.059541
212 0.260663 0.213549 0.024241 0.046414
1067 0.259435 0.257384 0.022400 0.044069
91 0.258822 0.306376 0.022400 0.047351
450 0.257901 0.350914 0.025468 0.039850
981 0.256060 0.392171 0.026082 0.042663
212 0.256367 0.438819 0.030991 0.048758
546 0.253912 0.492264 0.022400 0.041256
751 0.255907 0.556024 0.025775 0.065635
281 0.257134 0.572902 0.030684 0.030942
401 0.255293 0.609939 0.023934 0.043132
612 0.254219 0.654946 0.021172 0.034693
832 0.253912 0.696437 0.018104 0.033286
673 0.253605 0.734880 0.026082 0.037975
25 0.253759 0.779419 0.023320 0.043601
15 0.254219 0.881153 0.026695 0.047351
930 0.254066 0.929677 0.021479 0.040319
641 0.254833 0.972808 0.025468 0.044069
1077 0.222154 0.110408 0.024547 0.044538
91 0.220927 0.153540 0.029457 0.038912
450 0.217705 0.199719 0.025468 0.048758
701 0.219853 0.248242 0.026082 0.043601
680 0.218319 0.296296 0.024241 0.045007
934 0.219699 0.340131 0.023320 0.037975
148 0.219546 0.388186 0.027309 0.044069
281 0.217705 0.441397 0.027309 0.048289
401 0.218012 0.496953 0.022400 0.045945
769 0.217398 0.547586 0.021786 0.044069
855 0.214943 0.633146 0.027309 0.037037
69 0.213869 0.679559 0.025161 0.049226
546 0.216017 0.725738 0.032525 0.038444
751 0.214176 0.772152 0.023320 0.043132
366 0.214636 0.817862 0.023627 0.045476
107 0.216017 0.863104 0.023934 0.044069
930 0.216477 0.911627 0.025468 0.039850
55 0.218779 0.962729 0.025775 0.049226
119 0.176128 0.115331 0.025161 0.045007
109 0.176741 0.169714 0.023320 0.036568
145 0.175514 0.213080 0.029457 0.044538
482 0.174440 0.264416 0.027923 0.049695
570 0.172906 0.318565 0.029150 0.053915
602 0.174287 0.370839 0.027616 0.042194
778 0.173673 0.422175 0.026388 0.060478
1032 0.176128 0.477262 0.029457 0.046882
743 0.172446 0.522269 0.027002 0.046882
934 0.174440 0.579466 0.034060 0.060947
836 0.173519 0.637131 0.029150 0.055321
857 0.174133 0.694796 0.030991 0.045007
281 0.173059 0.744726 0.030684 0.044538
507 0.173673 0.795124 0.024547 0.050633
749 0.173213 0.851852 0.021786 0.050633
486 0.178889 0.908579 0.032525 0.048758
945 0.175207 0.959681 0.028843 0.042194
930 0.130868 0.114862 0.022400 0.049695
507 0.130562 0.169714 0.024241 0.054383
749 0.131329 0.224801 0.024547 0.044538
924 0.130255 0.268167 0.023013 0.036568
796 0.133170 0.320675 0.033753 0.053446
1080 0.128567 0.376231 0.022706 0.044538
1039 0.128260 0.424051 0.023320 0.047351
281 0.133783 0.477965 0.033139 0.049226
401 0.130562 0.529536 0.024854 0.043601
706 0.131789 0.575949 0.025468 0.038912
879 0.131175 0.620253 0.024854 0.045945
694 0.133170 0.668542 0.027002 0.043132
573 0.133783 0.714252 0.031298 0.042663
930 0.131482 0.763244 0.023013 0.051571
878 0.129488 0.806610 0.020865 0.032349
91 0.131482 0.845992 0.017490 0.036099
450 0.131789 0.891467 0.021172 0.046414
402 0.131942 0.936006 0.024547 0.037037
474 0.132556 0.974918 0.025775 0.037037