971 0.764191 0.343647 0.021786 0.040319
281 0.767720 0.383263 0.025775 0.036099
401 0.770175 0.423113 0.028230 0.040788
612 0.768794 0.467651 0.021786 0.036099
553 0.771863 0.510549 0.031605 0.042194
1080 0.770635 0.553915 0.023013 0.046414
610 0.772169 0.603610 0.027309 0.045476
493 0.771709 0.647679 0.025775 0.035162
930 0.774164 0.741913 0.032525 0.040788
829 0.716324 0.210736 0.026695 0.038912
493 0.716784 0.249648 0.031912 0.037037
507 0.719239 0.287389 0.034980 0.038444
749 0.718472 0.332161 0.030377 0.055790
924 0.719699 0.382325 0.025468 0.042663
401 0.720466 0.420300 0.021479 0.035162
481 0.723842 0.465776 0.031912 0.045476
1067 0.721847 0.510080 0.029150 0.041256
91 0.721234 0.554149 0.027923 0.047820
245 0.723228 0.612752 0.029457 0.052508
722 0.723535 0.675340 0.023934 0.041725
281 0.725069 0.724098 0.029457 0.039850
401 0.724149 0.767932 0.029457 0.041256
173 0.724762 0.812236 0.020252 0.042663
165 0.726603 0.856071 0.027616 0.036568
764 0.726603 0.898265 0.023934 0.038444
1010 0.668763 0.260197 0.030377 0.034693
577 0.668763 0.383029 0.023013 0.037506
380 0.671372 0.416784 0.020252 0.024379
143 0.672292 0.446789 0.021479 0.034693
627 0.671678 0.487811 0.025161 0.035162
1032 0.674593 0.531411 0.028536 0.045476
778 0.674440 0.578528 0.026388 0.036568
436 0.675974 0.621191 0.028230 0.043132
173 0.674747 0.664323 0.020252 0.037506
351 0.676588 0.705110 0.023934 0.036568
163 0.677662 0.748945 0.025468 0.043601
762 0.676588 0.791374 0.019024 0.036568
945 0.679349 0.826067 0.017183 0.032818
941 0.623504 0.083451 0.019638 0.031880
380 0.623811 0.127520 0.022706 0.041256
109 0.626573 0.172527 0.027616 0.045007
145 0.628567 0.224332 0.028536 0.050164
482 0.626573 0.270042 0.021479 0.034693
570 0.628414 0.314112 0.024547 0.045007
602 0.628107 0.359353 0.025775 0.045476
91 0.628874 0.411392 0.029150 0.052039
245 0.632249 0.462494 0.031605 0.045476
722 0.632556 0.509376 0.034673 0.040788
568 0.632096 0.552039 0.022706 0.046414
941 0.587604 0.286685 0.029457 0.035162
1046 0.586223 0.373652 0.027309 0.042194
541 0.588524 0.407407 0.022093 0.029067
711 0.587450 0.441397 0.024241 0.035162
778 0.586836 0.481247 0.032832 0.037037
901 0.588678 0.523441 0.022400 0.043601
889 0.589445 0.568448 0.025161 0.047351
836 0.591746 0.616034 0.023627 0.038444
764 0.595735 0.708158 0.026695 0.042663
1010 0.594814 0.750820 0.019945 0.032349
38 0.596502 0.783638 0.017183 0.033286
566 0.544646 0.290905 0.025775 0.042663
450 0.546180 0.342475 0.025775 0.048289
775 0.545566 0.386310 0.028843 0.042194
340 0.550169 0.433662 0.033753 0.045007
234 0.547867 0.479372 0.019945 0.045476
682 0.547867 0.528833 0.023013 0.044069
236 0.552470 0.573136 0.025468 0.044538
148 0.552317 0.621191 0.020252 0.042194
133 0.554004 0.737928 0.022400 0.043132
775 0.555078 0.782700 0.024547 0.045476
343 0.544492 0.950070 0.050629 0.042663
641 0.508898 0.354430 0.034060 0.041256
178 0.508285 0.395218 0.023013 0.037506
855 0.510126 0.443741 0.023013 0.043601
1067 0.509205 0.493202 0.023013 0.039381
91 0.512734 0.538209 0.024547 0.042194
245 0.517030 0.595406 0.028230 0.043132
722 0.517030 0.639241 0.025775 0.041725
148 0.517030 0.681435 0.021479 0.039850
143 0.518257 0.727145 0.019638 0.040319
567 0.518411 0.775668 0.020558 0.038912
450 0.464713 0.116034 0.017490 0.036099
351 0.465787 0.159165 0.020252 0.034224
148 0.466861 0.206282 0.023627 0.040319
143 0.466861 0.245195 0.018104 0.030005
421 0.468702 0.282935 0.016263 0.037975
726 0.469316 0.325598 0.018104 0.036099
378 0.457656 0.811767 0.014422 0.037975
589 0.458269 0.847632 0.015035 0.030005
1072 0.459804 0.894280 0.016263 0.025785
855 0.462105 0.927098 0.014115 0.031411
1077 0.463332 0.942569 0.014115 0.024848
721 0.380945 0.134318 0.020558 0.043601
389 0.382786 0.216362 0.019945 0.044538
546 0.381405 0.271214 0.020252 0.046414
751 0.383093 0.316456 0.023013 0.036568
203 0.380638 0.353493 0.021172 0.034693
474 0.382172 0.396156 0.019331 0.038444
343 0.382786 0.444679 0.018104 0.038912
148 0.382479 0.488045 0.019331 0.035631
1060 0.382940 0.526957 0.018411 0.038444
1072 0.383707 0.550867 0.019331 0.081575
1067 0.383860 0.575012 0.019024 0.037975
91 0.382172 0.621425 0.018104 0.040788
245 0.382786 0.661744 0.015649 0.033286
722 0.383860 0.697609 0.014728 0.033755
778 0.384781 0.736053 0.020865 0.035631
152 0.384781 0.777778 0.025161 0.038444
105 0.382172 0.824191 0.019945 0.039381
846 0.385394 0.865448 0.020865 0.037506
531 0.385241 0.902954 0.021786 0.035631
69 0.384934 0.924519 0.019331 0.030942
1065 0.349647 0.129864 0.019331 0.043132
930 0.351335 0.176043 0.023934 0.037037
589 0.349647 0.223394 0.024241 0.052977
749 0.350261 0.272152 0.024854 0.040788
546 0.348727 0.312471 0.019331 0.034224
751 0.348573 0.354899 0.019024 0.037506
723 0.348113 0.399437 0.019945 0.044069
105 0.349647 0.451711 0.018104 0.049226
1032 0.352716 0.504688 0.025468 0.044538
663 0.351028 0.560713 0.019024 0.040319
747 0.313593 0.199953 0.025775 0.041725
930 0.314053 0.234880 0.019945 0.027192
589 0.313286 0.316690 0.026388 0.044538
380 0.314207 0.367089 0.027002 0.047820
983 0.315434 0.410924 0.020252 0.035162
1007 0.313900 0.446554 0.023934 0.035162
479 0.315741 0.489686 0.031912 0.047351
473 0.313900 0.547351 0.020865 0.049226
234 0.317736 0.594233 0.028536 0.039850
682 0.276005 0.124941 0.023627 0.045476
236 0.274931 0.170652 0.017183 0.037506
211 0.275391 0.208861 0.024241 0.042663
328 0.276772 0.251758 0.030071 0.043132
401 0.279380 0.294187 0.028536 0.044538
513 0.277079 0.336850 0.025775 0.035162
607 0.275238 0.422175 0.024547 0.044538
513 0.275545 0.468120 0.022093 0.044538
438 0.276619 0.521331 0.025468 0.045945
517 0.275238 0.563760 0.027002 0.042663
1072 0.276772 0.609705 0.022093 0.041725
694 0.278153 0.653071 0.032832 0.037506
499 0.277846 0.700188 0.023627 0.044538
568 0.278153 0.744257 0.021172 0.040788
1077 0.279227 0.786685 0.022093 0.040319
401 0.279687 0.837553 0.023013 0.046414
541 0.281375 0.885138 0.029457 0.045007
808 0.279840 0.927567 0.023320 0.039850
607 0.239337 0.122832 0.023320 0.039381
910 0.237956 0.170886 0.023013 0.045476
1067 0.238263 0.213783 0.021172 0.039381
91 0.239951 0.253165 0.027616 0.036568
450 0.238110 0.294187 0.020865 0.039850
5 0.240104 0.332161 0.019945 0.026723
317 0.238877 0.369667 0.021786 0.036099
794 0.237803 0.416081 0.025775 0.038912
158 0.240411 0.503516 0.029150 0.045007
1000 0.237343 0.549226 0.032218 0.042663
481 0.240871 0.595171 0.025161 0.041725
621 0.241178 0.635490 0.025161 0.031411
729 0.240871 0.672761 0.025775 0.040319
439 0.242252 0.715659 0.023627 0.038912
371 0.242406 0.758087 0.016569 0.032818
708 0.245321 0.793952 0.028536 0.035162
809 0.245781 0.836146 0.032525 0.041725
715 0.244554 0.878340 0.021479 0.037037
482 0.246241 0.915377 0.022400 0.034224
706 0.247469 0.947492 0.030377 0.032818
58 0.200215 0.119081 0.021786 0.036568
879 0.201902 0.167135 0.020865 0.043601
1067 0.201749 0.209330 0.023627 0.037975
91 0.203283 0.254805 0.029764 0.047351
245 0.203590 0.304735 0.024854 0.044069
722 0.203743 0.353493 0.020252 0.043132
920 0.204817 0.400375 0.026082 0.045007
1038 0.206045 0.445148 0.026695 0.039850
519 0.203437 0.484529 0.022093 0.037037
236 0.203743 0.526723 0.020865 0.040788
681 0.203283 0.567745 0.024241 0.042194
1004 0.205124 0.608064 0.021786 0.034693
431 0.206045 0.643929 0.025468 0.037975
944 0.206045 0.681435 0.022400 0.031411
772 0.204511 0.718003 0.032218 0.040788
58 0.207732 0.763244 0.024547 0.045007
635 0.206045 0.810361 0.024241 0.045476
912 0.208039 0.859587 0.021479 0.041725
344 0.210647 0.941632 0.021172 0.041725
142 0.161706 0.127051 0.030071 0.052508
1080 0.159712 0.170652 0.029150 0.033755
265 0.160172 0.207923 0.025775 0.037037
571 0.161706 0.247304 0.021479 0.038912
70 0.162013 0.292546 0.027616 0.045007
778 0.161859 0.339897 0.028536 0.040319
380 0.162166 0.383966 0.021786 0.044069
995 0.163701 0.428504 0.023627 0.041256
153 0.163394 0.466245 0.022400 0.032349
541 0.164468 0.502344 0.023934 0.036099
845 0.166462 0.541022 0.030377 0.038444
431 0.166922 0.589076 0.025161 0.041725
763 0.166002 0.627286 0.020865 0.033755
721 0.166002 0.660806 0.025161 0.030474
389 0.167076 0.699484 0.023013 0.039381
1067 0.167229 0.744726 0.029457 0.040788
91 0.167229 0.782700 0.027002 0.037975
245 0.170758 0.820910 0.024241 0.033755
754 0.171218 0.851149 0.020252 0.027661
402 0.170298 0.889827 0.020252 0.035631
513 0.171525 0.920066 0.020865 0.026723
763 0.171218 0.950070 0.026388 0.031411
930 0.119669 0.122832 0.020865 0.041256
1032 0.122430 0.168776 0.023934 0.044069
591 0.120743 0.212611 0.023627 0.037037
1065 0.123658 0.258087 0.028230 0.047351
657 0.123044 0.299344 0.021479 0.028598
754 0.124732 0.333568 0.029764 0.040788
36 0.122584 0.374824 0.026695 0.037037
7 0.122737 0.404594 0.023320 0.028129
871 0.122737 0.438584 0.023934 0.034224
173 0.122277 0.478200 0.021172 0.041256
43 0.122737 0.514768 0.025161 0.026254
69 0.124271 0.550398 0.023934 0.040319
411 0.124271 0.592593 0.019638 0.034693
401 0.125192 0.632443 0.023320 0.040319
173 0.127033 0.686357 0.024547 0.049695
592 0.127647 0.729020 0.025775 0.031880
391 0.128107 0.763713 0.022400 0.036568
334 0.127033 0.803329 0.026388 0.037037
1063 0.126726 0.844585 0.023320 0.036099
1063 0.129641 0.877637 0.028536 0.026254
143 0.130562 0.915377 0.037742 0.041725
173 0.129334 0.954290 0.021786 0.034224
995 0.079165 0.126348 0.022706 0.041725
55 0.079932 0.171355 0.024241 0.041725
450 0.082541 0.212377 0.030684 0.041256
764 0.081774 0.249180 0.029150 0.037037
1077 0.083308 0.290202 0.032218 0.042194
697 0.079165 0.333568 0.028843 0.039850
837 0.080239 0.378106 0.021786 0.037037
794 0.079779 0.414205 0.022093 0.036099
92 0.081006 0.454055 0.028843 0.039850
392 0.081927 0.491092 0.022706 0.026723
1067 0.084228 0.522269 0.029764 0.038444
91 0.081620 0.562353 0.026388 0.043601
245 0.083461 0.612283 0.025161 0.049695
722 0.082694 0.657525 0.019945 0.029536
640 0.081927 0.691983 0.022093 0.030005
743 0.082847 0.727145 0.025161 0.036568
1 0.081620 0.770277 0.021479 0.037506
1046 0.083308 0.816221 0.021786 0.039381
1024 0.085302 0.855134 0.020865 0.032818
353 0.084382 0.893343 0.020252 0.041725
631 0.084995 0.925457 0.024547 0.027192
603 0.087143 0.953586 0.027002 0.027192