1077 0.827248 0.115331 0.025775 0.043132
393 0.826020 0.162916 0.025775 0.042663
834 0.827708 0.199719 0.027923 0.028129
1067 0.827401 0.235818 0.027923 0.044069
91 0.827094 0.285513 0.023627 0.048758
245 0.826481 0.326535 0.020558 0.037037
722 0.826327 0.364744 0.018411 0.039381
474 0.829089 0.406704 0.028230 0.038912
697 0.831850 0.449133 0.035594 0.041256
993 0.829242 0.487811 0.027923 0.038912
401 0.832771 0.529067 0.030684 0.047351
129 0.829089 0.578059 0.030071 0.049695
993 0.828782 0.623066 0.026388 0.037506
238 0.832617 0.662682 0.027923 0.039850
713 0.832311 0.710736 0.030377 0.050633
148 0.832004 0.761838 0.023627 0.043132
18 0.830776 0.812236 0.027309 0.042663
457 0.831083 0.856774 0.023013 0.037037
674 0.832464 0.897562 0.028843 0.034224
0 0.830776 0.938584 0.021786 0.039381
474 0.783369 0.112986 0.028843 0.038444
781 0.782449 0.151899 0.024547 0.040319
697 0.782602 0.192921 0.024854 0.041725
55 0.782909 0.237225 0.021786 0.045007
857 0.786438 0.282466 0.028230 0.043601
474 0.784443 0.325129 0.023013 0.041725
963 0.784750 0.368964 0.028536 0.050633
344 0.783983 0.410689 0.025161 0.036568
546 0.787665 0.453352 0.033139 0.046882
791 0.789046 0.504454 0.031605 0.052508
834 0.785824 0.549930 0.025775 0.040319
402 0.788125 0.592358 0.034673 0.038912
941 0.787205 0.637365 0.021786 0.052977
393 0.787358 0.682138 0.025161 0.035631
697 0.784903 0.715659 0.019638 0.032349
7 0.784443 0.751055 0.032832 0.039381
105 0.788125 0.796062 0.028536 0.045945
811 0.789199 0.838490 0.022706 0.039850
754 0.786438 0.875293 0.021479 0.034693
930 0.786284 0.915846 0.021172 0.037037
62 0.787972 0.953118 0.021479 0.037506
754 0.740258 0.114862 0.020558 0.044069
96 0.742252 0.161275 0.030684 0.040319
516 0.742559 0.197609 0.030071 0.028598
419 0.740258 0.241913 0.023013 0.043132
69 0.740258 0.285045 0.024854 0.042194
7 0.739951 0.329348 0.034673 0.040788
1032 0.743019 0.370839 0.034060 0.040319
811 0.741639 0.412799 0.027002 0.038912
721 0.740411 0.458040 0.025161 0.041256
441 0.740718 0.499766 0.027002 0.036568
7 0.741639 0.537271 0.023320 0.031880
651 0.742099 0.575949 0.025468 0.040788
14 0.741945 0.620019 0.023934 0.038912
796 0.742866 0.657056 0.020865 0.034224
1 0.742252 0.696203 0.022093 0.041256
474 0.745014 0.743085 0.031912 0.045945
811 0.742866 0.790202 0.027002 0.039850
754 0.742252 0.834271 0.025775 0.038912
778 0.743019 0.876465 0.023627 0.038912
1032 0.743326 0.914440 0.026082 0.037037
743 0.745321 0.954993 0.025161 0.039381
934 0.696533 0.161978 0.025161 0.037975
148 0.697300 0.207689 0.028536 0.045007
754 0.697453 0.252696 0.019638 0.042194
401 0.699141 0.295593 0.026695 0.043601
173 0.698067 0.339194 0.026388 0.039850
995 0.700675 0.372246 0.024241 0.031880
69 0.700522 0.408579 0.025161 0.037975
743 0.703130 0.448429 0.024241 0.037975
904 0.703743 0.486873 0.024241 0.036099
882 0.704511 0.526957 0.025775 0.034693
7 0.704511 0.564698 0.022093 0.037037
971 0.703897 0.606657 0.023934 0.039381
995 0.703437 0.644866 0.020558 0.036099
459 0.704511 0.686592 0.025161 0.040788
519 0.704204 0.733240 0.020252 0.050633
836 0.704050 0.777543 0.022400 0.033286
704 0.706505 0.816925 0.032218 0.042663
578 0.707426 0.860291 0.030377 0.041256
474 0.703743 0.900609 0.021172 0.036568
105 0.704357 0.938819 0.023013 0.043601
366 0.657871 0.118612 0.020865 0.040319
107 0.658944 0.167839 0.024241 0.045007
595 0.658484 0.211439 0.021479 0.043132
754 0.658944 0.255743 0.022400 0.037975
401 0.659712 0.294421 0.024547 0.037506
173 0.659098 0.333099 0.020252 0.035162
1 0.659251 0.368026 0.021172 0.030005
995 0.659712 0.402016 0.019024 0.037037
173 0.661399 0.438819 0.019331 0.037506
595 0.661092 0.476324 0.025468 0.034693
778 0.664161 0.518753 0.027923 0.047351
366 0.664161 0.568917 0.027923 0.045476
107 0.664314 0.613455 0.026388 0.037975
1063 0.661399 0.651899 0.022400 0.036099
1063 0.660939 0.693390 0.021479 0.037506
173 0.661246 0.730895 0.021479 0.038444
754 0.662933 0.772621 0.022400 0.040319
742 0.663547 0.815049 0.022400 0.037975
401 0.665081 0.858181 0.025468 0.033286
803 0.665081 0.886545 0.020558 0.023441
481 0.664314 0.920066 0.020865 0.035162
754 0.666309 0.955931 0.024854 0.035631
796 0.623811 0.156118 0.028230 0.039381
402 0.622430 0.203704 0.023627 0.043601
69 0.623197 0.245898 0.022706 0.039850
546 0.624425 0.290436 0.020865 0.040788
751 0.624271 0.328411 0.019945 0.035162
743 0.623504 0.368729 0.022093 0.041725
133 0.624425 0.408579 0.022093 0.037975
238 0.625192 0.453821 0.021786 0.044069
199 0.624118 0.487811 0.019638 0.024848
526 0.624885 0.517346 0.024854 0.034224
1003 0.626419 0.554852 0.023013 0.036099
402 0.627800 0.590248 0.020865 0.030942
941 0.627340 0.622832 0.022400 0.032349
778 0.627033 0.656821 0.026695 0.034693
141 0.626573 0.695265 0.022706 0.040319
565 0.627033 0.734646 0.022400 0.036568
697 0.627340 0.773090 0.024854 0.035631
441 0.627647 0.815987 0.024241 0.037975
594 0.629794 0.854430 0.026695 0.036099
474 0.629027 0.919597 0.020252 0.030474
546 0.628720 0.951008 0.018411 0.033286
436 0.583921 0.122832 0.028230 0.035631
803 0.584689 0.171824 0.024854 0.039850
481 0.588217 0.218003 0.023320 0.037506
69 0.586683 0.256681 0.020252 0.034224
751 0.585609 0.295593 0.018104 0.038912
995 0.585916 0.337084 0.021786 0.036568
1067 0.586223 0.379278 0.023627 0.041256
91 0.587910 0.417956 0.022706 0.032349
245 0.587757 0.454993 0.023013 0.035162
722 0.586990 0.494374 0.024547 0.040788
431 0.589445 0.532818 0.022706 0.036099
640 0.590058 0.567745 0.019638 0.028129
697 0.589905 0.609001 0.022400 0.043132
1 0.591286 0.650023 0.015342 0.033286
474 0.592360 0.686357 0.016263 0.033755
105 0.593127 0.723629 0.020865 0.036099
995 0.593587 0.759259 0.024854 0.032349
803 0.595735 0.797234 0.025468 0.039850
754 0.595581 0.839897 0.025161 0.042663
148 0.593127 0.881153 0.024547 0.037037
914 0.595735 0.919362 0.021172 0.038444
477 0.595735 0.952649 0.021172 0.030942
754 0.548174 0.132208 0.023013 0.035631
778 0.547407 0.174168 0.017797 0.032349
105 0.550936 0.207454 0.023013 0.034224
1032 0.550936 0.242616 0.019331 0.031411
743 0.551396 0.277309 0.018411 0.038912
1 0.550322 0.314815 0.018104 0.031411
474 0.550169 0.352555 0.017797 0.031880
995 0.551703 0.393343 0.019024 0.035631
803 0.552317 0.428504 0.019024 0.034693
754 0.551089 0.467182 0.017797 0.035162
148 0.551243 0.508908 0.019331 0.036099
914 0.553084 0.550633 0.019331 0.037037
477 0.557226 0.591655 0.022706 0.035631
754 0.555692 0.634083 0.019638 0.041725
778 0.556919 0.714721 0.022093 0.042663
743 0.556306 0.754102 0.019024 0.033286
105 0.556459 0.793249 0.019331 0.036568
107 0.556919 0.830286 0.017183 0.033755
289 0.557686 0.859119 0.018104 0.026723
0 0.558607 0.893343 0.018717 0.032349
401 0.558760 0.928270 0.020252 0.034693
380 0.519024 0.214955 0.016263 0.032349
109 0.520405 0.253399 0.019638 0.039850
481 0.521632 0.287857 0.019024 0.026254
1067 0.521632 0.321144 0.018411 0.034693
91 0.522093 0.357947 0.016263 0.022035
245 0.522706 0.390999 0.016876 0.030942
722 0.521479 0.429911 0.016876 0.034693
69 0.522246 0.470230 0.015956 0.034693
602 0.522400 0.507501 0.015035 0.033286
778 0.524241 0.547351 0.021786 0.036099
391 0.527156 0.590248 0.025161 0.042194
334 0.525315 0.627989 0.020865 0.035162
1032 0.526235 0.669245 0.019638 0.037975
229 0.526388 0.711908 0.021172 0.039850
673 0.528230 0.756915 0.024241 0.037975
706 0.527309 0.799344 0.021172 0.045007
474 0.529150 0.887717 0.018717 0.036099
541 0.432188 0.135490 0.018104 0.035631
711 0.432495 0.175809 0.017490 0.037506
964 0.434182 0.215893 0.016569 0.035162
148 0.436023 0.257384 0.017797 0.035631
743 0.435103 0.294421 0.018411 0.034693
431 0.434949 0.330052 0.015035 0.030005
631 0.434796 0.369902 0.018411 0.037506
964 0.433722 0.407173 0.021172 0.036099
803 0.434643 0.442804 0.022400 0.032349
754 0.436330 0.515237 0.018411 0.031880
401 0.435410 0.551336 0.019638 0.038444
173 0.435103 0.593061 0.019024 0.036568
995 0.435716 0.668776 0.019024 0.033286
796 0.437711 0.712143 0.018104 0.040319
477 0.435410 0.753868 0.017797 0.033755
754 0.435410 0.789030 0.017797 0.037506
401 0.434029 0.827942 0.017490 0.030005
173 0.435256 0.855602 0.016876 0.027192
914 0.434336 0.882794 0.016263 0.026254
796 0.435103 0.916315 0.019638 0.042663
1 0.399509 0.136662 0.021479 0.040788
995 0.401964 0.180028 0.023934 0.034693
803 0.402271 0.216831 0.019638 0.036099
148 0.401504 0.250117 0.019331 0.029536
914 0.400430 0.282935 0.019024 0.027661
477 0.402117 0.317159 0.018717 0.034224
754 0.403651 0.351852 0.018717 0.037975
778 0.402731 0.396624 0.018717 0.036568
1032 0.403345 0.436240 0.019331 0.037975
402 0.404419 0.472808 0.018411 0.026723
513 0.404265 0.508204 0.024241 0.039381
148 0.404572 0.542897 0.018104 0.029067
754 0.404572 0.577356 0.020558 0.034224
1067 0.404112 0.616268 0.015342 0.029536
91 0.404725 0.650727 0.014728 0.033755
245 0.405032 0.686826 0.020865 0.031880
722 0.406873 0.721519 0.023320 0.036568
640 0.405339 0.761135 0.018411 0.037975
1003 0.404265 0.801219 0.024854 0.038444
673 0.407180 0.873183 0.020865 0.034224
441 0.406106 0.908579 0.020558 0.030942
749 0.406720 0.936474 0.018717 0.031411
1018 0.368365 0.134787 0.019331 0.046414
605 0.369592 0.178387 0.021786 0.033286
845 0.367291 0.216362 0.020865 0.029536
697 0.366523 0.256915 0.021786 0.041256
1 0.368365 0.347632 0.023013 0.043601
995 0.366217 0.392874 0.021786 0.041256
803 0.367444 0.431552 0.021172 0.035162
754 0.368058 0.470933 0.023627 0.041725
778 0.368365 0.517346 0.019331 0.037037
743 0.368825 0.555087 0.019024 0.037506
105 0.368671 0.593765 0.021172 0.035162
107 0.369899 0.630802 0.019945 0.037037
941 0.371433 0.666198 0.018104 0.031880
697 0.372200 0.745429 0.019024 0.038444
803 0.372814 0.784810 0.019638 0.040319
754 0.372200 0.829583 0.019024 0.042663
401 0.373427 0.867792 0.019024 0.031880
173 0.374041 0.909048 0.023320 0.034693
995 0.329856 0.130333 0.019024 0.045007
796 0.329242 0.176043 0.021479 0.031411
930 0.329396 0.211205 0.020558 0.034224
577 0.330623 0.255977 0.025468 0.042194
173 0.330469 0.302157 0.024547 0.043601
995 0.332004 0.346226 0.025775 0.041725
944 0.330469 0.385373 0.021479 0.032818
964 0.331237 0.422410 0.026695 0.042194
402 0.329549 0.465307 0.022706 0.043601
69 0.328628 0.511486 0.023934 0.035631
964 0.331543 0.551571 0.019331 0.037037
743 0.332771 0.586732 0.020558 0.032349
778 0.333078 0.627520 0.023627 0.037975
173 0.335226 0.670652 0.025468 0.044538
995 0.333538 0.712846 0.021479 0.037975
796 0.333845 0.753165 0.022093 0.042663
401 0.334919 0.791139 0.017490 0.033286
481 0.334765 0.824426 0.016569 0.034224
1067 0.337373 0.859587 0.024854 0.032349
91 0.337373 0.930849 0.018717 0.025785
245 0.289199 0.132443 0.027309 0.051102
722 0.290887 0.181200 0.028230 0.043601
402 0.289813 0.225738 0.024854 0.040788
69 0.289659 0.266526 0.030684 0.044538
391 0.292114 0.352555 0.027616 0.042194
334 0.292421 0.399906 0.023320 0.045945
743 0.293802 0.443038 0.024854 0.036568
392 0.294262 0.480309 0.021479 0.036099
930 0.293648 0.519925 0.030071 0.043132
69 0.294722 0.559541 0.027923 0.039850
229 0.292114 0.608064 0.023934 0.036568
673 0.294876 0.649555 0.028230 0.043601
706 0.293342 0.688233 0.020252 0.033755
391 0.294569 0.718706 0.019024 0.028129
334 0.295796 0.748945 0.025775 0.033286
1032 0.295796 0.789967 0.020865 0.045007
791 0.295489 0.838490 0.020252 0.040788
1067 0.295950 0.883732 0.022400 0.041256
91 0.297637 0.926395 0.024547 0.042194
450 0.297024 0.966010 0.028843 0.038912
391 0.254526 0.171120 0.025468 0.033755
334 0.253299 0.207454 0.023627 0.039850
721 0.253759 0.243319 0.021479 0.029067
389 0.255753 0.277309 0.025468 0.037975
173 0.254833 0.311767 0.024854 0.031880
995 0.255753 0.346226 0.027309 0.029536
799 0.257441 0.386545 0.025775 0.031411
237 0.259742 0.420534 0.031605 0.040319
402 0.259589 0.462025 0.025161 0.042663
69 0.257288 0.509376 0.021786 0.043601
964 0.255753 0.553446 0.030377 0.040788
494 0.261276 0.588139 0.024241 0.026723
513 0.259129 0.629161 0.026082 0.047820
288 0.258668 0.676278 0.024547 0.040788
262 0.260970 0.711439 0.022400 0.027661
474 0.261430 0.742850 0.022093 0.034224
380 0.259742 0.781060 0.023013 0.034693
1018 0.263885 0.822550 0.030071 0.040788
995 0.259129 0.863104 0.029150 0.041256
1004 0.261123 0.901547 0.022706 0.031880
431 0.261890 0.935771 0.019945 0.027192
1067 0.261890 0.965073 0.018104 0.034224
91 0.214176 0.161041 0.023934 0.037975
245 0.215403 0.203938 0.031912 0.045945
722 0.214483 0.276371 0.028230 0.040788
402 0.214636 0.316221 0.024241 0.027661
69 0.214636 0.349977 0.021786 0.034224
380 0.215250 0.393108 0.023013 0.042663
109 0.215250 0.483357 0.021786 0.040319
602 0.215557 0.526489 0.026082 0.037506
105 0.217858 0.565401 0.027616 0.041256
142 0.218472 0.609001 0.020865 0.043132
1024 0.220160 0.651195 0.024241 0.046882
631 0.220773 0.693624 0.033446 0.037975
930 0.223535 0.735349 0.024854 0.041725
69 0.220006 0.776840 0.022093 0.044069
415 0.220773 0.820206 0.023627 0.038912
764 0.221847 0.860994 0.022706 0.038912
1010 0.224762 0.901078 0.023627 0.034693
401 0.223842 0.936474 0.022400 0.033286
610 0.170758 0.122832 0.030377 0.034693
591 0.169684 0.164088 0.021479 0.040319
1065 0.170451 0.206282 0.023013 0.041256
1063 0.169070 0.251055 0.024547 0.040788
1063 0.171218 0.287623 0.025161 0.026723
38 0.170298 0.320910 0.025775 0.038912
262 0.169837 0.365448 0.029150 0.044538
143 0.174593 0.405063 0.029457 0.032818
380 0.172752 0.442569 0.021479 0.041256
526 0.173366 0.485466 0.027616 0.039850
1003 0.173519 0.524379 0.022400 0.035162
1077 0.177048 0.565401 0.027002 0.046882
105 0.172752 0.607126 0.023934 0.030005
811 0.173673 0.648617 0.023934 0.040788
474 0.174133 0.690577 0.020558 0.042194
697 0.176895 0.738397 0.020558 0.045945
605 0.178429 0.785513 0.024854 0.036099
589 0.178122 0.827942 0.023627 0.039381
450 0.180730 0.876465 0.023934 0.038912
356 0.127800 0.126817 0.029150 0.038912
526 0.125959 0.159400 0.021172 0.025316
1 0.125345 0.194562 0.020558 0.033755
723 0.125652 0.236287 0.018717 0.033755
1032 0.127033 0.272855 0.020252 0.030942
450 0.130868 0.307548 0.029764 0.037506
91 0.132096 0.349273 0.032218 0.040319
245 0.128720 0.393812 0.024854 0.045945
722 0.129334 0.445148 0.023627 0.048289
14 0.129948 0.516878 0.023013 0.037037
994 0.130868 0.556259 0.026695 0.037975
380 0.130562 0.596812 0.024241 0.036568
105 0.133783 0.639475 0.027616 0.043132
811 0.132709 0.682841 0.023013 0.032349
474 0.134244 0.721753 0.026082 0.037037
697 0.133783 0.761369 0.021479 0.043132
7 0.135164 0.811767 0.021786 0.039850
526 0.134397 0.897797 0.023934 0.030942
450 0.134090 0.936943 0.030071 0.043601
605 0.135164 0.974449 0.026082 0.031411