450 0.820804 0.151899 0.023934 0.036568
475 0.821878 0.353727 0.023627 0.042663
1080 0.828782 0.450774 0.020252 0.045476
1017 0.827708 0.498828 0.021786 0.042194
474 0.827094 0.547586 0.021172 0.042194
956 0.828782 0.596343 0.022093 0.048758
6 0.827554 0.641585 0.017797 0.032349
143 0.830930 0.678153 0.018411 0.037037
582 0.829242 0.719878 0.022400 0.039850
755 0.830623 0.758322 0.023320 0.035162
475 0.778920 0.253868 0.027309 0.035162
778 0.779227 0.292077 0.031605 0.036568
1018 0.778766 0.335209 0.023934 0.041256
366 0.778613 0.385373 0.024854 0.044069
905 0.782142 0.428739 0.025775 0.035162
794 0.782449 0.475387 0.023320 0.047820
952 0.783062 0.526723 0.021479 0.042663
847 0.783216 0.564229 0.020558 0.030474
778 0.784443 0.650961 0.021786 0.047351
143 0.787358 0.741444 0.022706 0.040788
567 0.786284 0.789498 0.018717 0.045945
672 0.786131 0.836381 0.020252 0.044069
156 0.786591 0.879512 0.020558 0.036568
561 0.787665 0.916784 0.023934 0.037037
474 0.736269 0.223863 0.023627 0.044538
1046 0.735655 0.270511 0.026695 0.036568
393 0.736422 0.311767 0.021479 0.036568
332 0.737189 0.360759 0.020558 0.044538
603 0.738570 0.403422 0.026388 0.042663
475 0.739644 0.447726 0.020558 0.040319
143 0.740104 0.494374 0.020252 0.044538
791 0.744707 0.537506 0.030071 0.037975
1041 0.742099 0.581106 0.024241 0.037975
906 0.744400 0.620253 0.023320 0.030942
697 0.746088 0.657759 0.031605 0.040319
595 0.746241 0.698781 0.028230 0.037037
880 0.747162 0.737693 0.023320 0.039850
5 0.745781 0.783872 0.021172 0.047820
402 0.745934 0.830755 0.020252 0.038444
880 0.746088 0.871542 0.022400 0.035631
645 0.747162 0.911392 0.021479 0.043132
993 0.700061 0.230192 0.022400 0.036568
672 0.700828 0.269105 0.020865 0.038444
393 0.702516 0.311064 0.021786 0.041725
697 0.702056 0.358415 0.020865 0.040788
105 0.701289 0.401313 0.021786 0.041256
14 0.702976 0.436240 0.020252 0.034224
475 0.703897 0.449133 0.025775 0.056259
401 0.703897 0.469995 0.031298 0.036099
1 0.704511 0.507267 0.023320 0.040319
1041 0.706505 0.550633 0.021786 0.037975
906 0.705278 0.589076 0.020558 0.030474
754 0.706812 0.628926 0.021786 0.040788
143 0.708346 0.666198 0.026082 0.037506
1076 0.706505 0.709564 0.023013 0.044538
798 0.708960 0.759962 0.021172 0.044069
1077 0.710034 0.883497 0.020865 0.031411
517 0.662933 0.133849 0.019945 0.044538
474 0.664928 0.175340 0.019638 0.034693
264 0.667229 0.220816 0.030377 0.043132
1034 0.663547 0.273324 0.020558 0.035631
1046 0.664928 0.302625 0.020252 0.029536
1063 0.664468 0.338959 0.026695 0.042194
546 0.664161 0.389827 0.021172 0.052039
402 0.665388 0.434599 0.021172 0.033755
658 0.666462 0.469292 0.022706 0.037506
748 0.665235 0.511252 0.025775 0.043601
194 0.667076 0.550633 0.022093 0.038912
474 0.665848 0.596343 0.022093 0.048758
143 0.673059 0.646273 0.030991 0.043601
264 0.671832 0.690108 0.021786 0.042194
1034 0.673366 0.732068 0.035287 0.040788
148 0.673059 0.781763 0.023013 0.051102
105 0.674287 0.880684 0.022400 0.044538
472 0.625192 0.127051 0.027309 0.027192
972 0.625805 0.293483 0.026082 0.043132
905 0.625805 0.334271 0.019331 0.030942
744 0.629027 0.383497 0.025161 0.049695
950 0.630408 0.424519 0.026082 0.030474
378 0.630101 0.464135 0.023013 0.045007
506 0.628720 0.511486 0.029457 0.045007
1067 0.631329 0.555790 0.029150 0.044538
91 0.633323 0.593765 0.027002 0.034224
450 0.632863 0.633380 0.021172 0.045007
778 0.634090 0.672058 0.023013 0.038912
349 0.636238 0.709330 0.029150 0.039381
114 0.636085 0.749883 0.024547 0.041725
871 0.635931 0.792311 0.021786 0.042194
794 0.636545 0.834740 0.023627 0.038912
474 0.593740 0.340366 0.023320 0.032818
972 0.595428 0.379512 0.026695 0.038912
905 0.596042 0.420300 0.023013 0.040788
603 0.595121 0.460384 0.018104 0.033755
393 0.595888 0.496953 0.016569 0.035631
785 0.596042 0.535865 0.022400 0.042194
697 0.599417 0.582513 0.023013 0.044538
794 0.598803 0.632911 0.019945 0.043132
791 0.598036 0.676278 0.023320 0.042663
905 0.602179 0.727848 0.022400 0.043601
754 0.602639 0.768636 0.026388 0.037975
567 0.601718 0.815518 0.023320 0.038912
439 0.605247 0.859119 0.023627 0.037975
778 0.560141 0.183310 0.029150 0.039381
650 0.558914 0.224566 0.021786 0.033755
439 0.561369 0.265354 0.021786 0.041256
754 0.560141 0.311767 0.021786 0.040319
109 0.561369 0.350914 0.025468 0.036099
402 0.561829 0.391936 0.021479 0.043132
710 0.562136 0.435068 0.022706 0.039381
1032 0.563210 0.477028 0.021786 0.043601
38 0.565664 0.522035 0.023013 0.040788
262 0.566431 0.563994 0.021479 0.036568
950 0.565051 0.609705 0.021786 0.050164
697 0.567505 0.657993 0.021786 0.036099
3 0.567966 0.697843 0.022706 0.038912
105 0.569500 0.737225 0.020865 0.033286
109 0.568733 0.771683 0.019945 0.030942
1032 0.529764 0.285279 0.018717 0.042663
791 0.530684 0.366385 0.016876 0.034224
513 0.532065 0.409283 0.018411 0.038444
93 0.532372 0.449602 0.016569 0.033755
648 0.533906 0.533052 0.015956 0.033755
65 0.538816 0.611111 0.020865 0.031411
650 0.537588 0.647914 0.017183 0.043132
1049 0.538509 0.689639 0.015956 0.027192
555 0.541270 0.724566 0.018411 0.031411
1063 0.540963 0.766526 0.019638 0.038444
1063 0.540503 0.783638 0.015035 0.027661
109 0.540043 0.821847 0.014115 0.033755
402 0.540657 0.852555 0.017797 0.026723
710 0.448604 0.144866 0.020252 0.038444
1032 0.450138 0.186123 0.019024 0.031880
603 0.449831 0.222222 0.023934 0.036568
393 0.450598 0.263713 0.020558 0.041725
697 0.450752 0.307548 0.018411 0.044069
475 0.449831 0.354899 0.019024 0.041256
143 0.449678 0.400375 0.019331 0.041256
811 0.448757 0.511486 0.019331 0.031880
749 0.447990 0.551336 0.020865 0.041256
1077 0.448144 0.596343 0.019945 0.045007
676 0.448144 0.636428 0.023013 0.030474
594 0.446609 0.674402 0.027923 0.037037
143 0.446763 0.710267 0.022093 0.033755
1049 0.446149 0.749414 0.021479 0.037037
555 0.447837 0.792546 0.021786 0.042663
290 0.445229 0.836381 0.021479 0.044069
401 0.446609 0.881153 0.022400 0.042663
672 0.417153 0.135490 0.026695 0.032818
650 0.417920 0.177684 0.022093 0.039381
1016 0.418073 0.224332 0.020558 0.034224
133 0.417459 0.271449 0.024854 0.045945
794 0.418840 0.313877 0.021479 0.038912
20 0.419607 0.351617 0.024854 0.029067
1042 0.417920 0.385373 0.023320 0.038444
749 0.416692 0.425223 0.023320 0.039381
1077 0.417459 0.462729 0.021786 0.030005
546 0.416999 0.508908 0.020252 0.041725
751 0.415925 0.551102 0.024854 0.037037
746 0.416232 0.588139 0.020558 0.039850
474 0.415618 0.632443 0.022400 0.037506
115 0.416079 0.676981 0.022093 0.043132
950 0.413931 0.713315 0.019024 0.027661
791 0.413164 0.746835 0.018717 0.034693
402 0.414544 0.828176 0.021479 0.045476
941 0.414391 0.867089 0.020558 0.034224
105 0.415005 0.902485 0.024854 0.036568
142 0.383400 0.133380 0.022400 0.041725
349 0.384934 0.173933 0.022400 0.028129
631 0.382479 0.217768 0.028536 0.041725
105 0.383860 0.264885 0.020252 0.045007
290 0.385548 0.303094 0.023013 0.024848
513 0.385241 0.335677 0.023627 0.034693
1019 0.384167 0.370136 0.024547 0.036099
1077 0.383246 0.415846 0.022093 0.045007
619 0.383553 0.464135 0.023320 0.043132
778 0.383860 0.507032 0.030684 0.041725
393 0.383400 0.551571 0.023013 0.043601
107 0.383093 0.594233 0.023013 0.044538
888 0.382019 0.636662 0.020865 0.037506
909 0.382479 0.674402 0.020558 0.037975
778 0.382019 0.712143 0.022706 0.036568
474 0.383246 0.749180 0.020865 0.032818
950 0.382786 0.791139 0.020558 0.043601
1002 0.380792 0.838725 0.021479 0.037506
956 0.380945 0.880919 0.024241 0.045007
791 0.381866 0.919362 0.022400 0.031880
964 0.351028 0.133615 0.019638 0.047820
114 0.348266 0.182841 0.027002 0.046882
1001 0.348727 0.227145 0.022400 0.033286
577 0.348573 0.313408 0.027002 0.037037
759 0.350107 0.352321 0.025775 0.038912
474 0.349954 0.396624 0.025468 0.042194
755 0.350107 0.437412 0.022706 0.041256
163 0.347039 0.479606 0.026388 0.043132
513 0.350568 0.519691 0.028536 0.031411
907 0.348113 0.557665 0.021172 0.040788
256 0.348113 0.600328 0.025468 0.044538
143 0.348420 0.646976 0.025468 0.043132
125 0.347653 0.690342 0.018411 0.031411
697 0.346118 0.728083 0.019024 0.039381
1018 0.348573 0.773324 0.026388 0.038912
14 0.344124 0.818097 0.019945 0.042194
796 0.346425 0.859587 0.022093 0.034224
143 0.345812 0.896859 0.026388 0.031880
1049 0.345505 0.933427 0.025775 0.035631
555 0.310064 0.124238 0.021172 0.038444
474 0.309451 0.162916 0.025468 0.032349
55 0.311138 0.203938 0.021479 0.043132
135 0.309451 0.252227 0.021786 0.050633
794 0.309144 0.298875 0.019331 0.035162
650 0.309451 0.339194 0.020558 0.044538
1047 0.308530 0.383029 0.021172 0.041256
905 0.307763 0.426160 0.019024 0.042194
778 0.307303 0.468823 0.019945 0.039381
651 0.306843 0.515002 0.022706 0.049226
367 0.274624 0.121660 0.022093 0.040788
1039 0.274317 0.164323 0.020252 0.043601
971 0.272169 0.207454 0.029457 0.037975
143 0.273550 0.244491 0.019945 0.033286
513 0.274471 0.281528 0.026082 0.039850
798 0.274931 0.323722 0.028843 0.040788
823 0.273550 0.367323 0.019945 0.046414
479 0.272630 0.413737 0.025468 0.048289
749 0.272783 0.463666 0.022093 0.048758
862 0.271556 0.517581 0.024547 0.038444
193 0.270789 0.559072 0.023013 0.038912
474 0.271863 0.606657 0.022706 0.044069
1002 0.272476 0.649555 0.022706 0.037037
871 0.271556 0.692218 0.017797 0.045476
129 0.269715 0.739803 0.020865 0.047820
923 0.271863 0.790202 0.028230 0.046414
370 0.268180 0.835443 0.022093 0.041256
344 0.269254 0.875293 0.023013 0.036568
142 0.270789 0.918190 0.033446 0.046414
1002 0.271709 0.957571 0.025468 0.029536
393 0.237496 0.121191 0.028843 0.043601
280 0.238570 0.166901 0.021786 0.041256
513 0.237803 0.206517 0.025775 0.031411
672 0.235655 0.248242 0.022093 0.039850
436 0.234428 0.290670 0.025775 0.043132
310 0.234888 0.331692 0.024241 0.035162
546 0.234274 0.379278 0.026695 0.045007
751 0.233507 0.428036 0.022706 0.041256
36 0.233507 0.510783 0.024547 0.040788
697 0.231359 0.552274 0.023320 0.038444
754 0.232126 0.593530 0.030991 0.041256
1002 0.232587 0.634318 0.027616 0.033755
845 0.232433 0.673230 0.026082 0.038444
742 0.231513 0.710033 0.022400 0.027661
846 0.229672 0.746367 0.023627 0.038444
147 0.229979 0.790202 0.021172 0.044538
475 0.233507 0.834505 0.027616 0.036568
603 0.230592 0.873183 0.021172 0.039850
1002 0.231973 0.910689 0.024547 0.034224
366 0.230132 0.950539 0.026388 0.043601
513 0.197913 0.115331 0.023934 0.032818
242 0.195459 0.158931 0.026388 0.038444
280 0.195766 0.201828 0.022706 0.042663
1067 0.195612 0.241913 0.020558 0.033755
91 0.197913 0.279184 0.027002 0.041725
245 0.196840 0.323488 0.032218 0.042194
722 0.196226 0.368729 0.026695 0.038912
294 0.194998 0.470699 0.029764 0.041256
963 0.196686 0.512189 0.027002 0.038912
332 0.195919 0.554852 0.026695 0.045476
129 0.194385 0.607361 0.029150 0.047351
1002 0.193925 0.655180 0.027616 0.038912
1016 0.192083 0.695030 0.026388 0.036099
603 0.193618 0.737459 0.025161 0.042194
785 0.188862 0.782232 0.025468 0.041725
697 0.188401 0.830755 0.021479 0.047820
594 0.190703 0.875293 0.020558 0.041256
993 0.189936 0.914909 0.022706 0.040788
651 0.189782 0.955696 0.020558 0.035162
401 0.148972 0.119081 0.024241 0.044069
62 0.148819 0.159869 0.023934 0.035631
880 0.150199 0.204407 0.023627 0.047820
474 0.150660 0.254571 0.023320 0.047820
281 0.149279 0.297234 0.025468 0.040319
880 0.151887 0.338490 0.025161 0.040319
401 0.149893 0.373418 0.021786 0.030474
129 0.153421 0.411158 0.030071 0.034693
402 0.150813 0.458275 0.023627 0.041725
65 0.149279 0.497656 0.019331 0.038912
1067 0.152808 0.536568 0.031912 0.041725
91 0.152961 0.579934 0.037742 0.043132
245 0.151120 0.624473 0.030991 0.049695
722 0.150660 0.676278 0.020252 0.042663
393 0.150660 0.728317 0.028230 0.040788
516 0.146364 0.772855 0.027616 0.044538
987 0.146057 0.813643 0.025161 0.035162
481 0.146517 0.859587 0.025468 0.039850
69 0.147745 0.899437 0.028536 0.038912
956 0.144063 0.949133 0.022400 0.041725