1046 0.809911 0.126113 0.026695 0.047820
240 0.808070 0.172293 0.021786 0.037975
778 0.810218 0.218237 0.030377 0.042663
107 0.808837 0.264651 0.025775 0.040788
850 0.808377 0.308017 0.023013 0.044069
958 0.811445 0.353493 0.029764 0.036568
794 0.806689 0.399906 0.026388 0.047820
164 0.808990 0.448664 0.025468 0.047820
69 0.811138 0.496953 0.028536 0.042194
880 0.808070 0.541022 0.022400 0.041256
38 0.806996 0.587436 0.024547 0.041256
253 0.805769 0.629864 0.021479 0.041725
905 0.804541 0.681669 0.021479 0.043132
69 0.801319 0.732536 0.021172 0.048289
603 0.802087 0.777778 0.027002 0.041256
778 0.803467 0.819503 0.021172 0.038444
129 0.805922 0.862869 0.025468 0.040788
696 0.804234 0.911158 0.020252 0.042663
1077 0.805769 0.954290 0.025775 0.037037
393 0.803007 0.985232 0.024547 0.028598
497 0.762811 0.122597 0.031298 0.032349
1002 0.760816 0.443741 0.023627 0.050164
474 0.764038 0.496015 0.024547 0.047820
603 0.761890 0.586029 0.023320 0.045945
431 0.760816 0.631974 0.025468 0.040319
107 0.763118 0.671120 0.026388 0.033286
964 0.762964 0.717534 0.024854 0.044538
1077 0.765419 0.763713 0.027309 0.048758
596 0.764191 0.815284 0.032832 0.053446
673 0.762350 0.862166 0.029764 0.041256
1038 0.764959 0.904360 0.032525 0.045945
909 0.758361 0.956165 0.030991 0.046414
778 0.763578 0.983826 0.027923 0.029536
297 0.720927 0.128458 0.020558 0.042194
401 0.720927 0.170652 0.016263 0.037506
391 0.719853 0.212143 0.019638 0.044538
334 0.719699 0.270277 0.023627 0.041725
1077 0.720927 0.312471 0.022400 0.036099
1067 0.720927 0.355134 0.020558 0.045476
91 0.722461 0.399672 0.020558 0.044538
450 0.720006 0.455462 0.027923 0.052977
96 0.720773 0.504454 0.020865 0.037506
644 0.719086 0.546414 0.023013 0.038912
69 0.720160 0.589311 0.034366 0.045007
650 0.720927 0.641585 0.026082 0.054852
829 0.717551 0.693624 0.025468 0.046414
1049 0.718779 0.737225 0.025468 0.037037
555 0.719239 0.781060 0.024547 0.054383
930 0.717398 0.838725 0.023934 0.038444
14 0.717091 0.924519 0.020865 0.038444
541 0.716477 0.965307 0.022093 0.035631
711 0.675361 0.132911 0.027002 0.046414
794 0.678582 0.180497 0.025468 0.043132
1077 0.678429 0.274730 0.022093 0.037506
147 0.677355 0.318565 0.024241 0.042663
164 0.677815 0.371542 0.025161 0.051102
69 0.678122 0.419597 0.026388 0.041256
603 0.677662 0.458978 0.021786 0.035631
778 0.676741 0.502344 0.027309 0.046414
1048 0.635778 0.131505 0.025775 0.043601
69 0.636545 0.177450 0.026082 0.041725
1046 0.634244 0.222925 0.023320 0.043601
344 0.633170 0.263947 0.024241 0.036568
1077 0.633323 0.344351 0.024547 0.037037
829 0.633170 0.380684 0.019945 0.040319
697 0.635318 0.428973 0.024854 0.049695
971 0.634397 0.477731 0.021786 0.045945
787 0.634550 0.518753 0.022706 0.040788
972 0.634857 0.554852 0.026388 0.037037
507 0.635011 0.596578 0.027309 0.037975
905 0.636238 0.638068 0.023013 0.041256
578 0.633323 0.681903 0.021479 0.038912
474 0.634704 0.724566 0.022400 0.037037
143 0.633783 0.767698 0.019945 0.041725
513 0.633937 0.808486 0.031298 0.037037
905 0.634397 0.846460 0.021786 0.035162
190 0.633323 0.881857 0.029457 0.032818
974 0.633630 0.916315 0.019638 0.033286
335 0.635164 0.954055 0.018411 0.045007
778 0.599724 0.138772 0.020558 0.044069
255 0.597576 0.181200 0.016263 0.030474
105 0.598496 0.259962 0.026695 0.039850
972 0.597269 0.299344 0.023627 0.036099
148 0.597576 0.338022 0.023013 0.038444
794 0.596195 0.377872 0.031298 0.042194
513 0.597883 0.412330 0.024854 0.028598
288 0.596962 0.447726 0.026082 0.037506
438 0.599570 0.485701 0.023934 0.034693
603 0.598803 0.521097 0.020558 0.034224
928 0.597269 0.559306 0.023013 0.037506
571 0.597883 0.602907 0.024854 0.039381
804 0.594661 0.641819 0.023934 0.036568
474 0.594968 0.682841 0.022706 0.039850
995 0.594047 0.724332 0.023934 0.042194
608 0.594047 0.769105 0.020865 0.042663
357 0.595888 0.811767 0.025775 0.039850
420 0.594201 0.852086 0.021786 0.038912
474 0.594814 0.894280 0.021786 0.040788
794 0.595428 0.939287 0.017490 0.040788
350 0.596962 0.952649 0.017490 0.025316
152 0.564284 0.131505 0.023934 0.035162
1080 0.566738 0.167839 0.026388 0.035631
829 0.565511 0.208392 0.022093 0.040788
571 0.564437 0.248476 0.021172 0.040319
804 0.566278 0.289498 0.023627 0.033286
1077 0.566431 0.328645 0.025161 0.036568
393 0.565051 0.365213 0.026082 0.038444
956 0.562749 0.410689 0.020865 0.040319
791 0.564130 0.449133 0.024241 0.038444
672 0.562136 0.541022 0.022093 0.044069
965 0.561369 0.589780 0.020558 0.044069
659 0.562289 0.638537 0.027923 0.044069
836 0.559681 0.681669 0.020865 0.036568
1040 0.561522 0.721988 0.025775 0.034693
603 0.561675 0.757618 0.023013 0.030942
290 0.559681 0.800281 0.028843 0.039381
513 0.559221 0.841303 0.023627 0.044538
155 0.560755 0.889827 0.023013 0.044069
433 0.561829 0.936006 0.022093 0.040788
778 0.530684 0.142757 0.024241 0.042663
546 0.528843 0.181200 0.021172 0.030474
605 0.529764 0.215893 0.021172 0.030474
603 0.530071 0.251758 0.021172 0.041256
697 0.529150 0.295359 0.020558 0.038444
573 0.530071 0.338490 0.018717 0.043132
710 0.529150 0.382560 0.019331 0.041256
475 0.528536 0.424754 0.021786 0.045007
155 0.529303 0.477496 0.019638 0.037975
1002 0.529457 0.552274 0.021172 0.040319
270 0.527923 0.592593 0.019945 0.040319
880 0.529150 0.635490 0.019945 0.040788
155 0.527923 0.724332 0.020558 0.035631
930 0.528536 0.766526 0.019331 0.041256
505 0.526849 0.811064 0.022706 0.043132
105 0.527462 0.854430 0.020252 0.037037
143 0.527309 0.896624 0.020558 0.040788
972 0.527923 0.933896 0.021786 0.035631
905 0.498466 0.147679 0.027923 0.037506
602 0.493863 0.193390 0.026695 0.041725
928 0.496625 0.233474 0.021172 0.036568
357 0.500307 0.274496 0.028536 0.037037
420 0.497085 0.358884 0.020865 0.040788
594 0.498466 0.400609 0.018104 0.038912
1032 0.502148 0.442100 0.026082 0.035631
989 0.498619 0.483357 0.025161 0.042194
270 0.497699 0.522269 0.017797 0.032818
791 0.498006 0.561650 0.021479 0.042194
941 0.498159 0.607361 0.027309 0.044538
794 0.496011 0.653774 0.020558 0.038912
393 0.497392 0.692452 0.021479 0.033755
349 0.495397 0.729723 0.019331 0.037975
603 0.496011 0.771917 0.021786 0.037037
651 0.495858 0.810830 0.018411 0.033286
972 0.494937 0.848101 0.022093 0.034693
905 0.495091 0.892405 0.024241 0.037037
69 0.495397 0.925692 0.021786 0.033286
325 0.426665 0.110642 0.014422 0.043132
95 0.426511 0.162682 0.015956 0.039381
335 0.427892 0.255743 0.014422 0.031411
545 0.427278 0.295124 0.016876 0.032349
474 0.428506 0.336146 0.017490 0.034693
212 0.428659 0.381153 0.016569 0.039381
402 0.427125 0.464604 0.019024 0.042194
65 0.426358 0.516409 0.019331 0.047351
129 0.426051 0.566338 0.018717 0.045007
1077 0.423596 0.615096 0.024241 0.039381
402 0.423750 0.656353 0.017797 0.029067
941 0.422983 0.740272 0.023627 0.045007
393 0.422829 0.788326 0.021479 0.037975
972 0.424363 0.825129 0.021479 0.024379
905 0.422369 0.896156 0.019945 0.037037
1077 0.422215 0.943741 0.020252 0.041256
673 0.394906 0.106657 0.020252 0.045476
457 0.395520 0.200891 0.021479 0.034224
672 0.398128 0.247070 0.025468 0.047820
431 0.395980 0.335443 0.023627 0.041725
697 0.395827 0.382560 0.026388 0.052508
367 0.397515 0.433427 0.023627 0.037975
754 0.398895 0.474449 0.030684 0.044069
338 0.397515 0.525551 0.023013 0.049695
1004 0.395980 0.577825 0.021786 0.041725
393 0.395213 0.622832 0.020865 0.039850
12 0.393679 0.664557 0.022093 0.039850
1002 0.394293 0.705813 0.025161 0.044538
142 0.391378 0.751992 0.025468 0.048758
589 0.393372 0.801453 0.025161 0.047351
485 0.393679 0.848336 0.020252 0.044538
312 0.392912 0.887248 0.024241 0.034224
304 0.393679 0.920066 0.023934 0.032349
1039 0.355477 0.095171 0.019945 0.043132
474 0.355017 0.142288 0.022093 0.053915
781 0.354557 0.194093 0.024241 0.042194
829 0.357165 0.243319 0.025775 0.047820
697 0.354096 0.288326 0.022706 0.035631
971 0.354403 0.331692 0.022706 0.049226
143 0.356244 0.378340 0.026388 0.044069
513 0.357778 0.421238 0.027002 0.044538
546 0.357165 0.468120 0.027002 0.042663
1009 0.359466 0.511721 0.023013 0.037975
18 0.359159 0.551571 0.025468 0.037975
1080 0.357778 0.599156 0.027002 0.049695
978 0.358085 0.646507 0.020865 0.044069
674 0.358085 0.695499 0.022093 0.045476
0 0.358546 0.743085 0.021786 0.039381
829 0.358699 0.786217 0.020252 0.042194
0 0.359313 0.829817 0.019638 0.045945
414 0.358392 0.874355 0.022093 0.042194
457 0.360233 0.921472 0.025161 0.046414
563 0.358239 0.966479 0.023627 0.039850
546 0.335379 0.187998 0.055232 0.035631
1077 0.320497 0.094468 0.023627 0.044538
264 0.319270 0.144632 0.023013 0.045476
1034 0.319423 0.227379 0.027002 0.045945
1067 0.318809 0.275434 0.033753 0.044538
91 0.319730 0.317628 0.020865 0.035162
450 0.319577 0.355837 0.017490 0.035631
721 0.318809 0.396390 0.026388 0.045476
389 0.320497 0.438115 0.024854 0.033286
143 0.320037 0.481716 0.022093 0.047351
513 0.320497 0.527661 0.023627 0.045476
541 0.320957 0.575481 0.029457 0.045476
672 0.323259 0.664557 0.021786 0.040788
136 0.322338 0.710267 0.027309 0.044069
221 0.320957 0.763010 0.027616 0.057665
474 0.321878 0.814112 0.027616 0.042663
402 0.321418 0.860994 0.021786 0.040788
862 0.319116 0.910220 0.024547 0.046414
193 0.321878 0.988983 0.021479 0.022035
148 0.279073 0.092827 0.029150 0.051571
513 0.278613 0.141819 0.024547 0.046414
329 0.279073 0.168308 0.024854 0.046882
301 0.281375 0.222222 0.028843 0.047820
1004 0.279380 0.269573 0.025468 0.045007
778 0.279994 0.316925 0.023013 0.045945
335 0.279994 0.365448 0.022400 0.043601
545 0.279227 0.411158 0.028843 0.043132
474 0.279840 0.459681 0.027002 0.047351
105 0.281375 0.504688 0.031298 0.042663
191 0.284597 0.548758 0.027309 0.039850
972 0.283523 0.591421 0.024547 0.044538
905 0.283523 0.634083 0.028843 0.039850
190 0.284290 0.672761 0.026082 0.040319
504 0.283676 0.717300 0.023013 0.041256
148 0.285057 0.762775 0.025775 0.041256
794 0.286591 0.807079 0.024547 0.042663
697 0.285057 0.848805 0.020252 0.037975
941 0.284136 0.888420 0.033139 0.036568
490 0.283369 0.932724 0.027923 0.047351
513 0.284443 0.979137 0.024547 0.037037
787 0.235348 0.101031 0.025775 0.062353
143 0.236269 0.157056 0.021479 0.045945
972 0.235348 0.205579 0.028230 0.040788
507 0.238877 0.253165 0.030377 0.047820
905 0.238570 0.302157 0.029764 0.049226
142 0.235041 0.352555 0.024547 0.045945
513 0.238263 0.400609 0.028536 0.052039
905 0.238110 0.450305 0.026388 0.049226
1077 0.239184 0.493436 0.029150 0.032349
778 0.239951 0.534459 0.027002 0.047820
190 0.240565 0.579934 0.027616 0.041256
974 0.237189 0.619550 0.021479 0.037975
335 0.241792 0.665026 0.025775 0.045476
105 0.239030 0.715190 0.025775 0.043601
191 0.242406 0.766760 0.030684 0.050164
972 0.243480 0.815752 0.030991 0.045945
673 0.241945 0.860994 0.027923 0.042663
1046 0.243480 0.898031 0.025468 0.035162
541 0.244400 0.934599 0.026082 0.040788
711 0.243019 0.978434 0.022093 0.037506
143 0.196226 0.085091 0.025468 0.041725
288 0.195152 0.126348 0.027002 0.037037
794 0.196686 0.171120 0.025775 0.041256
158 0.195766 0.214018 0.027616 0.047351
657 0.195919 0.267698 0.029150 0.045007
1039 0.197146 0.311533 0.025468 0.048289
513 0.197146 0.362635 0.030991 0.053915
794 0.197913 0.410924 0.027616 0.048289
1018 0.200215 0.459447 0.024854 0.038444
143 0.198681 0.507736 0.023627 0.045007
641 0.198527 0.562822 0.025775 0.044538
1067 0.200215 0.602438 0.020558 0.035631
775 0.200061 0.643226 0.021479 0.048758
635 0.201749 0.694796 0.027309 0.042194
640 0.200215 0.729958 0.020558 0.025316
69 0.201442 0.765823 0.029150 0.047351
253 0.201749 0.822785 0.027923 0.047820
905 0.201289 0.870605 0.023320 0.045945
764 0.202670 0.914205 0.027309 0.039381
317 0.202516 0.945851 0.023934 0.030474
513 0.203590 0.981247 0.022400 0.031880
794 0.152501 0.089545 0.029457 0.053446
143 0.148972 0.146038 0.025468 0.051102
573 0.149586 0.196203 0.023627 0.037975
1067 0.149125 0.239100 0.020865 0.042194
439 0.150506 0.281997 0.023013 0.040788
288 0.149279 0.322550 0.026695 0.038444
794 0.151273 0.379278 0.028843 0.046882
928 0.154188 0.432021 0.029150 0.040788
571 0.152654 0.474918 0.025468 0.038444
775 0.154802 0.518987 0.021172 0.045945
474 0.154956 0.567745 0.028843 0.045007
402 0.154495 0.610877 0.026695 0.036568
442 0.155416 0.654008 0.029764 0.039381
898 0.156336 0.703469 0.027923 0.048289
1067 0.154649 0.751992 0.023320 0.036568
91 0.154649 0.787389 0.022706 0.037037
450 0.152501 0.827942 0.027616 0.044069
1004 0.154342 0.875059 0.027002 0.050164
546 0.154035 0.923816 0.030684 0.045476
1009 0.154802 0.965307 0.032832 0.040319
18 0.100798 0.088373 0.027923 0.042663
723 0.102946 0.134318 0.025468 0.048289
697 0.101872 0.176512 0.027616 0.033286
288 0.103406 0.221519 0.028843 0.049226
794 0.104480 0.270511 0.027309 0.032818
595 0.104633 0.311064 0.027002 0.038912
401 0.105400 0.351852 0.029150 0.041725
546 0.107702 0.393343 0.036821 0.037506
429 0.106935 0.411627 0.031605 0.069386
1046 0.104940 0.435771 0.024547 0.037037
748 0.107395 0.480075 0.036207 0.042194
778 0.105094 0.533521 0.028536 0.048758
431 0.105554 0.583451 0.028843 0.052039
1002 0.104173 0.635256 0.029150 0.049695
610 0.107088 0.684013 0.025161 0.045945
351 0.106628 0.729723 0.030377 0.037037
14 0.107241 0.780825 0.025468 0.046414
401 0.107548 0.831692 0.023013 0.047820
541 0.106935 0.877872 0.024241 0.040788
594 0.106935 0.919597 0.023013 0.044538
431 0.105707 0.968354 0.022400 0.039850