708 0.834765 0.083216 0.021172 0.043601
809 0.833998 0.125176 0.030684 0.041256
715 0.836913 0.168542 0.037128 0.042663
706 0.834458 0.212611 0.027923 0.048289
58 0.833691 0.261603 0.027002 0.045945
879 0.833231 0.307079 0.027309 0.046882
402 0.833231 0.357947 0.022400 0.047351
69 0.837527 0.409517 0.032218 0.045476
391 0.836453 0.451477 0.031298 0.040319
775 0.835532 0.491561 0.027002 0.043601
340 0.835686 0.521800 0.023013 0.026254
519 0.834152 0.561885 0.030991 0.049226
960 0.837680 0.608767 0.024547 0.043601
933 0.841209 0.667604 0.032218 0.054383
947 0.841056 0.710267 0.022706 0.032818
281 0.843817 0.754805 0.031298 0.051571
706 0.841516 0.805438 0.027309 0.044069
58 0.841056 0.861228 0.022706 0.054383
673 0.843817 0.947726 0.025161 0.027661
462 0.843203 0.977731 0.025775 0.031411
879 0.783216 0.091889 0.043878 0.056259
401 0.782295 0.143226 0.032218 0.044538
769 0.779994 0.188701 0.031298 0.048289
322 0.780454 0.231599 0.026695 0.033755
743 0.777846 0.268167 0.029457 0.038444
133 0.779994 0.313408 0.030684 0.048289
173 0.781528 0.364744 0.022706 0.046882
995 0.779227 0.417253 0.022400 0.046882
401 0.779994 0.460150 0.019638 0.039850
173 0.782909 0.503516 0.025468 0.040319
107 0.782909 0.548523 0.024241 0.045007
930 0.781835 0.589780 0.024547 0.041256
259 0.784597 0.666667 0.033139 0.046882
173 0.784290 0.723863 0.027616 0.052508
625 0.787205 0.771683 0.031605 0.043132
173 0.787205 0.816456 0.021786 0.035162
370 0.789046 0.863104 0.033446 0.048758
1004 0.785670 0.906939 0.028536 0.037037
778 0.787818 0.949367 0.023627 0.045945
514 0.734428 0.094468 0.032218 0.055790
602 0.732587 0.141585 0.027923 0.037506
474 0.734428 0.180028 0.035287 0.041256
380 0.731359 0.229255 0.025468 0.042194
995 0.731820 0.269105 0.024547 0.038444
1077 0.732587 0.311533 0.034060 0.040788
148 0.732126 0.350680 0.023320 0.036568
803 0.733507 0.393343 0.026695 0.038444
481 0.733814 0.437412 0.026082 0.043132
721 0.733200 0.472808 0.024241 0.030474
389 0.735195 0.513127 0.025161 0.046414
706 0.733967 0.561650 0.025775 0.046882
58 0.736422 0.609001 0.024547 0.042194
673 0.738724 0.648383 0.023013 0.031880
462 0.740258 0.687764 0.029764 0.037506
879 0.736729 0.726442 0.023320 0.037037
401 0.735041 0.776371 0.024854 0.051571
173 0.736576 0.825598 0.021172 0.046882
743 0.737803 0.869667 0.022400 0.036568
796 0.740871 0.912564 0.021172 0.044538
930 0.740565 0.962260 0.030377 0.044538
1067 0.690242 0.091186 0.029764 0.039850
91 0.689322 0.135490 0.024854 0.034693
245 0.691316 0.168308 0.024547 0.029067
722 0.689168 0.205579 0.026388 0.037975
344 0.691623 0.278950 0.022093 0.030005
928 0.692390 0.366854 0.021786 0.037975
419 0.693771 0.410924 0.022706 0.041725
751 0.690396 0.455696 0.025161 0.044069
778 0.692083 0.495312 0.023013 0.035162
743 0.693618 0.535865 0.023627 0.045007
148 0.695612 0.579231 0.021479 0.038912
69 0.697760 0.623066 0.033139 0.045945
380 0.696379 0.666198 0.026082 0.038444
109 0.696686 0.715424 0.023627 0.049695
602 0.700061 0.768636 0.030377 0.048289
1032 0.698374 0.816221 0.022706 0.043132
743 0.697607 0.852789 0.022400 0.030005
934 0.697913 0.890295 0.021172 0.039381
148 0.700828 0.975621 0.029457 0.039381
711 0.647898 0.135021 0.016876 0.035631
631 0.649279 0.174168 0.030071 0.037037
173 0.652961 0.216362 0.033139 0.045476
595 0.652041 0.262775 0.029457 0.047351
401 0.652347 0.307314 0.024547 0.037975
173 0.649432 0.353493 0.023013 0.045007
380 0.651427 0.391233 0.021479 0.035162
743 0.652961 0.435771 0.022706 0.041725
995 0.653268 0.476559 0.023320 0.035162
930 0.653575 0.518050 0.020865 0.045945
97 0.652194 0.562822 0.024241 0.038912
577 0.652654 0.601266 0.020252 0.034224
380 0.658024 0.644866 0.029764 0.045476
107 0.657717 0.684248 0.021172 0.028598
995 0.655876 0.718706 0.020558 0.031880
105 0.657103 0.761838 0.024854 0.043132
1032 0.656797 0.807548 0.021172 0.045476
778 0.656336 0.856071 0.022093 0.038444
380 0.658331 0.900375 0.029764 0.045476
143 0.657410 0.941397 0.021172 0.034693
905 0.610924 0.098453 0.025775 0.046882
855 0.611077 0.128458 0.021172 0.041256
577 0.610310 0.172058 0.021479 0.036568
107 0.610463 0.214252 0.023627 0.043132
845 0.610463 0.251289 0.022400 0.029067
504 0.613071 0.282700 0.022093 0.024379
1067 0.611691 0.318331 0.023627 0.037506
91 0.612304 0.363572 0.025468 0.038912
450 0.614759 0.464135 0.026082 0.045945
131 0.615680 0.507501 0.023013 0.036099
109 0.618288 0.539850 0.022706 0.028598
145 0.615986 0.581106 0.022400 0.044538
482 0.617214 0.623301 0.026695 0.033286
570 0.618595 0.661744 0.019024 0.031411
778 0.617828 0.701360 0.024241 0.039381
131 0.618441 0.748242 0.021786 0.045007
651 0.619208 0.786685 0.020865 0.027192
367 0.618441 0.828176 0.020558 0.038912
105 0.619362 0.873887 0.023013 0.039381
1032 0.619362 0.919128 0.022400 0.043601
989 0.575790 0.198781 0.024241 0.034693
270 0.575483 0.240506 0.016876 0.033755
941 0.576250 0.279184 0.015956 0.035162
1 0.575483 0.318331 0.026082 0.045007
472 0.575330 0.362166 0.026388 0.039850
109 0.576404 0.406704 0.020558 0.033286
145 0.577631 0.443741 0.024241 0.034224
482 0.580393 0.491561 0.027309 0.048289
570 0.582847 0.537975 0.026695 0.037975
845 0.583154 0.578762 0.019331 0.039850
651 0.581160 0.619081 0.024547 0.037037
968 0.581160 0.663150 0.020252 0.038912
481 0.582387 0.705813 0.019638 0.040788
69 0.584689 0.800750 0.019945 0.043132
602 0.585302 0.850445 0.016876 0.041256
972 0.586376 0.928973 0.015956 0.027661
325 0.540810 0.245898 0.023627 0.045476
905 0.542805 0.324895 0.025775 0.034693
855 0.542651 0.405298 0.027309 0.045476
309 0.543725 0.451946 0.019638 0.039381
148 0.545106 0.500000 0.028536 0.052977
219 0.548174 0.597281 0.025468 0.035631
419 0.546026 0.639709 0.021786 0.038912
123 0.546487 0.680731 0.025775 0.038444
1018 0.549862 0.730661 0.030071 0.047351
778 0.548635 0.775902 0.019638 0.038444
514 0.508285 0.124941 0.018717 0.040788
1032 0.509359 0.165495 0.019024 0.039381
109 0.511967 0.206751 0.019331 0.026254
145 0.514268 0.240975 0.022093 0.043132
482 0.511353 0.286685 0.016876 0.033286
570 0.511967 0.331458 0.017490 0.028129
749 0.449371 0.121191 0.018104 0.032349
109 0.452133 0.166667 0.016876 0.042663
481 0.450752 0.210736 0.017797 0.035162
1067 0.451826 0.247070 0.016263 0.033755
91 0.451365 0.284107 0.017183 0.042194
245 0.451672 0.326067 0.015956 0.032349
722 0.450752 0.362166 0.018411 0.038912
928 0.451365 0.400375 0.015342 0.031880
749 0.452900 0.438584 0.015956 0.038912
595 0.455354 0.524848 0.019024 0.036099
401 0.455661 0.568917 0.017797 0.028598
749 0.454587 0.604548 0.016876 0.032349
855 0.454280 0.642991 0.015035 0.043601
439 0.453974 0.683779 0.018717 0.027661
747 0.453667 0.720113 0.016876 0.030005
838 0.451826 0.754337 0.016263 0.033755
546 0.454741 0.839194 0.015956 0.038444
751 0.451826 0.883029 0.018104 0.027661
401 0.453207 0.914440 0.016569 0.028598
747 0.414084 0.117206 0.024241 0.042194
508 0.415465 0.158462 0.020865 0.033755
790 0.416079 0.193390 0.024547 0.033286
723 0.416385 0.232536 0.020865 0.032818
105 0.417459 0.271449 0.021172 0.034693
1046 0.416999 0.308251 0.022093 0.037037
749 0.417613 0.354196 0.022093 0.037037
499 0.418226 0.392171 0.019024 0.034224
568 0.418840 0.426629 0.019638 0.029067
1067 0.417306 0.462729 0.020865 0.045007
91 0.417613 0.507032 0.017183 0.037975
450 0.418994 0.543835 0.021786 0.032818
402 0.418226 0.581106 0.018411 0.030474
1067 0.418380 0.619550 0.015035 0.029536
91 0.417459 0.655884 0.018717 0.036568
245 0.416539 0.692218 0.018104 0.026723
722 0.415311 0.725504 0.016263 0.031411
971 0.414851 0.759259 0.014115 0.029536
830 0.412703 0.796062 0.024547 0.037506
37 0.416999 0.839897 0.027616 0.042663
641 0.411169 0.880216 0.017183 0.031411
706 0.410249 0.921238 0.020865 0.042194
58 0.380025 0.115565 0.021786 0.039850
673 0.380331 0.162213 0.018717 0.033755
462 0.379104 0.199015 0.019331 0.032349
879 0.380485 0.244960 0.027616 0.050164
1048 0.378797 0.291139 0.024854 0.037506
474 0.381405 0.613221 0.031298 0.043132
126 0.377110 0.661510 0.027616 0.043132
436 0.377263 0.748476 0.023013 0.037037
391 0.378183 0.789264 0.023627 0.033286
334 0.379104 0.827004 0.023627 0.031880
399 0.375882 0.865917 0.024547 0.036568
546 0.375729 0.908111 0.026695 0.039381
751 0.376803 0.943741 0.022706 0.032818
721 0.368825 0.531646 0.044185 0.045007
389 0.336606 0.111580 0.027616 0.036568
513 0.338294 0.157056 0.027923 0.043132
641 0.336606 0.197843 0.031298 0.036568
145 0.336453 0.243085 0.027923 0.051102
482 0.338294 0.292311 0.023013 0.038912
570 0.338294 0.325363 0.021172 0.027192
281 0.337680 0.357243 0.026082 0.039381
401 0.339061 0.402485 0.027002 0.051102
708 0.340288 0.447961 0.027616 0.042663
809 0.337987 0.492264 0.021786 0.033755
715 0.338908 0.537271 0.035901 0.048758
482 0.335379 0.582278 0.027002 0.039381
706 0.335839 0.629864 0.023013 0.048289
58 0.337987 0.684013 0.032218 0.046882
531 0.337680 0.738865 0.023627 0.045945
401 0.336146 0.783169 0.021786 0.042663
641 0.335839 0.824660 0.021172 0.035631
694 0.336606 0.866620 0.022093 0.037975
775 0.338141 0.909048 0.020865 0.037506
401 0.336606 0.950070 0.020252 0.042663
641 0.297177 0.104079 0.021786 0.034693
855 0.297024 0.144632 0.019024 0.039850
315 0.298558 0.193155 0.023934 0.045007
507 0.297024 0.240975 0.025775 0.044069
641 0.295796 0.288561 0.021479 0.047351
930 0.294262 0.330989 0.021479 0.038444
97 0.292421 0.373183 0.027002 0.042194
133 0.292114 0.417956 0.032525 0.036099
641 0.293648 0.456868 0.027002 0.038912
706 0.293648 0.496718 0.023934 0.037037
58 0.298251 0.547586 0.032525 0.054383
673 0.296717 0.597515 0.026388 0.038912
462 0.296870 0.644632 0.021786 0.045945
879 0.302547 0.693155 0.035594 0.047351
402 0.295183 0.734177 0.020865 0.029067
69 0.296410 0.769339 0.026388 0.042194
546 0.295029 0.814346 0.023013 0.043132
751 0.296717 0.858884 0.023934 0.034693
1032 0.298251 0.901078 0.026388 0.035631
266 0.296563 0.956634 0.025468 0.052977
673 0.255600 0.103376 0.027002 0.043601
706 0.253759 0.144866 0.023320 0.034693
401 0.255907 0.186123 0.023320 0.036568
531 0.255907 0.237459 0.030071 0.053915
148 0.255600 0.281997 0.021479 0.037037
1067 0.254679 0.320910 0.020252 0.037037
91 0.254986 0.357478 0.020252 0.032349
245 0.255293 0.396156 0.031912 0.042194
722 0.257901 0.439287 0.036514 0.045007
652 0.253299 0.484060 0.029150 0.037037
594 0.254373 0.527661 0.027616 0.050164
503 0.256214 0.579700 0.026388 0.045476
994 0.254373 0.632677 0.029457 0.046414
1 0.256367 0.681669 0.025468 0.037506
109 0.257594 0.722222 0.026082 0.037037
602 0.254066 0.768401 0.027002 0.045007
389 0.254066 0.811767 0.026388 0.033286
706 0.254373 0.849273 0.028230 0.037975
58 0.253912 0.901078 0.023013 0.040319
673 0.257748 0.951946 0.036821 0.049226
879 0.210801 0.105016 0.027002 0.038444
145 0.209880 0.152368 0.023320 0.046882
482 0.214023 0.203469 0.032218 0.049695
570 0.209880 0.253868 0.022706 0.040788
595 0.209727 0.306610 0.026695 0.050633
143 0.207579 0.352555 0.036514 0.042194
493 0.211415 0.399437 0.025775 0.042194
673 0.210801 0.449367 0.025775 0.045476
715 0.214176 0.497890 0.033753 0.045945
706 0.210187 0.557900 0.023934 0.054383
930 0.211261 0.607126 0.024241 0.043132
706 0.212028 0.647679 0.022093 0.037975
58 0.209267 0.693155 0.023320 0.047351
673 0.210647 0.747070 0.021172 0.037037
462 0.215097 0.793952 0.033139 0.052039
879 0.212642 0.845054 0.023934 0.044538
401 0.213716 0.889123 0.019945 0.043601
540 0.217705 0.940459 0.029764 0.042194
507 0.214943 0.977965 0.026695 0.036568
749 0.163240 0.112518 0.023934 0.054383
404 0.163394 0.160338 0.029150 0.038444
401 0.164161 0.198078 0.023934 0.039850
509 0.164621 0.239803 0.027923 0.046414
507 0.164774 0.286217 0.023934 0.041725
749 0.166309 0.332396 0.028230 0.049695
709 0.166616 0.383966 0.026388 0.046882
855 0.169224 0.437881 0.022400 0.049695
836 0.169224 0.490389 0.023013 0.043132
450 0.169377 0.539616 0.019638 0.038444
207 0.171372 0.585091 0.034060 0.049695
1038 0.169070 0.631974 0.024547 0.044069
941 0.168150 0.683544 0.025161 0.052508
651 0.170144 0.732068 0.025468 0.030474
254 0.168610 0.772621 0.019331 0.036568
69 0.169684 0.814346 0.019638 0.037506
751 0.167536 0.857712 0.030684 0.048289
1032 0.171832 0.903188 0.023320 0.037975
723 0.172292 0.943272 0.023013 0.030005
513 0.173059 0.974684 0.022706 0.034693
93 0.117981 0.104782 0.023627 0.039850
474 0.120589 0.282700 0.027616 0.038444
846 0.119669 0.334505 0.033139 0.054852
531 0.120743 0.385373 0.020558 0.036568
1067 0.122277 0.428036 0.018104 0.033755
91 0.128720 0.502579 0.038355 0.045007
245 0.127647 0.549930 0.032525 0.045007
722 0.127340 0.594233 0.027002 0.035162
981 0.124425 0.724566 0.027309 0.045476
751 0.125805 0.772152 0.020865 0.049695
208 0.126112 0.820206 0.026388 0.036099
1077 0.127033 0.864510 0.029457 0.040319
673 0.123964 0.903188 0.022093 0.030474
402 0.124271 0.937881 0.020252 0.026723
5 0.125499 0.968120 0.021479 0.033755