749 0.807763 0.211674 0.027309 0.038912
391 0.809144 0.259259 0.025161 0.041256
334 0.806996 0.301453 0.027616 0.043132
513 0.807456 0.342475 0.023013 0.048289
981 0.810832 0.387248 0.028536 0.042194
749 0.809144 0.435302 0.025775 0.048289
964 0.805615 0.480778 0.029764 0.037037
1002 0.810371 0.530474 0.026388 0.047351
1031 0.808837 0.577121 0.025775 0.036568
984 0.805922 0.620253 0.024241 0.042194
528 0.806689 0.666901 0.023320 0.045476
148 0.808990 0.715190 0.027923 0.040788
95 0.808837 0.754571 0.023934 0.035162
54 0.810371 0.796062 0.034366 0.047820
1046 0.809144 0.840600 0.024547 0.034693
344 0.808990 0.885607 0.021172 0.040319
603 0.809144 0.928739 0.026388 0.042194
651 0.808837 0.973746 0.028230 0.041256
395 0.763424 0.121191 0.024547 0.041725
105 0.763885 0.167839 0.026695 0.037506
369 0.764805 0.212143 0.023013 0.042663
972 0.762197 0.260900 0.024547 0.049226
905 0.758822 0.306142 0.038662 0.038444
930 0.762350 0.344585 0.022400 0.038444
190 0.764191 0.388654 0.027923 0.046882
974 0.761890 0.438584 0.026388 0.045476
335 0.764345 0.483357 0.028230 0.041256
148 0.760509 0.532114 0.027309 0.041256
791 0.762197 0.575246 0.027616 0.038444
105 0.764191 0.618612 0.026082 0.037037
366 0.761123 0.675105 0.026695 0.054383
6 0.762811 0.723863 0.027616 0.036568
411 0.761890 0.763244 0.020865 0.043132
603 0.759896 0.808251 0.028536 0.041256
651 0.762044 0.864510 0.028536 0.050633
178 0.765572 0.916081 0.025775 0.040319
474 0.764038 0.954055 0.018411 0.035631
683 0.764805 0.984529 0.024241 0.029067
716 0.719392 0.123066 0.022400 0.038912
778 0.718625 0.169480 0.022706 0.040788
38 0.718319 0.215424 0.020865 0.034224
262 0.718012 0.248008 0.019638 0.031880
603 0.717705 0.288092 0.025161 0.048289
1046 0.717858 0.329583 0.024241 0.036568
845 0.718319 0.373183 0.022706 0.040319
504 0.720006 0.411627 0.025468 0.036568
62 0.716631 0.450305 0.026082 0.039850
505 0.718625 0.493671 0.028230 0.043132
148 0.718932 0.536803 0.024547 0.045007
567 0.717705 0.584623 0.025161 0.041256
546 0.718012 0.630098 0.025161 0.048758
351 0.716324 0.679090 0.027309 0.046414
376 0.715864 0.733005 0.020252 0.044538
158 0.718625 0.776606 0.023934 0.040788
814 0.716784 0.822785 0.021479 0.041256
697 0.717705 0.873183 0.025775 0.045476
367 0.718932 0.920066 0.022706 0.039850
880 0.719853 0.962729 0.022706 0.040788
38 0.679503 0.123769 0.025468 0.035631
262 0.679196 0.166667 0.024241 0.041725
137 0.677662 0.209095 0.027923 0.042194
880 0.676588 0.261369 0.025161 0.047351
845 0.678122 0.305673 0.021479 0.036568
1067 0.678122 0.344820 0.018411 0.037037
91 0.678582 0.384435 0.028536 0.042194
245 0.679043 0.429208 0.034980 0.042663
722 0.677508 0.477262 0.027002 0.046882
382 0.677662 0.524144 0.021172 0.040319
749 0.677048 0.571730 0.023013 0.052977
620 0.679349 0.588373 0.023934 0.033755
1004 0.681191 0.627754 0.030071 0.041256
1080 0.676741 0.669011 0.025468 0.036568
440 0.675974 0.709095 0.022706 0.039850
380 0.677202 0.753633 0.021479 0.033286
1080 0.677355 0.790202 0.027923 0.037975
1039 0.675054 0.841069 0.023320 0.048758
526 0.675821 0.894984 0.023013 0.044069
605 0.676128 0.931786 0.021172 0.029536
402 0.678122 0.964604 0.022706 0.032349
941 0.641761 0.125410 0.018717 0.037975
778 0.639307 0.174168 0.019945 0.044538
366 0.638846 0.217534 0.022706 0.039381
513 0.637619 0.260431 0.022093 0.047351
242 0.638386 0.309892 0.026082 0.038444
431 0.635778 0.362869 0.032525 0.050633
376 0.639920 0.404594 0.029150 0.034693
367 0.638693 0.445617 0.030991 0.045476
880 0.637465 0.491327 0.026695 0.045945
640 0.639153 0.533052 0.028843 0.040319
968 0.635471 0.577121 0.020865 0.041256
749 0.635624 0.626582 0.023627 0.045476
880 0.635011 0.672058 0.021786 0.047351
24 0.637619 0.718003 0.034980 0.046414
262 0.636852 0.741913 0.027309 0.094233
546 0.635778 0.768870 0.021479 0.050633
751 0.633016 0.822785 0.020252 0.048758
746 0.635624 0.872714 0.024241 0.044538
148 0.638693 0.917253 0.027923 0.037037
786 0.637465 0.959212 0.022400 0.046882
439 0.601718 0.127051 0.031912 0.043132
711 0.598957 0.172996 0.027616 0.036568
325 0.597576 0.221050 0.024241 0.047351
376 0.596349 0.269573 0.022400 0.041256
697 0.596655 0.318565 0.026695 0.046414
105 0.597269 0.365448 0.022400 0.043601
142 0.598190 0.420300 0.020558 0.054852
441 0.600798 0.471871 0.028230 0.043601
270 0.599110 0.515237 0.024241 0.041256
1018 0.600031 0.562353 0.021786 0.042663
644 0.597576 0.604548 0.024854 0.036099
481 0.598036 0.697843 0.022093 0.035162
69 0.602639 0.734177 0.026388 0.031880
672 0.600951 0.774262 0.021172 0.038912
650 0.598190 0.818331 0.022400 0.043601
1063 0.597423 0.862869 0.025775 0.046414
1063 0.598957 0.905767 0.020252 0.039381
605 0.600491 0.948664 0.019638 0.038912
1004 0.558454 0.137834 0.025775 0.050633
393 0.562289 0.187764 0.024854 0.039850
107 0.560295 0.245898 0.023320 0.036099
38 0.561675 0.285748 0.026695 0.035162
262 0.561369 0.327004 0.032832 0.045476
143 0.559527 0.378575 0.023013 0.047351
567 0.560295 0.427332 0.023320 0.038912
672 0.559988 0.468354 0.023320 0.040319
928 0.559681 0.512424 0.022093 0.040319
474 0.560908 0.554383 0.027002 0.042663
964 0.561215 0.601735 0.022706 0.044538
1077 0.561675 0.650023 0.027309 0.041725
105 0.559834 0.692686 0.026082 0.041725
791 0.559374 0.742147 0.023320 0.044069
1000 0.561062 0.785748 0.021172 0.042194
1002 0.559988 0.871777 0.020865 0.042663
1016 0.561829 0.920300 0.024547 0.048758
24 0.528383 0.137365 0.026388 0.037506
262 0.528230 0.181435 0.021786 0.040319
777 0.527002 0.230192 0.025468 0.044069
1017 0.527616 0.273793 0.022400 0.037506
513 0.526542 0.315049 0.022706 0.041256
288 0.528076 0.362400 0.026388 0.044069
441 0.527462 0.408814 0.024547 0.037506
944 0.524854 0.450305 0.027309 0.042663
972 0.525621 0.486404 0.024547 0.029536
905 0.525621 0.521331 0.020865 0.034693
602 0.525928 0.565166 0.021479 0.040788
115 0.525468 0.608533 0.025468 0.040319
255 0.526849 0.651899 0.021479 0.042663
98 0.525775 0.742616 0.018104 0.035631
457 0.524854 0.832630 0.019945 0.043132
672 0.524701 0.874355 0.020865 0.029067
402 0.528076 0.909048 0.020252 0.036568
381 0.528690 0.941866 0.022093 0.027192
546 0.495858 0.149555 0.020865 0.046882
751 0.496011 0.239803 0.023013 0.032349
415 0.497392 0.278012 0.027616 0.038444
764 0.496625 0.299812 0.025468 0.080169
934 0.495397 0.321613 0.023627 0.039381
829 0.494017 0.362400 0.021479 0.043132
726 0.494323 0.403188 0.021479 0.041256
281 0.494630 0.446085 0.019024 0.043601
401 0.495244 0.493671 0.017797 0.040319
143 0.496164 0.540553 0.023320 0.044069
831 0.495551 0.587201 0.022706 0.043601
697 0.495397 0.634552 0.018104 0.042663
971 0.495704 0.677684 0.021786 0.036099
829 0.496318 0.720113 0.018717 0.040319
612 0.418687 0.133615 0.019945 0.043132
340 0.417766 0.181435 0.024241 0.038444
751 0.417920 0.229489 0.022706 0.050164
390 0.417306 0.281294 0.023320 0.045007
0 0.418840 0.326301 0.020865 0.044069
143 0.416999 0.376231 0.022706 0.044538
513 0.419607 0.515237 0.021172 0.042194
546 0.418687 0.562353 0.019945 0.039850
709 0.417613 0.639006 0.022706 0.035631
855 0.417153 0.679794 0.024241 0.037506
474 0.416232 0.722222 0.021172 0.038912
845 0.416385 0.765588 0.020865 0.040319
504 0.413624 0.809423 0.027616 0.043601
546 0.413470 0.848101 0.026695 0.037506
751 0.415618 0.886310 0.019945 0.035162
264 0.416539 0.921472 0.019331 0.036099
1034 0.383860 0.133146 0.025161 0.046882
439 0.384627 0.191514 0.021172 0.046414
290 0.383400 0.275199 0.026695 0.044069
402 0.384320 0.313408 0.023013 0.033286
647 0.382786 0.357243 0.024241 0.045945
402 0.387082 0.402719 0.031605 0.044069
653 0.380792 0.486639 0.024547 0.031880
474 0.381866 0.523207 0.022400 0.032818
158 0.380485 0.567745 0.021479 0.043132
925 0.380485 0.607126 0.019638 0.033755
571 0.379257 0.789030 0.025161 0.045945
143 0.381098 0.835677 0.019638 0.037975
622 0.380331 0.878340 0.021172 0.041725
1046 0.381405 0.921941 0.021479 0.037975
541 0.382019 0.940225 0.023320 0.040788
711 0.345351 0.118378 0.019331 0.033286
18 0.345812 0.167135 0.020865 0.044538
1077 0.345198 0.212846 0.019024 0.046882
716 0.344891 0.269573 0.021479 0.037506
778 0.344584 0.346695 0.020252 0.039850
143 0.345044 0.387248 0.020558 0.044069
513 0.343357 0.433662 0.022093 0.045945
129 0.344124 0.482888 0.029764 0.049695
823 0.346579 0.522972 0.027923 0.033286
322 0.345198 0.560478 0.023320 0.040788
541 0.343664 0.606423 0.025775 0.039850
322 0.344277 0.651430 0.023320 0.045476
164 0.342129 0.699250 0.023320 0.043601
69 0.344277 0.778012 0.021479 0.040788
505 0.345198 0.818331 0.022706 0.042663
958 0.343203 0.863572 0.023013 0.045945
756 0.343971 0.915377 0.023934 0.041725
456 0.345044 0.959447 0.024241 0.036099
253 0.306382 0.118612 0.022400 0.043132
905 0.307763 0.162916 0.023934 0.042663
69 0.308070 0.207923 0.021479 0.045476
87 0.305002 0.257150 0.025161 0.039850
366 0.306843 0.303329 0.027002 0.045007
38 0.306075 0.345757 0.023627 0.038912
262 0.308070 0.431083 0.024547 0.042663
541 0.306536 0.477731 0.028230 0.045945
344 0.307303 0.520863 0.026695 0.037506
129 0.308990 0.561181 0.027616 0.038444
1077 0.304848 0.606188 0.023013 0.048758
142 0.306843 0.654477 0.022706 0.049695
539 0.307763 0.704641 0.023320 0.037506
603 0.307303 0.748008 0.035901 0.049226
393 0.304541 0.798406 0.023013 0.048758
746 0.305002 0.898500 0.021479 0.048289
677 0.305462 0.948429 0.021786 0.042194
158 0.306996 0.974215 0.018104 0.021566
925 0.286284 0.521800 0.067505 0.038444
481 0.268487 0.116971 0.026388 0.047351
393 0.270942 0.165963 0.028230 0.048758
526 0.269715 0.212611 0.021479 0.044538
223 0.268641 0.259728 0.026695 0.045007
29 0.268487 0.306376 0.030071 0.034224
177 0.267106 0.347164 0.027309 0.046414
778 0.268027 0.392874 0.021786 0.045945
858 0.266953 0.442569 0.028230 0.038444
504 0.267260 0.462025 0.028230 0.058603
673 0.266953 0.480075 0.027616 0.036568
474 0.268948 0.522035 0.030377 0.040788
956 0.266953 0.565635 0.029457 0.045476
791 0.268334 0.615565 0.024241 0.042194
471 0.268027 0.665026 0.029764 0.047351
29 0.266033 0.713549 0.028230 0.043132
284 0.270328 0.751055 0.033753 0.033755
232 0.269715 0.795593 0.027616 0.047820
439 0.270328 0.845523 0.027616 0.041725
577 0.270328 0.888186 0.022093 0.038912
129 0.269254 0.934130 0.023013 0.032349
452 0.271709 0.966010 0.024241 0.030474
448 0.224302 0.118143 0.029457 0.043132
179 0.226910 0.171355 0.024241 0.047351
941 0.227370 0.223160 0.023934 0.047820
70 0.226450 0.267932 0.020252 0.041725
659 0.230592 0.353962 0.027309 0.042194
589 0.226757 0.403422 0.024547 0.044538
456 0.228444 0.453118 0.026082 0.043601
148 0.230285 0.499531 0.021172 0.040788
312 0.229979 0.545476 0.026082 0.050164
304 0.229825 0.598687 0.028230 0.047820
129 0.230746 0.651195 0.025161 0.054383
791 0.231359 0.701594 0.025161 0.038912
402 0.230899 0.741444 0.027923 0.047351
941 0.229058 0.775434 0.023627 0.033755
393 0.228598 0.814815 0.019638 0.035631
99 0.229672 0.857243 0.034060 0.050164
1002 0.227524 0.907407 0.018104 0.047351
526 0.230285 0.954759 0.027309 0.041725
814 0.189782 0.119784 0.026082 0.051102
697 0.189015 0.173699 0.029457 0.046414
129 0.188095 0.219644 0.022706 0.048289
880 0.190856 0.266760 0.023934 0.044069
1080 0.190396 0.311299 0.024241 0.036568
431 0.190549 0.355134 0.023320 0.039850
115 0.188708 0.394984 0.027616 0.040788
99 0.186560 0.436709 0.029457 0.044538
402 0.189015 0.576653 0.023934 0.033755
65 0.191623 0.612986 0.029764 0.034224
129 0.191777 0.654243 0.029457 0.039850
393 0.191623 0.695968 0.029150 0.042663
858 0.190089 0.734880 0.023013 0.037975
504 0.192697 0.778012 0.035594 0.048289
431 0.187941 0.826770 0.028536 0.048289
474 0.189475 0.873183 0.027309 0.042663
526 0.188708 0.920300 0.021479 0.052508
450 0.188248 0.965073 0.027923 0.040788
505 0.144983 0.141819 0.022400 0.037975
605 0.148972 0.183779 0.030991 0.036568
148 0.146210 0.229723 0.032218 0.051571
603 0.146057 0.284341 0.024547 0.043601
393 0.144676 0.327942 0.027309 0.037975
697 0.144369 0.372246 0.025468 0.039381
595 0.145750 0.414440 0.033753 0.047820
401 0.144830 0.463666 0.023934 0.045007
505 0.143909 0.512658 0.026388 0.045476
475 0.145904 0.554383 0.022400 0.041725
694 0.146517 0.602438 0.023627 0.050633
367 0.146671 0.649555 0.029457 0.042663
614 0.147131 0.692218 0.026695 0.047351
507 0.145904 0.731833 0.023627 0.036568
1031 0.144830 0.768636 0.029457 0.038912
203 0.144983 0.810830 0.022400 0.037975
474 0.145904 0.852555 0.029150 0.039850
402 0.142989 0.895687 0.030684 0.049226
567 0.142375 0.947492 0.023320 0.045945
749 0.142835 0.983357 0.027309 0.029536
291 0.103406 0.107361 0.024547 0.030005
404 0.101411 0.144398 0.019945 0.039381
573 0.102025 0.185888 0.026695 0.045476
1067 0.103559 0.233943 0.024241 0.045007
474 0.103713 0.274965 0.027002 0.039850
546 0.104020 0.320206 0.029457 0.047820
751 0.103559 0.364276 0.027309 0.043132
343 0.100644 0.415612 0.031912 0.052977
55 0.102485 0.464838 0.025775 0.045476
402 0.103713 0.505626 0.024547 0.030474
749 0.104326 0.545241 0.023320 0.047820
446 0.102639 0.593530 0.032218 0.043132
925 0.102639 0.641350 0.028536 0.047820
905 0.103713 0.691514 0.025161 0.041256
664 0.104173 0.739569 0.023013 0.041725
285 0.104326 0.786685 0.025775 0.050633
148 0.103559 0.830989 0.019331 0.037037
62 0.101411 0.873183 0.022400 0.042663
475 0.100951 0.914909 0.020865 0.043601
474 0.103099 0.960853 0.025161 0.041725