1078 0.799172 0.097984 0.030377 0.045007
1067 0.797944 0.151664 0.029764 0.051102
91 0.797944 0.206517 0.026695 0.050164
245 0.797330 0.254805 0.027309 0.039850
722 0.799172 0.308017 0.026082 0.049695
474 0.798711 0.357712 0.020252 0.038444
357 0.800092 0.405298 0.027923 0.035162
420 0.800399 0.449367 0.025468 0.041725
439 0.801013 0.495781 0.020558 0.037037
697 0.802240 0.530005 0.019331 0.038912
880 0.805922 0.570323 0.034673 0.041725
434 0.805462 0.614862 0.036207 0.043601
91 0.804081 0.659165 0.030991 0.042194
1067 0.804541 0.712143 0.031298 0.045945
91 0.803467 0.760197 0.026695 0.043601
245 0.806075 0.814815 0.022706 0.044069
722 0.808377 0.915612 0.028536 0.047820
958 0.751764 0.236990 0.039276 0.046414
756 0.757288 0.338959 0.040503 0.044069
905 0.754679 0.388889 0.027923 0.049226
446 0.755140 0.437647 0.031912 0.040788
620 0.761583 0.493436 0.034366 0.060478
69 0.760203 0.547351 0.030377 0.051102
880 0.761276 0.604313 0.027616 0.052508
971 0.758515 0.655884 0.023934 0.035631
109 0.759129 0.695030 0.024547 0.035162
589 0.758668 0.740506 0.023013 0.042663
749 0.760203 0.786920 0.024241 0.049226
786 0.760509 0.837084 0.026695 0.038912
356 0.762044 0.885138 0.021172 0.049695
930 0.762504 0.909517 0.020865 0.029067
905 0.705891 0.177215 0.024854 0.041256
764 0.707886 0.225504 0.027002 0.044069
317 0.710341 0.273558 0.030684 0.039850
148 0.711415 0.319972 0.027923 0.034224
958 0.712335 0.370839 0.032832 0.059072
930 0.711261 0.429442 0.030071 0.045945
147 0.712488 0.484060 0.019638 0.051102
505 0.711721 0.532114 0.021172 0.035631
605 0.717245 0.580872 0.035901 0.050633
1002 0.712028 0.635490 0.023627 0.035162
605 0.714483 0.677684 0.024241 0.040788
431 0.713256 0.716596 0.027923 0.034224
513 0.714943 0.757853 0.038048 0.049226
450 0.708960 0.809658 0.032832 0.047820
567 0.713869 0.865213 0.025468 0.049226
438 0.666155 0.103376 0.027002 0.044538
69 0.666462 0.149320 0.025161 0.042663
602 0.667383 0.203704 0.024547 0.049226
542 0.668917 0.253868 0.034366 0.047351
963 0.672599 0.304266 0.030071 0.053446
1038 0.671832 0.354899 0.028536 0.037506
474 0.672599 0.400609 0.027616 0.047351
107 0.672599 0.456634 0.024547 0.054383
791 0.672906 0.512893 0.025161 0.047820
158 0.672446 0.567042 0.029150 0.052977
791 0.673826 0.625879 0.025775 0.049695
749 0.674747 0.673230 0.020252 0.043132
941 0.674900 0.714018 0.028536 0.036568
778 0.672752 0.755509 0.020558 0.037975
402 0.672599 0.807079 0.022706 0.047351
442 0.673213 0.859822 0.020252 0.042194
958 0.673366 0.904360 0.024241 0.044069
133 0.674440 0.944444 0.030684 0.038912
603 0.628414 0.113455 0.025775 0.046882
997 0.628874 0.169011 0.034673 0.052977
344 0.632709 0.221753 0.031298 0.047820
142 0.629948 0.267932 0.028230 0.045476
539 0.631482 0.317159 0.030684 0.037975
791 0.633630 0.433193 0.033139 0.056259
513 0.632403 0.488514 0.022706 0.045945
67 0.635931 0.538912 0.026082 0.048289
48 0.636852 0.590717 0.028536 0.045945
139 0.634857 0.639709 0.032525 0.050164
849 0.637772 0.694327 0.027923 0.040319
903 0.635624 0.740038 0.029150 0.046414
404 0.636698 0.786451 0.019638 0.037037
7 0.638386 0.835677 0.026695 0.041725
829 0.636852 0.890764 0.020558 0.045007
571 0.639767 0.971636 0.020865 0.035162
804 0.590672 0.204641 0.027616 0.039850
468 0.589445 0.245898 0.027002 0.028598
167 0.588524 0.282466 0.022706 0.033286
513 0.595428 0.419597 0.032832 0.037506
256 0.591132 0.462963 0.030377 0.041725
474 0.595428 0.516878 0.026695 0.047351
46 0.598496 0.569151 0.026082 0.048758
963 0.595888 0.623769 0.030684 0.048289
845 0.595275 0.670417 0.025161 0.038444
504 0.596655 0.713080 0.026082 0.041256
794 0.596195 0.761838 0.025775 0.052508
158 0.598803 0.823488 0.032218 0.046414
393 0.552163 0.115331 0.026695 0.041256
12 0.554618 0.199719 0.029150 0.030942
1002 0.553237 0.237693 0.026388 0.037506
794 0.554311 0.285513 0.029764 0.049695
163 0.552470 0.330052 0.024241 0.038444
907 0.553851 0.377872 0.027002 0.048758
1077 0.552777 0.427098 0.021786 0.045945
474 0.561369 0.520863 0.026082 0.044069
516 0.561369 0.562119 0.019331 0.040319
673 0.558760 0.607361 0.030071 0.042663
791 0.559834 0.652602 0.026695 0.038444
450 0.560755 0.697375 0.031605 0.037037
595 0.561369 0.729255 0.026695 0.030474
697 0.560908 0.771917 0.023320 0.042663
308 0.561982 0.820206 0.020558 0.041725
254 0.561675 0.858415 0.019331 0.030942
69 0.561982 0.894984 0.017490 0.034693
764 0.539583 0.473511 0.054925 0.043132
317 0.519331 0.127989 0.022400 0.045945
1032 0.520252 0.228317 0.024854 0.044069
14 0.520405 0.275199 0.026388 0.040319
1067 0.519638 0.326770 0.019331 0.041256
91 0.521172 0.375996 0.022400 0.042194
450 0.522093 0.421238 0.021786 0.041725
143 0.523627 0.473980 0.023013 0.049695
419 0.524854 0.523441 0.019331 0.041725
404 0.526542 0.570323 0.020252 0.041725
934 0.527309 0.616503 0.021172 0.040319
148 0.528997 0.701828 0.020865 0.043132
328 0.529150 0.744257 0.018717 0.038912
401 0.528843 0.787389 0.024241 0.043601
1 0.530377 0.831458 0.021786 0.036099
143 0.529764 0.875996 0.018717 0.040788
905 0.531145 0.913737 0.014728 0.027192
474 0.531145 0.946554 0.017797 0.035631
995 0.491715 0.221285 0.021172 0.039381
608 0.490795 0.270277 0.021172 0.035162
148 0.493863 0.317159 0.026082 0.039850
972 0.492943 0.363104 0.024241 0.043601
602 0.494170 0.447023 0.019945 0.038912
778 0.496011 0.577356 0.019945 0.038912
1067 0.498006 0.616971 0.020252 0.029067
91 0.496625 0.659165 0.021172 0.041256
450 0.495858 0.703938 0.019024 0.036099
756 0.498466 0.785982 0.019331 0.040788
69 0.499233 0.830755 0.022093 0.034693
577 0.498619 0.868261 0.019024 0.034693
756 0.501074 0.907642 0.020252 0.038444
391 0.501534 0.921941 0.018717 0.038912
334 0.420374 0.149086 0.025161 0.042194
24 0.418687 0.191514 0.020558 0.037037
262 0.420528 0.241678 0.021786 0.045476
402 0.420374 0.297468 0.026388 0.048289
35 0.420681 0.350914 0.021479 0.046414
148 0.422215 0.435068 0.025775 0.042194
133 0.420835 0.481950 0.018717 0.036568
775 0.420681 0.520863 0.020865 0.030005
764 0.420681 0.556493 0.020252 0.038444
793 0.420681 0.598922 0.021479 0.036099
1080 0.419147 0.642757 0.025775 0.040319
836 0.417613 0.682841 0.021479 0.035162
450 0.414084 0.722691 0.028536 0.038912
794 0.416385 0.762541 0.028230 0.041725
1050 0.416079 0.804970 0.031912 0.038444
450 0.417766 0.850445 0.024241 0.036568
1077 0.415311 0.893108 0.020558 0.039381
393 0.415465 0.927098 0.020865 0.030474
357 0.388156 0.138537 0.016569 0.035162
100 0.386622 0.181903 0.021479 0.041256
612 0.386622 0.234412 0.023320 0.046882
502 0.386315 0.320910 0.023320 0.031411
673 0.386315 0.355837 0.019024 0.034693
148 0.353636 0.139006 0.024241 0.044538
133 0.354096 0.192452 0.025161 0.046414
50 0.351948 0.239334 0.020865 0.042663
1034 0.351181 0.280825 0.024854 0.039381
1060 0.353022 0.320675 0.027923 0.033755
1072 0.350568 0.357009 0.029150 0.035162
1067 0.353636 0.398031 0.024854 0.039381
91 0.353022 0.444444 0.028536 0.043132
450 0.351181 0.485466 0.023627 0.036099
28 0.351181 0.522504 0.026082 0.036099
519 0.347346 0.565166 0.033753 0.045476
1002 0.348266 0.610408 0.025161 0.045007
606 0.350107 0.657759 0.033753 0.047820
922 0.348266 0.703469 0.022093 0.036099
879 0.348113 0.748008 0.021786 0.046414
697 0.345658 0.798640 0.034673 0.051102
971 0.346118 0.843882 0.028230 0.043132
829 0.346118 0.891467 0.024547 0.046414
772 0.315894 0.181669 0.021172 0.042663
645 0.309911 0.228786 0.032525 0.040319
714 0.310371 0.271214 0.027309 0.037975
706 0.310678 0.356540 0.032832 0.037975
143 0.312673 0.402016 0.023934 0.041725
546 0.310064 0.451711 0.023627 0.046414
370 0.311752 0.491561 0.024547 0.035162
974 0.310525 0.532349 0.022093 0.045476
622 0.309604 0.577825 0.027002 0.045476
439 0.311138 0.632208 0.027002 0.052039
474 0.308070 0.682372 0.023934 0.039850
105 0.306843 0.722925 0.022706 0.032818
472 0.309911 0.759025 0.028230 0.034693
972 0.308684 0.803329 0.025775 0.040788
905 0.307456 0.851149 0.029457 0.048289
744 0.308377 0.904829 0.029457 0.048758
603 0.309604 0.946320 0.031298 0.042663
651 0.270175 0.124473 0.023013 0.041725
395 0.269408 0.172996 0.021479 0.044069
620 0.269254 0.222222 0.019945 0.044069
778 0.272169 0.267464 0.028230 0.041725
950 0.268948 0.309189 0.022400 0.037037
148 0.268641 0.354430 0.024241 0.042194
794 0.268794 0.395687 0.025161 0.042194
201 0.267874 0.436943 0.027002 0.038444
993 0.270635 0.481950 0.031912 0.041256
775 0.268180 0.524144 0.023320 0.036568
65 0.270175 0.561416 0.024241 0.039850
145 0.267106 0.606423 0.029150 0.047351
253 0.270328 0.653774 0.030071 0.037975
905 0.267260 0.696671 0.025775 0.041256
69 0.266033 0.736756 0.027002 0.033286
344 0.266800 0.782466 0.029764 0.047820
142 0.265419 0.833568 0.031912 0.043132
1002 0.266033 0.872246 0.022706 0.029536
281 0.269101 0.908814 0.028843 0.038912
778 0.270175 0.952414 0.033446 0.039850
143 0.233814 0.121191 0.028843 0.037037
288 0.231820 0.170886 0.024854 0.047351
794 0.232126 0.218003 0.029150 0.042194
351 0.231359 0.261369 0.027616 0.044538
1046 0.231666 0.303563 0.031298 0.040788
920 0.230592 0.348336 0.027923 0.043132
603 0.228137 0.396859 0.032832 0.047351
928 0.230592 0.444679 0.028536 0.038912
643 0.230899 0.488748 0.025468 0.042663
1026 0.228905 0.537506 0.024547 0.049226
177 0.228137 0.584388 0.020558 0.033286
431 0.227984 0.633615 0.026388 0.043601
262 0.227984 0.678856 0.030071 0.043132
791 0.226757 0.722925 0.025161 0.041256
158 0.225836 0.770980 0.024547 0.045476
1046 0.225376 0.809892 0.021172 0.028598
474 0.226143 0.842944 0.021479 0.036568
791 0.227217 0.884201 0.029764 0.044069
546 0.227524 0.919362 0.026695 0.027192
142 0.192851 0.124238 0.026695 0.045007
605 0.193157 0.169948 0.022400 0.038912
148 0.190396 0.213080 0.026695 0.041725
1077 0.192237 0.258087 0.024241 0.042663
778 0.190549 0.350914 0.027616 0.035162
1064 0.192851 0.391936 0.027923 0.035631
439 0.187634 0.441866 0.026082 0.041725
1004 0.185486 0.484529 0.033446 0.044538
950 0.190856 0.527895 0.028843 0.045007
603 0.185026 0.571261 0.028843 0.037975
956 0.183338 0.621660 0.024854 0.046882
177 0.182418 0.670886 0.024854 0.046882
778 0.186100 0.714018 0.032832 0.030942
105 0.181344 0.754102 0.020865 0.035162
526 0.183185 0.797937 0.027616 0.041256
814 0.182878 0.841303 0.022706 0.039850
270 0.186407 0.888420 0.030377 0.048758
148 0.185333 0.933193 0.027002 0.035162
105 0.150353 0.115565 0.025775 0.035162
791 0.149432 0.155180 0.032525 0.043132
1 0.147591 0.200188 0.027616 0.044069
829 0.146210 0.242382 0.026695 0.040319
950 0.147284 0.285045 0.032525 0.043132
393 0.148358 0.370136 0.025468 0.046414
746 0.145597 0.447257 0.024241 0.035631
306 0.143602 0.488748 0.023934 0.046414
474 0.145137 0.539147 0.023934 0.042194
605 0.144830 0.583216 0.031912 0.036568
749 0.141608 0.631036 0.028536 0.048758
1077 0.139153 0.677684 0.031605 0.045476
673 0.140380 0.721988 0.026082 0.044069
778 0.140687 0.771917 0.023013 0.051102
794 0.140994 0.820675 0.023627 0.041725
211 0.142989 0.873418 0.028230 0.044069
516 0.141454 0.918659 0.025775 0.039850
177 0.143449 0.964838 0.030991 0.043132
474 0.103406 0.116737 0.027002 0.041256
516 0.103253 0.163150 0.028536 0.049695
105 0.104173 0.214487 0.027923 0.033286
1032 0.101411 0.259494 0.025468 0.043601
778 0.103866 0.307782 0.032218 0.049226
639 0.105247 0.342710 0.026388 0.025316
673 0.104787 0.378106 0.029150 0.041725
344 0.101872 0.427801 0.031912 0.049226
928 0.104020 0.473746 0.031912 0.044538
791 0.101411 0.514768 0.027309 0.037506
589 0.103099 0.558134 0.033139 0.040788
246 0.101411 0.606188 0.031605 0.050633
312 0.102025 0.655649 0.029764 0.046414
304 0.101105 0.708861 0.026695 0.046882
474 0.099110 0.753633 0.033139 0.038912
781 0.098036 0.801453 0.032218 0.042663
393 0.098957 0.844351 0.024854 0.036568
14 0.098496 0.860994 0.027616 0.059541
288 0.098036 0.882091 0.028536 0.035162
794 0.099417 0.924754 0.029457 0.040788
1077 0.101872 0.961088 0.032525 0.029067