67 0.843050 0.110642 0.029764 0.045007
401 0.845505 0.158697 0.027309 0.042663
132 0.847039 0.205110 0.026695 0.036099
831 0.846425 0.240741 0.022400 0.032349
595 0.847346 0.275199 0.018717 0.035631
944 0.796410 0.196671 0.023013 0.032349
711 0.797791 0.234880 0.022706 0.041256
105 0.796717 0.271449 0.020558 0.035631
1064 0.798404 0.312705 0.022093 0.041256
262 0.799478 0.357947 0.021786 0.041725
995 0.801013 0.399906 0.024241 0.039381
829 0.800092 0.437881 0.021172 0.038444
726 0.800552 0.476090 0.027616 0.040788
274 0.801319 0.522035 0.021786 0.048289
831 0.801319 0.571964 0.026695 0.043132
697 0.805155 0.621894 0.025161 0.041725
672 0.804081 0.666432 0.021172 0.043601
136 0.804388 0.713783 0.028536 0.045476
221 0.805769 0.764651 0.022706 0.043132
791 0.805155 0.816925 0.020865 0.043601
370 0.805922 0.868495 0.021786 0.050164
541 0.806689 0.919362 0.021479 0.040319
995 0.751764 0.111346 0.027002 0.043601
99 0.755140 0.161978 0.031912 0.043601
745 0.752531 0.205345 0.021786 0.040319
778 0.753605 0.324660 0.023934 0.039850
794 0.753759 0.370605 0.023627 0.037975
1077 0.755600 0.405767 0.029150 0.026723
778 0.755600 0.446085 0.023627 0.039850
794 0.754833 0.536334 0.028843 0.044069
1077 0.759282 0.582044 0.022400 0.044538
785 0.758515 0.624238 0.022706 0.033286
697 0.758515 0.662213 0.022706 0.033286
513 0.759896 0.704641 0.024241 0.040319
262 0.761123 0.752696 0.021172 0.041725
631 0.761430 0.798640 0.020558 0.044538
742 0.760970 0.840835 0.023320 0.038912
995 0.762044 0.879044 0.018717 0.030005
474 0.706045 0.112283 0.022706 0.037037
1064 0.706505 0.187529 0.021786 0.037506
69 0.706965 0.231130 0.020252 0.044069
1046 0.709267 0.278950 0.024854 0.041256
262 0.708806 0.323019 0.021479 0.043132
711 0.707272 0.370839 0.026388 0.045007
401 0.708500 0.415612 0.022706 0.042663
629 0.707732 0.456634 0.022400 0.040319
541 0.711568 0.498828 0.028230 0.046882
514 0.712335 0.547820 0.027309 0.042663
995 0.713409 0.597984 0.021479 0.045476
143 0.714636 0.693858 0.027002 0.039381
513 0.714790 0.735349 0.026082 0.041725
541 0.717398 0.782466 0.022093 0.041256
351 0.718012 0.828880 0.021479 0.037506
791 0.717551 0.871074 0.018717 0.043132
358 0.669224 0.117675 0.023934 0.045007
55 0.669531 0.165495 0.021479 0.043132
44 0.669531 0.210970 0.023320 0.042194
474 0.669531 0.256681 0.028843 0.047351
673 0.671218 0.300516 0.026082 0.034693
38 0.671218 0.340131 0.028536 0.043601
262 0.673366 0.387248 0.029764 0.045945
514 0.671065 0.432255 0.023320 0.043132
14 0.674593 0.478669 0.029150 0.035631
401 0.675361 0.517815 0.023320 0.034224
672 0.674440 0.556493 0.025775 0.041256
136 0.674747 0.597515 0.023934 0.037975
221 0.674440 0.638772 0.025161 0.041725
481 0.675207 0.690577 0.019945 0.046882
995 0.676895 0.775902 0.021479 0.044069
69 0.677969 0.822550 0.023627 0.043601
745 0.676588 0.866620 0.023320 0.036099
778 0.678429 0.910924 0.023320 0.036568
603 0.679503 0.953821 0.020558 0.045476
1018 0.625345 0.124707 0.022706 0.045007
366 0.627186 0.174168 0.022093 0.037037
571 0.629334 0.264416 0.024547 0.041256
474 0.630562 0.305907 0.025775 0.033286
910 0.592206 0.293952 0.018411 0.042194
1077 0.593434 0.337787 0.020865 0.040788
944 0.592973 0.378106 0.021786 0.033286
711 0.594968 0.417956 0.020865 0.038912
105 0.594968 0.460150 0.019024 0.043601
142 0.596809 0.504923 0.022706 0.037506
143 0.600491 0.547351 0.024547 0.039850
1064 0.598190 0.593061 0.020558 0.036568
116 0.599724 0.706517 0.019945 0.044069
474 0.600184 0.749414 0.022093 0.032349
995 0.600184 0.832630 0.026388 0.043132
631 0.602485 0.875527 0.023627 0.039850
829 0.602485 0.919597 0.020558 0.044538
726 0.560141 0.343647 0.023627 0.041256
201 0.560601 0.389123 0.020252 0.043132
993 0.562596 0.428973 0.021172 0.039381
775 0.563670 0.467886 0.019024 0.037506
65 0.565051 0.509142 0.019945 0.040319
145 0.567812 0.553915 0.021172 0.035162
143 0.567352 0.596343 0.019638 0.036568
450 0.567966 0.664323 0.022706 0.028129
595 0.567659 0.703235 0.020865 0.041256
697 0.569500 0.749414 0.020865 0.038912
971 0.570727 0.795827 0.016569 0.045476
1067 0.532218 0.182372 0.014422 0.038444
91 0.533599 0.221285 0.017183 0.035631
450 0.533599 0.265588 0.015956 0.038912
720 0.534980 0.312236 0.016263 0.034693
419 0.534366 0.350211 0.013194 0.035631
513 0.534213 0.394515 0.014728 0.041725
546 0.536975 0.436006 0.016569 0.031880
370 0.537895 0.477028 0.015956 0.037037
46 0.538202 0.515471 0.016569 0.035162
749 0.538662 0.555087 0.016876 0.036568
799 0.539736 0.597281 0.019024 0.038444
237 0.541117 0.641585 0.018717 0.035162
474 0.541731 0.683310 0.018104 0.040788
763 0.542191 0.727614 0.017183 0.038444
201 0.542805 0.767229 0.017183 0.032349
794 0.542651 0.804266 0.016263 0.035162
778 0.542958 0.903657 0.018104 0.037975
363 0.477907 0.129395 0.016876 0.035631
928 0.477600 0.166432 0.018104 0.033755
201 0.478214 0.203938 0.016876 0.035631
1077 0.478214 0.244726 0.016263 0.038444
721 0.477140 0.286685 0.020865 0.037975
389 0.476833 0.327239 0.020252 0.040319
541 0.477600 0.369902 0.016263 0.034693
711 0.478981 0.387014 0.017183 0.035162
105 0.478674 0.427098 0.017797 0.038444
264 0.476066 0.468589 0.018717 0.030474
450 0.475913 0.507736 0.020252 0.035631
1018 0.477907 0.544773 0.019331 0.031880
363 0.477907 0.581810 0.019331 0.035631
431 0.476680 0.628926 0.018717 0.039850
871 0.475913 0.680966 0.017797 0.044538
121 0.474992 0.725973 0.020252 0.039850
855 0.474839 0.762072 0.018104 0.034224
474 0.475299 0.802391 0.015956 0.029536
1080 0.474839 0.839194 0.016876 0.039381
571 0.474532 0.879278 0.018104 0.037037
481 0.474532 0.913971 0.016263 0.028598
105 0.456122 0.625879 0.043265 0.044069
366 0.449064 0.123301 0.020558 0.032818
6 0.446149 0.161510 0.022706 0.034224
411 0.445535 0.205813 0.022706 0.043132
474 0.445229 0.252461 0.027002 0.039850
1067 0.447376 0.294421 0.021479 0.037506
91 0.447530 0.339662 0.018104 0.043601
450 0.449678 0.387717 0.022400 0.042194
650 0.447683 0.432489 0.020865 0.045476
930 0.447223 0.475621 0.021786 0.037037
69 0.446763 0.523676 0.020865 0.051571
651 0.445996 0.579231 0.022400 0.042663
395 0.447070 0.661744 0.025161 0.026723
490 0.445229 0.700656 0.020252 0.046414
774 0.443541 0.753868 0.019945 0.038444
620 0.442160 0.801453 0.022093 0.045476
439 0.444922 0.849039 0.028230 0.044069
721 0.441086 0.887951 0.018104 0.029067
414 0.440626 0.921707 0.015342 0.036568
603 0.409481 0.122832 0.030377 0.047820
131 0.409635 0.168542 0.020865 0.037037
411 0.409788 0.210970 0.029764 0.047820
778 0.409328 0.260666 0.022706 0.040319
38 0.411322 0.299812 0.025468 0.033286
262 0.410402 0.340600 0.021786 0.038912
798 0.412243 0.383732 0.024854 0.046414
1077 0.410709 0.432958 0.018104 0.043601
105 0.408101 0.481481 0.023934 0.044069
369 0.405032 0.530239 0.023320 0.041256
972 0.405646 0.573605 0.022093 0.043601
905 0.407487 0.622128 0.019638 0.044069
711 0.409788 0.663854 0.027309 0.032818
325 0.407640 0.709330 0.026695 0.048758
143 0.408714 0.758087 0.025775 0.042194
794 0.408254 0.803797 0.022400 0.041725
158 0.407947 0.846929 0.023013 0.038912
349 0.406260 0.880684 0.019638 0.029536
749 0.411629 0.918659 0.026695 0.041725
1077 0.373274 0.115331 0.024854 0.039381
930 0.374041 0.161978 0.023320 0.041725
1018 0.370973 0.211674 0.024547 0.042663
277 0.372353 0.255743 0.026082 0.036099
344 0.371893 0.304266 0.030071 0.049695
1067 0.370973 0.353024 0.024547 0.043132
450 0.370052 0.397562 0.021479 0.045007
640 0.370206 0.443507 0.021786 0.043132
968 0.370819 0.484060 0.023627 0.034224
778 0.372200 0.525551 0.028230 0.040319
603 0.371280 0.571027 0.024547 0.039381
785 0.371893 0.611111 0.027616 0.040788
697 0.368825 0.653774 0.021479 0.047351
837 0.368671 0.696671 0.019945 0.036568
794 0.367904 0.734646 0.017797 0.036568
594 0.370973 0.777543 0.033139 0.044538
143 0.370819 0.827239 0.029150 0.041725
989 0.369285 0.871074 0.026695 0.041256
270 0.370052 0.917253 0.029457 0.048289
474 0.332311 0.115565 0.027002 0.042663
972 0.328935 0.170886 0.026388 0.043601
905 0.328322 0.209330 0.024547 0.034224
880 0.328322 0.248476 0.022093 0.041256
605 0.332464 0.295124 0.024241 0.039850
796 0.331237 0.337318 0.022400 0.040788
69 0.330163 0.386310 0.025775 0.049695
794 0.332004 0.438115 0.020252 0.047351
1032 0.330623 0.479841 0.021172 0.034224
290 0.328322 0.519456 0.023320 0.039381
344 0.328628 0.559541 0.029457 0.039850
794 0.326174 0.604313 0.030071 0.045945
96 0.328015 0.654008 0.023934 0.046882
143 0.326481 0.698312 0.030684 0.040788
1046 0.328475 0.745195 0.024241 0.042663
1017 0.331697 0.795827 0.033139 0.045476
880 0.331390 0.843647 0.028843 0.044538
791 0.332311 0.887014 0.027616 0.036568
143 0.330776 0.936006 0.034980 0.046414
1067 0.292421 0.105485 0.025775 0.031880
91 0.288432 0.142288 0.022093 0.029536
245 0.285364 0.177918 0.028843 0.040788
722 0.293648 0.227614 0.033753 0.046414
474 0.285670 0.304970 0.025161 0.045476
546 0.286438 0.342944 0.021786 0.030474
670 0.286898 0.378575 0.025775 0.041725
880 0.288892 0.426160 0.024854 0.045945
148 0.288585 0.470933 0.029764 0.043601
640 0.288432 0.520394 0.022093 0.047820
697 0.289966 0.564229 0.027002 0.035162
1018 0.291654 0.608298 0.024241 0.040788
281 0.286898 0.657290 0.025775 0.052508
475 0.286744 0.700656 0.018717 0.031411
1046 0.289046 0.735584 0.026388 0.036568
148 0.288892 0.781060 0.029764 0.040319
754 0.288585 0.856540 0.032218 0.031880
474 0.290580 0.891233 0.027616 0.036568
475 0.288739 0.936709 0.030684 0.044069
105 0.246241 0.099391 0.024854 0.032818
855 0.246855 0.142053 0.023013 0.045945
315 0.249923 0.230192 0.034673 0.046882
402 0.248542 0.274965 0.033139 0.042663
1041 0.248542 0.325598 0.024547 0.046414
672 0.203130 0.110408 0.030684 0.048289
650 0.201749 0.163854 0.023627 0.046414
829 0.200061 0.218472 0.022706 0.046882
1063 0.197760 0.271449 0.021172 0.047820
1063 0.197453 0.313408 0.027923 0.038912
605 0.196840 0.356540 0.026695 0.037975
450 0.196226 0.395921 0.024854 0.043601
1077 0.196533 0.442569 0.029150 0.046882
1004 0.198374 0.491092 0.032832 0.049226
393 0.201902 0.536568 0.033139 0.041725
107 0.201596 0.583216 0.021479 0.039381
829 0.201135 0.631271 0.018717 0.037037
143 0.200215 0.673933 0.026695 0.045476
450 0.199141 0.718706 0.027616 0.043132
823 0.196379 0.766995 0.028230 0.048758
1067 0.196533 0.813408 0.029150 0.045007
91 0.197913 0.858650 0.027002 0.044538
450 0.197760 0.904360 0.035287 0.040319
516 0.196993 0.943976 0.022706 0.039850
419 0.152194 0.101735 0.033139 0.033755
69 0.151887 0.123301 0.032525 0.061885
46 0.151120 0.139944 0.030377 0.031411
507 0.150046 0.185185 0.030071 0.041256
749 0.152808 0.229958 0.025775 0.038912
799 0.152194 0.276606 0.021479 0.043132
237 0.151887 0.323488 0.026388 0.043132
474 0.152961 0.369902 0.024854 0.039381
928 0.152654 0.409048 0.023627 0.039850
201 0.152654 0.448898 0.028536 0.034224
794 0.153421 0.489217 0.031298 0.042663
860 0.157717 0.531880 0.022706 0.042663
505 0.158638 0.580638 0.023934 0.042663
105 0.156029 0.674871 0.027309 0.041725
143 0.157103 0.722925 0.023934 0.045945
129 0.159405 0.771683 0.027923 0.041256
351 0.155723 0.826067 0.026082 0.040319
778 0.157871 0.870370 0.024854 0.042663
16 0.155262 0.915377 0.025161 0.038912
439 0.158638 0.957571 0.027002 0.042663