778 0.803928 0.101735 0.027616 0.034693
7 0.804695 0.141116 0.023627 0.038444
105 0.804388 0.178387 0.027309 0.037975
811 0.805002 0.221050 0.023013 0.037037
541 0.807456 0.237693 0.026695 0.060947
711 0.808684 0.260666 0.027309 0.034693
344 0.805462 0.301219 0.025775 0.042663
7 0.805462 0.342475 0.023320 0.040788
791 0.805769 0.389592 0.022093 0.042194
754 0.806843 0.440225 0.026695 0.045007
415 0.808684 0.485232 0.025468 0.040319
450 0.807610 0.530942 0.030071 0.050164
316 0.807763 0.572902 0.023627 0.039381
361 0.808990 0.613690 0.026695 0.045007
778 0.808990 0.656353 0.024241 0.040319
811 0.809758 0.697843 0.032525 0.043601
402 0.809758 0.741444 0.025775 0.041725
710 0.813133 0.789733 0.019638 0.037975
1032 0.814360 0.835443 0.019638 0.041256
1 0.813440 0.877403 0.019638 0.040788
143 0.812519 0.917253 0.021479 0.038912
641 0.761276 0.111346 0.024547 0.049226
415 0.761430 0.155649 0.025468 0.044069
450 0.760663 0.200656 0.025161 0.047820
1032 0.760203 0.249883 0.021172 0.045945
778 0.761430 0.295593 0.026695 0.040788
152 0.760816 0.337318 0.035287 0.047351
143 0.761430 0.384201 0.025468 0.045476
641 0.762350 0.428504 0.027309 0.041256
69 0.761583 0.473980 0.021479 0.045007
995 0.762197 0.514065 0.024547 0.037975
803 0.759896 0.562119 0.022400 0.045945
481 0.760970 0.607595 0.022706 0.044069
474 0.761737 0.648617 0.027923 0.043601
105 0.760049 0.689873 0.025161 0.037037
651 0.759742 0.732068 0.020865 0.040788
522 0.757594 0.777543 0.029457 0.046414
711 0.757901 0.828411 0.021479 0.034693
631 0.758055 0.864276 0.021786 0.037975
344 0.758361 0.902719 0.020558 0.037975
754 0.756981 0.943038 0.023934 0.043601
697 0.715403 0.107595 0.024241 0.047351
1 0.715250 0.150023 0.028230 0.035631
995 0.716324 0.194327 0.030377 0.051102
803 0.714943 0.237459 0.023320 0.039850
754 0.716938 0.285279 0.024854 0.042663
778 0.714483 0.333333 0.026082 0.045007
1032 0.715557 0.376231 0.028230 0.037037
743 0.715557 0.398500 0.027002 0.078762
934 0.715557 0.421472 0.025161 0.040319
148 0.714176 0.462963 0.028536 0.039850
778 0.716171 0.505626 0.022093 0.037975
7 0.716017 0.545476 0.021172 0.039850
651 0.716017 0.589311 0.024241 0.038444
14 0.715250 0.636896 0.030684 0.051102
803 0.712642 0.684951 0.019331 0.034693
754 0.713562 0.727614 0.021786 0.038444
361 0.715557 0.766057 0.022093 0.034693
105 0.713102 0.809189 0.021479 0.037506
143 0.710341 0.848336 0.017797 0.029536
641 0.712335 0.893343 0.019945 0.038912
1077 0.712182 0.933427 0.025775 0.037506
803 0.671832 0.112986 0.021172 0.044069
754 0.673213 0.156118 0.019024 0.038444
1080 0.671985 0.200891 0.022093 0.041725
55 0.672139 0.247539 0.023627 0.040319
143 0.674133 0.283638 0.033139 0.032818
874 0.672292 0.322550 0.022706 0.038444
1067 0.672139 0.364276 0.023627 0.045007
91 0.675054 0.409986 0.025775 0.037975
450 0.674133 0.452883 0.020865 0.045007
1080 0.672752 0.495077 0.019331 0.039381
148 0.671985 0.534693 0.022093 0.033286
778 0.674440 0.574777 0.018411 0.037506
143 0.674900 0.608533 0.016876 0.029067
641 0.673519 0.647211 0.021479 0.039850
1077 0.675514 0.690342 0.023627 0.036099
474 0.674747 0.729020 0.019024 0.035631
115 0.674900 0.770980 0.021786 0.042663
577 0.673673 0.815284 0.020558 0.037506
964 0.675514 0.856774 0.020558 0.033286
361 0.675821 0.932724 0.024241 0.043601
105 0.632709 0.112518 0.021479 0.045007
143 0.632249 0.154946 0.021172 0.037975
743 0.636698 0.195734 0.025161 0.043601
143 0.633323 0.240272 0.020252 0.041725
391 0.632096 0.283169 0.020865 0.035631
334 0.632403 0.323957 0.021479 0.041256
402 0.634550 0.366854 0.022706 0.040788
513 0.635164 0.408814 0.021479 0.041256
148 0.635318 0.454055 0.027309 0.044538
964 0.634090 0.495312 0.022400 0.037037
778 0.635471 0.528598 0.021479 0.027661
964 0.636392 0.565870 0.022706 0.043132
754 0.636545 0.606188 0.018717 0.035631
778 0.637159 0.644632 0.022400 0.036568
152 0.635164 0.685888 0.019638 0.037506
941 0.636545 0.727145 0.021786 0.041256
721 0.635471 0.772855 0.018411 0.041725
442 0.636545 0.815518 0.021172 0.035162
1067 0.637159 0.854430 0.018717 0.034224
91 0.637465 0.896156 0.020558 0.038912
245 0.597423 0.113221 0.023320 0.035162
722 0.598650 0.148383 0.019024 0.032349
791 0.597423 0.188467 0.021479 0.035631
380 0.596809 0.225973 0.020252 0.039381
526 0.597729 0.265354 0.022706 0.038444
105 0.598036 0.307079 0.015956 0.036568
293 0.597729 0.341538 0.018411 0.037037
450 0.599417 0.382794 0.026082 0.043601
778 0.599264 0.426395 0.024547 0.042663
46 0.599877 0.461322 0.019638 0.025316
105 0.599877 0.495546 0.023934 0.038444
142 0.599724 0.534927 0.016876 0.035631
1080 0.599570 0.578762 0.022093 0.039850
148 0.598036 0.630567 0.021479 0.049695
546 0.601872 0.675340 0.026082 0.030474
631 0.600644 0.711205 0.021172 0.041256
778 0.600491 0.753165 0.025775 0.039850
546 0.600338 0.791608 0.018717 0.036099
332 0.602485 0.830052 0.020558 0.028598
133 0.603253 0.864744 0.023320 0.038912
1041 0.602332 0.901782 0.022093 0.033286
906 0.583768 0.630567 0.054925 0.043132
697 0.563977 0.112752 0.027616 0.037037
7 0.562442 0.155649 0.023320 0.043132
152 0.561369 0.197140 0.026082 0.037975
472 0.563363 0.237225 0.025161 0.039381
944 0.561829 0.273558 0.028230 0.030474
577 0.561675 0.310595 0.022400 0.040788
546 0.562903 0.342007 0.019945 0.022972
751 0.566278 0.375762 0.025468 0.040788
94 0.565357 0.418659 0.021172 0.041256
993 0.565511 0.459447 0.022093 0.037506
775 0.567659 0.499062 0.020865 0.036099
642 0.566892 0.542429 0.021786 0.041256
685 0.566278 0.584388 0.021786 0.030474
762 0.567045 0.628223 0.020252 0.045007
945 0.568579 0.673230 0.020865 0.030005
325 0.565204 0.709798 0.022093 0.036568
1041 0.565051 0.757384 0.020558 0.042663
906 0.569653 0.850914 0.023627 0.034693
778 0.567659 0.891233 0.022093 0.042194
785 0.529457 0.183310 0.023013 0.047820
697 0.526849 0.293718 0.021479 0.037037
434 0.528997 0.336850 0.022093 0.037975
91 0.530991 0.382794 0.019331 0.045476
880 0.529610 0.431317 0.022093 0.038444
92 0.530838 0.469292 0.017183 0.030942
880 0.530071 0.503282 0.018717 0.034224
416 0.531145 0.540553 0.018411 0.028129
504 0.532832 0.569855 0.018104 0.028598
91 0.532986 0.587670 0.017183 0.028598
880 0.533446 0.620956 0.016876 0.034224
474 0.534060 0.660103 0.018717 0.034693
1002 0.534673 0.699250 0.014422 0.035162
1016 0.534060 0.734177 0.016876 0.030942
1077 0.498466 0.176746 0.015649 0.033755
401 0.499386 0.216362 0.017490 0.037975
105 0.499540 0.259494 0.016569 0.042663
143 0.499079 0.306142 0.016876 0.031880
610 0.500614 0.355837 0.016876 0.037506
594 0.500460 0.438350 0.016569 0.033755
1043 0.502148 0.482888 0.017490 0.037506
419 0.503836 0.521097 0.021479 0.033286
92 0.503682 0.557665 0.017490 0.030474
880 0.505063 0.597046 0.017797 0.031411
40 0.506444 0.644398 0.017490 0.031411
1080 0.505677 0.680731 0.014728 0.030942
148 0.505370 0.717065 0.013501 0.032349
794 0.506904 0.756681 0.017183 0.041256
401 0.508438 0.797468 0.020865 0.036568
1067 0.508592 0.844585 0.017490 0.031411
91 0.435410 0.125879 0.021479 0.044538
245 0.435410 0.221753 0.017183 0.044069
722 0.434796 0.266526 0.014115 0.032349
654 0.435716 0.299812 0.014115 0.031411
419 0.437404 0.339662 0.018104 0.038912
654 0.436484 0.380684 0.021172 0.035631
209 0.436023 0.413268 0.017183 0.026723
507 0.436023 0.447023 0.017797 0.033286
1031 0.436484 0.487342 0.016876 0.040788
1067 0.436637 0.530005 0.018411 0.040788
91 0.436790 0.575246 0.021786 0.031880
245 0.437097 0.614627 0.020558 0.040319
722 0.438018 0.654712 0.020558 0.034224
605 0.437711 0.689873 0.018717 0.032349
589 0.438785 0.730895 0.019638 0.038444
450 0.437251 0.775902 0.019638 0.048758
855 0.435870 0.825129 0.016263 0.038444
211 0.434643 0.865682 0.020558 0.035162
546 0.434643 0.901078 0.015035 0.029067
751 0.436023 0.938584 0.015956 0.033755
441 0.403345 0.119550 0.020558 0.038444
743 0.406260 0.174168 0.024547 0.052039
934 0.404265 0.220816 0.019331 0.030942
148 0.403958 0.262072 0.018717 0.041256
474 0.407487 0.305204 0.022706 0.040319
92 0.404725 0.351149 0.019024 0.036568
880 0.405032 0.394280 0.017797 0.040319
1002 0.405953 0.436709 0.019024 0.037975
1016 0.405646 0.476090 0.021479 0.041725
402 0.405492 0.516878 0.017490 0.034224
710 0.405339 0.555556 0.018411 0.043132
69 0.405492 0.594937 0.017490 0.025316
1032 0.406873 0.619081 0.022706 0.033286
92 0.404879 0.655649 0.017490 0.029536
880 0.404725 0.689873 0.014728 0.033286
811 0.404879 0.727145 0.022400 0.036568
148 0.406106 0.766995 0.024241 0.041256
14 0.403498 0.809189 0.019638 0.033755
796 0.403805 0.847867 0.020865 0.038912
1067 0.402577 0.887014 0.017183 0.031880
91 0.403191 0.922175 0.020865 0.032818
245 0.368978 0.117206 0.030377 0.051571
722 0.366370 0.169011 0.027616 0.047351
401 0.366984 0.213549 0.020865 0.035162
129 0.368671 0.253633 0.018104 0.034693
1067 0.369592 0.294187 0.025468 0.039850
91 0.369285 0.342944 0.027923 0.042663
450 0.366984 0.389123 0.021479 0.043132
344 0.370512 0.434834 0.026082 0.047351
845 0.369132 0.487576 0.027002 0.048758
1067 0.368058 0.535865 0.024241 0.042194
91 0.366677 0.576184 0.020252 0.036568
245 0.365296 0.616268 0.025468 0.039850
722 0.367904 0.665026 0.023934 0.044538
640 0.363762 0.716362 0.026082 0.039381
697 0.366217 0.761369 0.019331 0.042194
1 0.364376 0.808720 0.020558 0.044069
995 0.363302 0.857947 0.020865 0.039381
778 0.365143 0.902954 0.023320 0.041256
105 0.364836 0.945382 0.020865 0.038912
326 0.363915 0.978903 0.020865 0.030942
143 0.329702 0.111814 0.021786 0.040788
107 0.327554 0.154477 0.021172 0.038912
778 0.324946 0.197609 0.024547 0.043601
651 0.325560 0.245195 0.026388 0.039381
14 0.325253 0.289733 0.028843 0.045945
143 0.325560 0.332396 0.025775 0.040319
5 0.326481 0.375996 0.022093 0.044069
261 0.326634 0.420300 0.024854 0.043601
513 0.329089 0.465541 0.033446 0.037506
401 0.327401 0.509142 0.022706 0.046882
874 0.324486 0.560478 0.024854 0.045476
399 0.326020 0.600328 0.026082 0.032349
625 0.326634 0.644398 0.021786 0.041725
399 0.324946 0.689170 0.028230 0.040319
370 0.324026 0.742850 0.027616 0.048289
288 0.324333 0.788561 0.023320 0.039381
401 0.325713 0.871308 0.023013 0.042663
743 0.324793 0.913268 0.025468 0.038444
229 0.328935 0.960384 0.028843 0.050164
673 0.285210 0.109705 0.035901 0.054383
706 0.284597 0.163385 0.029764 0.045476
5 0.284597 0.212846 0.026082 0.045007
743 0.281528 0.268401 0.030991 0.051102
796 0.283216 0.316925 0.023320 0.038444
391 0.283523 0.358415 0.023934 0.037037
334 0.284750 0.401547 0.019024 0.040788
143 0.284597 0.444913 0.027309 0.041256
531 0.285517 0.492968 0.021172 0.032349
148 0.283523 0.531880 0.025775 0.036099
1067 0.284443 0.575481 0.023934 0.040788
91 0.283523 0.625410 0.023320 0.044069
450 0.285057 0.669480 0.031912 0.042194
5 0.284750 0.721519 0.025775 0.049695
401 0.283829 0.767698 0.022706 0.040788
743 0.286438 0.815518 0.024854 0.041725
647 0.285517 0.861228 0.023627 0.045007
836 0.287512 0.903891 0.022706 0.042194
450 0.288892 0.952883 0.024241 0.042663
743 0.289353 0.986639 0.023934 0.026723
874 0.244860 0.106657 0.027616 0.047351
401 0.241025 0.156353 0.027923 0.045476
743 0.241792 0.258556 0.027616 0.042663
70 0.242406 0.307314 0.026388 0.045476
471 0.242866 0.357478 0.027309 0.043601
67 0.244247 0.398500 0.029457 0.030942
140 0.241792 0.434365 0.029457 0.030474
169 0.241792 0.469292 0.025775 0.035631
152 0.243633 0.510783 0.026388 0.043601
1032 0.243173 0.559072 0.027309 0.039850
743 0.244860 0.605954 0.023934 0.045476
1077 0.245781 0.659634 0.029457 0.053446
288 0.243633 0.711674 0.033139 0.049695
743 0.244093 0.754102 0.020558 0.035162
711 0.246548 0.790436 0.017490 0.033755
595 0.247469 0.829583 0.030991 0.037975
55 0.248849 0.870605 0.031912 0.042194
689 0.246855 0.917018 0.024241 0.040319
481 0.246241 0.957103 0.025468 0.033286
1067 0.248849 0.985935 0.023320 0.027192
91 0.220927 0.160103 0.014728 0.031411
245 0.200368 0.097984 0.028230 0.034693
722 0.199141 0.140413 0.025161 0.043601
474 0.197453 0.193858 0.031605 0.051102
673 0.201749 0.240038 0.026082 0.037506
930 0.198834 0.278950 0.026388 0.038444
173 0.200828 0.335209 0.030991 0.055321
855 0.199141 0.390295 0.031298 0.044538
592 0.201902 0.433427 0.028230 0.034224
266 0.201596 0.474449 0.026388 0.044069
673 0.202209 0.516174 0.030071 0.042194
706 0.198834 0.561181 0.031912 0.044069
344 0.198527 0.601969 0.030684 0.038444
546 0.198987 0.644866 0.023627 0.041725
751 0.199908 0.684013 0.023013 0.033755
142 0.201135 0.724098 0.030377 0.042663
1080 0.201135 0.764651 0.029764 0.034693
207 0.204357 0.812940 0.031298 0.043132
799 0.207426 0.863104 0.025775 0.048758
237 0.206965 0.958509 0.026695 0.043601
148 0.153575 0.108767 0.028536 0.052508
401 0.152961 0.157993 0.024241 0.035631
173 0.153421 0.204876 0.027002 0.043132
995 0.154035 0.248711 0.022706 0.039850
1031 0.153114 0.293718 0.022093 0.048289
69 0.153882 0.342007 0.025468 0.047351
1032 0.150199 0.396156 0.026082 0.045945
415 0.150967 0.442100 0.027002 0.039381
450 0.156183 0.494374 0.026388 0.056728
971 0.158791 0.542429 0.030991 0.040319
829 0.157564 0.588139 0.024854 0.040788
938 0.158331 0.632208 0.019024 0.034224
924 0.159712 0.668542 0.018104 0.032818
943 0.157871 0.705579 0.027309 0.038444
993 0.157871 0.746601 0.026082 0.043601
0 0.158024 0.792077 0.025161 0.040788
186 0.155109 0.839897 0.028536 0.049226
1080 0.157871 0.890295 0.027309 0.043132
778 0.158024 0.937647 0.027616 0.044069
1067 0.108162 0.103141 0.030377 0.043132
91 0.108469 0.154477 0.026695 0.052977
450 0.106628 0.205110 0.024854 0.044538
930 0.108469 0.288092 0.029150 0.042663
835 0.106474 0.338256 0.027616 0.047351
140 0.105707 0.380684 0.024854 0.039381
1077 0.108622 0.432489 0.029457 0.047351
743 0.110156 0.482888 0.031298 0.044069
411 0.108469 0.531411 0.022400 0.043601
105 0.112611 0.548523 0.028843 0.061885
107 0.115526 0.571730 0.030991 0.036099
829 0.110003 0.617440 0.030991 0.047820
775 0.111691 0.666198 0.028230 0.044069
340 0.110463 0.708392 0.027002 0.030942
234 0.112151 0.747304 0.027309 0.045945
682 0.109543 0.797234 0.022706 0.051102
236 0.109083 0.850211 0.023627 0.052977
401 0.113532 0.906704 0.033139 0.046882
938 0.108622 0.952180 0.023320 0.041256
855 0.108469 0.987342 0.022400 0.024379