380 0.855170 0.174168 0.030071 0.063291
281 0.855017 0.229255 0.022400 0.042194
401 0.854557 0.272855 0.025775 0.037506
145 0.856244 0.316925 0.033446 0.048758
482 0.855631 0.363338 0.032218 0.047820
570 0.859006 0.421472 0.029764 0.050633
531 0.858085 0.471636 0.026695 0.045007
401 0.859313 0.509611 0.024854 0.030942
402 0.857318 0.548992 0.036207 0.046882
513 0.861307 0.642288 0.023934 0.045007
930 0.863608 0.684951 0.027923 0.040319
641 0.864529 0.727145 0.028536 0.045007
595 0.864836 0.772152 0.023013 0.035631
69 0.864989 0.817159 0.024547 0.034693
751 0.863148 0.865448 0.028230 0.046882
402 0.862841 0.913737 0.020252 0.038444
513 0.864529 0.954524 0.019331 0.037506
148 0.804695 0.076418 0.035901 0.044069
1067 0.806229 0.122128 0.036514 0.044538
91 0.804541 0.167839 0.025161 0.044069
245 0.803467 0.214721 0.032832 0.045945
722 0.808070 0.259962 0.026695 0.043601
148 0.806843 0.304501 0.021172 0.042663
133 0.808070 0.342241 0.018104 0.033755
129 0.808837 0.383497 0.027002 0.045945
1067 0.806843 0.439991 0.027309 0.054852
91 0.808070 0.550633 0.036514 0.051102
450 0.813286 0.600797 0.029764 0.050164
513 0.810678 0.650727 0.022706 0.039381
994 0.813286 0.691280 0.030377 0.041725
513 0.808530 0.736521 0.023320 0.038444
419 0.811445 0.784810 0.027309 0.047820
148 0.808684 0.831458 0.027923 0.037037
565 0.811752 0.876699 0.027309 0.044069
577 0.814974 0.923582 0.030071 0.045007
567 0.814667 0.971636 0.024547 0.038912
652 0.755907 0.183310 0.026695 0.046882
829 0.757901 0.229723 0.028843 0.046882
964 0.756674 0.275668 0.026388 0.044069
152 0.757288 0.324426 0.028230 0.055321
401 0.759282 0.379044 0.028536 0.046414
513 0.760203 0.422644 0.023627 0.041725
481 0.760970 0.473043 0.033753 0.049695
602 0.759282 0.521566 0.027923 0.044538
281 0.760816 0.572433 0.026082 0.048758
401 0.762504 0.669480 0.026388 0.040319
706 0.764191 0.713783 0.025468 0.042663
570 0.763424 0.758790 0.022093 0.044538
567 0.763271 0.802391 0.029764 0.042663
546 0.763885 0.840366 0.026082 0.028598
152 0.762964 0.881153 0.028536 0.043601
602 0.761430 0.931552 0.021172 0.045007
577 0.764345 0.973511 0.022706 0.030474
513 0.710494 0.092358 0.029150 0.053446
419 0.708346 0.140178 0.026082 0.041256
513 0.708960 0.183779 0.025468 0.041256
964 0.710187 0.226676 0.024854 0.036099
391 0.709573 0.264651 0.027309 0.042663
334 0.712488 0.312471 0.027616 0.049226
148 0.710647 0.365213 0.027002 0.049695
565 0.711875 0.410924 0.027616 0.041725
143 0.712795 0.459916 0.028230 0.043132
380 0.712795 0.503516 0.027002 0.034693
281 0.713716 0.547586 0.032525 0.047820
401 0.713102 0.592124 0.029457 0.042194
919 0.711568 0.639944 0.032525 0.052508
930 0.714023 0.690342 0.025775 0.048289
401 0.713562 0.742147 0.030377 0.047820
173 0.714790 0.790905 0.031605 0.045007
995 0.715403 0.837787 0.027923 0.046882
796 0.715710 0.885607 0.019945 0.036568
592 0.714790 0.934365 0.021172 0.042194
391 0.665848 0.091186 0.023320 0.044538
334 0.666462 0.130098 0.022093 0.024848
380 0.668303 0.171589 0.027616 0.053446
1002 0.667689 0.224801 0.023934 0.043601
1031 0.667383 0.317159 0.023320 0.038912
704 0.669377 0.358884 0.026082 0.044538
401 0.672139 0.404594 0.030377 0.045945
799 0.668303 0.454055 0.025161 0.039850
237 0.667843 0.520159 0.033446 0.051102
148 0.669070 0.565870 0.024241 0.040319
173 0.667843 0.601969 0.025468 0.035631
204 0.670758 0.642757 0.029457 0.040319
69 0.671678 0.692686 0.024547 0.050164
1046 0.671218 0.790202 0.026695 0.042663
612 0.672446 0.832396 0.024854 0.034224
764 0.673213 0.875996 0.027002 0.040788
1010 0.673366 0.973746 0.022400 0.039381
69 0.623504 0.138303 0.023934 0.021566
602 0.624425 0.215893 0.024547 0.045476
775 0.626419 0.267464 0.035287 0.050164
234 0.625038 0.314580 0.027002 0.041256
682 0.625038 0.349508 0.028230 0.033286
236 0.624885 0.390061 0.021786 0.042194
380 0.624578 0.437647 0.022400 0.040788
683 0.624578 0.474449 0.024241 0.032818
716 0.626419 0.519925 0.022400 0.046882
778 0.628567 0.562588 0.026082 0.040319
69 0.628720 0.599859 0.022093 0.030474
109 0.629948 0.689639 0.024547 0.045945
145 0.632863 0.787857 0.030377 0.047351
482 0.631175 0.832630 0.023320 0.038444
570 0.633016 0.874355 0.020865 0.045945
1032 0.586683 0.162213 0.023320 0.037506
1002 0.585916 0.212143 0.026695 0.041725
1031 0.586069 0.291842 0.022093 0.042663
1038 0.588064 0.340600 0.028536 0.045476
474 0.588064 0.426864 0.022400 0.037975
415 0.590519 0.477731 0.030991 0.051571
450 0.589598 0.528129 0.030991 0.042663
143 0.589598 0.577825 0.023013 0.044538
380 0.590058 0.633380 0.027002 0.051571
281 0.592973 0.683310 0.026695 0.044538
401 0.593894 0.729255 0.025468 0.044538
734 0.591899 0.778950 0.028843 0.045476
519 0.547407 0.106657 0.022093 0.032349
531 0.550782 0.146976 0.024547 0.042663
401 0.550936 0.188701 0.028536 0.041725
153 0.550322 0.239100 0.024241 0.055321
130 0.517337 0.157993 0.019638 0.023441
930 0.517643 0.201125 0.021479 0.047820
971 0.518411 0.247539 0.019331 0.041256
1067 0.517337 0.340366 0.019638 0.043132
91 0.519791 0.391936 0.022706 0.050633
245 0.519638 0.437178 0.019331 0.037975
722 0.520558 0.479606 0.020558 0.040319
845 0.523013 0.528129 0.021786 0.052039
1019 0.523320 0.581106 0.018104 0.046414
906 0.523780 0.627754 0.019024 0.036568
474 0.524241 0.668542 0.016876 0.033755
830 0.525161 0.702532 0.017490 0.048289
641 0.526388 0.790202 0.021172 0.043601
855 0.525928 0.838725 0.020252 0.045945
1077 0.527769 0.887482 0.017797 0.041256
930 0.528536 0.929911 0.021172 0.037975
97 0.529303 0.945617 0.020865 0.049695
577 0.464713 0.132443 0.018717 0.043601
995 0.464253 0.243085 0.019024 0.026723
22 0.463946 0.275199 0.019024 0.043132
130 0.461952 0.323488 0.017490 0.036568
778 0.462872 0.359587 0.016263 0.033755
541 0.460878 0.402016 0.020865 0.038912
1077 0.462105 0.437881 0.018411 0.027192
105 0.461952 0.471402 0.019945 0.036099
142 0.460417 0.519222 0.019945 0.043601
842 0.459497 0.569151 0.016263 0.041256
995 0.458269 0.648851 0.021786 0.026254
631 0.455048 0.686123 0.019024 0.034224
1077 0.454280 0.728551 0.018104 0.042194
109 0.453667 0.774496 0.018717 0.036568
145 0.453053 0.817628 0.018717 0.040319
482 0.431267 0.176981 0.021172 0.037975
570 0.430960 0.270511 0.023013 0.048758
778 0.429426 0.371308 0.024854 0.044069
105 0.429273 0.410689 0.020865 0.031880
142 0.428045 0.488983 0.020865 0.035631
1074 0.427585 0.535865 0.023013 0.039381
4 0.424824 0.608298 0.025468 0.030474
749 0.424977 0.642522 0.020252 0.027661
309 0.424056 0.674168 0.020865 0.023441
799 0.422676 0.708626 0.017490 0.033286
237 0.421448 0.747304 0.021786 0.033755
631 0.420374 0.790202 0.023320 0.044538
930 0.420068 0.832396 0.027616 0.038912
1018 0.419914 0.911627 0.018717 0.043601
1032 0.395367 0.245429 0.021786 0.045476
513 0.392912 0.288326 0.021786 0.039381
749 0.391378 0.326535 0.024241 0.036099
402 0.391838 0.370136 0.022093 0.040788
69 0.393065 0.410924 0.025775 0.036099
654 0.391378 0.453352 0.019331 0.045007
419 0.390764 0.499062 0.020558 0.040788
1065 0.389230 0.540084 0.021786 0.039381
391 0.387389 0.584388 0.027923 0.046414
334 0.388309 0.632911 0.021172 0.046882
507 0.388156 0.673933 0.022093 0.030474
1031 0.389230 0.709798 0.026082 0.044069
143 0.389537 0.753399 0.022400 0.041256
380 0.387082 0.801922 0.024241 0.047351
281 0.386622 0.851852 0.022093 0.042194
401 0.386008 0.898265 0.028843 0.039381
708 0.384627 0.931786 0.023013 0.033286
809 0.384781 0.967182 0.028230 0.038444
715 0.355631 0.199719 0.026388 0.048758
482 0.356091 0.245663 0.024241 0.043132
706 0.355170 0.279184 0.021786 0.028598
58 0.355324 0.308955 0.024547 0.042194
531 0.354710 0.352321 0.022706 0.044538
401 0.355170 0.406704 0.027309 0.052039
641 0.353329 0.456399 0.021172 0.033286
694 0.351335 0.504923 0.027002 0.045945
775 0.350261 0.546648 0.026695 0.038444
930 0.350261 0.591421 0.022400 0.048289
133 0.351642 0.642757 0.027616 0.049695
706 0.348266 0.698312 0.028230 0.049226
673 0.347192 0.742850 0.025468 0.038912
462 0.348573 0.782466 0.025161 0.040319
879 0.345965 0.829583 0.022400 0.039850
351 0.345351 0.875293 0.021786 0.045007
105 0.317122 0.205345 0.024854 0.035631
40 0.315588 0.254337 0.023627 0.048289
930 0.313747 0.351383 0.024241 0.041725
229 0.315127 0.398969 0.020865 0.046882
673 0.311599 0.441632 0.023627 0.042194
706 0.312212 0.485466 0.020558 0.038912
148 0.310832 0.525082 0.023320 0.038444
507 0.310985 0.568448 0.022400 0.042663
749 0.315281 0.610408 0.031605 0.042194
404 0.312212 0.657290 0.024241 0.046882
836 0.309144 0.705813 0.025468 0.047351
450 0.308684 0.750586 0.023320 0.038444
207 0.309297 0.791139 0.020865 0.037037
1038 0.306229 0.830989 0.020252 0.035162
133 0.306229 0.869667 0.023320 0.034693
706 0.306229 0.907876 0.020865 0.045476
58 0.281068 0.113455 0.021479 0.046882
462 0.279227 0.136662 0.023320 0.091421
879 0.276619 0.163854 0.026082 0.048289
577 0.277539 0.201828 0.022400 0.031411
724 0.276619 0.239100 0.024241 0.035631
404 0.278306 0.278012 0.020865 0.036568
474 0.280608 0.325363 0.032218 0.050633
115 0.275084 0.372949 0.023627 0.041725
143 0.275238 0.417253 0.022093 0.042194
380 0.278613 0.462025 0.031298 0.045476
281 0.276158 0.505860 0.021479 0.035631
401 0.275851 0.547117 0.023934 0.043132
459 0.275851 0.589311 0.021479 0.036568
519 0.275084 0.629630 0.027309 0.037506
568 0.274778 0.673933 0.020558 0.040788
930 0.236269 0.252461 0.022706 0.042663
97 0.235041 0.293483 0.027616 0.040319
577 0.233507 0.343179 0.023934 0.052508
770 0.233507 0.389358 0.032525 0.037975
971 0.233200 0.477028 0.030071 0.037975
1067 0.231666 0.516409 0.028230 0.035162
91 0.230439 0.555321 0.033753 0.041725
857 0.233967 0.594468 0.024854 0.037506
436 0.231052 0.642991 0.020865 0.043601
459 0.230592 0.682841 0.018717 0.029536
519 0.229979 0.721050 0.027309 0.049695
474 0.227984 0.768870 0.027616 0.031880
592 0.226143 0.814346 0.025775 0.045007
665 0.225683 0.865917 0.023013 0.046882
199 0.226143 0.906704 0.027616 0.037506
47 0.226143 0.952649 0.023934 0.044069
489 0.226143 0.985701 0.019024 0.026723
607 0.190703 0.107126 0.026082 0.042663
836 0.191010 0.194562 0.028536 0.047820
704 0.190089 0.245195 0.034060 0.051571
474 0.188708 0.294655 0.023934 0.046414
1002 0.191163 0.343179 0.033753 0.049695
871 0.189936 0.396859 0.032525 0.045476
612 0.186714 0.443038 0.029150 0.043132
903 0.187174 0.485935 0.025775 0.040788
404 0.186714 0.535865 0.024241 0.050633
778 0.187174 0.589311 0.023934 0.041256
695 0.185026 0.641819 0.022706 0.048758
148 0.184412 0.684482 0.028230 0.039381
436 0.184259 0.727145 0.024241 0.044069
173 0.181804 0.777778 0.021172 0.048758
855 0.181651 0.827707 0.021479 0.038912
474 0.181037 0.867792 0.026388 0.038444
592 0.145290 0.107361 0.024854 0.044069
589 0.145597 0.158228 0.024854 0.040788
380 0.142835 0.203235 0.022400 0.038912
1002 0.142835 0.239334 0.023013 0.026723
704 0.142375 0.276606 0.025775 0.042194
401 0.144830 0.327942 0.033139 0.050164
799 0.142375 0.376465 0.027616 0.041256
237 0.141454 0.416081 0.025775 0.036099
1002 0.141915 0.456634 0.027923 0.033755
871 0.145443 0.499531 0.025775 0.040788
612 0.148512 0.553211 0.025775 0.052508
764 0.148052 0.612049 0.023627 0.043601
1010 0.147131 0.659400 0.024854 0.043601
281 0.145137 0.706751 0.022706 0.051102
401 0.144676 0.764182 0.028536 0.056259
568 0.142528 0.817628 0.024241 0.045007
930 0.142375 0.861463 0.028843 0.035162
377 0.138233 0.902485 0.022400 0.043132
129 0.137619 0.984763 0.022400 0.026723