1077 0.846425 0.095874 0.025468 0.038912
401 0.846732 0.137600 0.026695 0.029536
991 0.846118 0.177918 0.027923 0.040788
318 0.845965 0.203000 0.025161 0.090952
143 0.845505 0.228083 0.024241 0.046414
1048 0.844738 0.277543 0.031298 0.047820
442 0.846425 0.323722 0.027309 0.037975
1077 0.844124 0.367323 0.020865 0.042663
143 0.845965 0.410220 0.022706 0.036568
994 0.845658 0.455696 0.029457 0.049695
378 0.847959 0.497890 0.027923 0.033755
1067 0.847806 0.544773 0.030684 0.057196
91 0.848727 0.596109 0.022706 0.037975
450 0.851488 0.639475 0.028230 0.046882
401 0.850568 0.690342 0.020865 0.038912
91 0.850875 0.719878 0.020865 0.035162
796 0.851948 0.737928 0.020558 0.032818
507 0.798711 0.139475 0.031912 0.043601
749 0.798404 0.216831 0.025161 0.041725
261 0.802240 0.253633 0.030991 0.032818
808 0.800552 0.298875 0.028843 0.051102
288 0.801166 0.339897 0.022706 0.030005
401 0.803467 0.372480 0.029150 0.036099
442 0.802393 0.455696 0.027002 0.045945
1047 0.801166 0.504923 0.030071 0.049695
930 0.804848 0.555321 0.032525 0.041725
905 0.803621 0.595406 0.022706 0.035631
69 0.806075 0.632208 0.020252 0.037037
1032 0.805615 0.671824 0.032218 0.041256
366 0.808837 0.711439 0.026388 0.039850
652 0.808223 0.754805 0.020252 0.036568
158 0.809297 0.801453 0.028536 0.046414
778 0.809911 0.849508 0.029764 0.043132
1054 0.807917 0.894515 0.020865 0.048758
652 0.808530 0.947726 0.022706 0.047351
508 0.756674 0.102672 0.027002 0.049695
778 0.755753 0.142991 0.027616 0.030942
1048 0.756214 0.180263 0.023013 0.035162
972 0.756520 0.220581 0.027923 0.037037
673 0.756367 0.265120 0.023320 0.039850
1067 0.756827 0.308720 0.024241 0.047351
91 0.759435 0.358650 0.023320 0.047820
450 0.760816 0.406470 0.030377 0.044069
905 0.758822 0.451477 0.024547 0.042194
474 0.761123 0.497187 0.025468 0.043601
152 0.761123 0.541725 0.029150 0.037037
143 0.760663 0.587436 0.022706 0.050633
641 0.760970 0.644632 0.023320 0.044069
249 0.759742 0.690342 0.023320 0.036099
921 0.759589 0.729723 0.025468 0.035162
1077 0.760970 0.772621 0.021479 0.045945
631 0.762044 0.822550 0.021786 0.043601
261 0.764805 0.867323 0.027309 0.043132
808 0.718165 0.146038 0.028536 0.044538
5 0.716784 0.189405 0.025775 0.036568
401 0.717858 0.229723 0.019331 0.037506
1032 0.718472 0.269105 0.018104 0.038444
1060 0.717091 0.310361 0.028843 0.045945
1072 0.718319 0.357243 0.022093 0.046882
1067 0.719699 0.409752 0.019945 0.044069
91 0.722154 0.454993 0.028536 0.040788
450 0.722154 0.503282 0.022400 0.044538
290 0.721847 0.548289 0.023627 0.042663
401 0.722614 0.590483 0.019638 0.035162
958 0.722614 0.635256 0.022706 0.046882
749 0.724762 0.689873 0.022706 0.044538
270 0.724302 0.741444 0.024854 0.051102
404 0.727370 0.795124 0.029764 0.045007
173 0.728291 0.838725 0.029150 0.031880
195 0.725683 0.872949 0.024547 0.029067
66 0.726143 0.912799 0.026082 0.039381
402 0.673673 0.141116 0.019945 0.039381
5 0.674900 0.258322 0.024241 0.044069
652 0.676588 0.303329 0.027002 0.043132
778 0.675054 0.347398 0.023320 0.038444
1054 0.677815 0.391702 0.025775 0.037975
652 0.680423 0.435771 0.024854 0.045476
1048 0.680117 0.484998 0.018717 0.038912
778 0.679349 0.527661 0.018411 0.037037
1048 0.679656 0.572433 0.029457 0.046882
69 0.682111 0.615331 0.027616 0.032349
794 0.682418 0.656587 0.022706 0.042663
652 0.681958 0.702297 0.024241 0.042194
195 0.682725 0.746835 0.020865 0.050633
91 0.683492 0.841772 0.031605 0.043601
450 0.684106 0.885607 0.021786 0.035631
474 0.685333 0.933427 0.022400 0.052508
673 0.637159 0.108298 0.026082 0.045007
794 0.636698 0.187764 0.024547 0.036099
148 0.639153 0.315518 0.032525 0.046882
50 0.638386 0.402485 0.023013 0.046414
1034 0.640074 0.445382 0.027002 0.042194
651 0.642375 0.490624 0.030991 0.043601
402 0.640380 0.536803 0.025161 0.044069
921 0.640841 0.580872 0.029150 0.030942
675 0.642989 0.622128 0.022400 0.045945
69 0.644369 0.668776 0.025775 0.044538
1032 0.644523 0.710970 0.021786 0.026723
749 0.643449 0.752461 0.020865 0.042194
404 0.645597 0.850211 0.020252 0.032349
695 0.646057 0.881388 0.018104 0.026254
1067 0.647745 0.907407 0.017183 0.028598
91 0.597116 0.248711 0.025161 0.035162
245 0.597729 0.289733 0.023934 0.042194
722 0.599877 0.331927 0.023320 0.038444
830 0.599110 0.372714 0.019331 0.037506
513 0.601258 0.413971 0.022400 0.043132
442 0.600491 0.460384 0.033753 0.045945
463 0.602792 0.502110 0.021172 0.034693
706 0.601565 0.541960 0.019331 0.029067
762 0.605400 0.581575 0.029457 0.043601
930 0.604787 0.630567 0.021479 0.042194
5 0.608776 0.675340 0.027002 0.043601
442 0.606321 0.720581 0.022706 0.040319
1077 0.608315 0.765588 0.021172 0.052508
930 0.608315 0.811064 0.031605 0.039381
1067 0.608469 0.847632 0.022093 0.029067
91 0.608469 0.862166 0.019024 0.039381
245 0.608929 0.892874 0.016263 0.023910
722 0.609236 0.910689 0.016876 0.025785
401 0.563977 0.166198 0.030071 0.043601
422 0.565204 0.302625 0.025161 0.030474
61 0.566892 0.387951 0.017490 0.030474
879 0.566892 0.432489 0.015649 0.045476
796 0.566125 0.480778 0.022706 0.044538
158 0.568579 0.523207 0.019024 0.034693
925 0.571034 0.563994 0.023934 0.034693
481 0.572568 0.636428 0.019638 0.044538
195 0.573029 0.684013 0.016876 0.031880
69 0.574716 0.841303 0.018411 0.032349
91 0.575023 0.887014 0.015342 0.040319
62 0.534060 0.315752 0.020558 0.038912
836 0.535594 0.353962 0.019331 0.030005
140 0.536975 0.389827 0.016569 0.030474
139 0.537742 0.425223 0.016263 0.035631
686 0.538355 0.473980 0.023013 0.045945
971 0.538816 0.522035 0.019638 0.037975
402 0.540350 0.567276 0.019638 0.039381
442 0.541270 0.617909 0.020865 0.048758
195 0.539890 0.665729 0.017490 0.032818
392 0.541270 0.755509 0.016569 0.041725
1067 0.542344 0.792077 0.017490 0.026723
91 0.464867 0.114862 0.020252 0.044069
245 0.463332 0.162447 0.022706 0.040788
722 0.464406 0.209798 0.023627 0.051102
401 0.464253 0.256446 0.019024 0.037506
442 0.465327 0.293249 0.016876 0.032349
1047 0.465634 0.326770 0.024854 0.038444
930 0.467321 0.371542 0.023320 0.041725
905 0.463946 0.413033 0.020865 0.042194
930 0.463639 0.457571 0.023320 0.036568
1067 0.464406 0.597515 0.021172 0.047351
91 0.461645 0.693390 0.019331 0.034693
62 0.463486 0.734177 0.016263 0.034693
756 0.463793 0.768167 0.024854 0.031411
905 0.462258 0.813174 0.026695 0.044538
69 0.461031 0.858650 0.020558 0.040788
158 0.457502 0.938819 0.017797 0.037975
925 0.428506 0.114393 0.026695 0.053446
764 0.428966 0.166432 0.027002 0.037506
317 0.428199 0.242147 0.021172 0.035162
148 0.428352 0.285279 0.024547 0.038912
401 0.428813 0.321144 0.030991 0.034693
442 0.428506 0.362635 0.024241 0.041725
768 0.428813 0.412799 0.021172 0.046414
930 0.426971 0.465073 0.026082 0.044069
97 0.428352 0.515706 0.029457 0.048758
344 0.429426 0.567042 0.024854 0.042663
794 0.426204 0.646507 0.028843 0.040319
402 0.425130 0.692452 0.026082 0.041256
442 0.423289 0.743319 0.024241 0.049226
1060 0.419914 0.794421 0.020558 0.042663
1072 0.419914 0.887248 0.024241 0.041725
1067 0.422522 0.931083 0.021479 0.043132
91 0.420528 0.973746 0.028536 0.042194
450 0.394139 0.105016 0.024854 0.040319
439 0.392452 0.149086 0.021479 0.043132
431 0.393065 0.193390 0.020252 0.042663
69 0.391071 0.237459 0.021786 0.042663
391 0.391531 0.285748 0.024547 0.041725
334 0.389230 0.334271 0.018104 0.034693
925 0.389230 0.412564 0.019331 0.037506
964 0.390611 0.454290 0.023934 0.041256
1067 0.390304 0.493202 0.020252 0.030942
91 0.389537 0.532583 0.020558 0.040319
245 0.387696 0.585560 0.020558 0.045945
722 0.388309 0.634552 0.019945 0.039850
402 0.385394 0.722457 0.019638 0.037506
442 0.383707 0.863338 0.022400 0.038912
463 0.384014 0.905767 0.023013 0.040319
706 0.383400 0.981950 0.024241 0.032349
143 0.374501 0.815284 0.043265 0.043132
38 0.350721 0.104548 0.018411 0.050633
566 0.349647 0.150961 0.016876 0.036568
989 0.351028 0.191045 0.025161 0.034224
474 0.348727 0.227614 0.018717 0.032349
442 0.350875 0.268401 0.018104 0.040788
971 0.351642 0.309892 0.023320 0.033755
105 0.349494 0.352086 0.017797 0.045007
930 0.348880 0.398265 0.019638 0.036099
442 0.350261 0.439287 0.021786 0.035631
855 0.350568 0.477496 0.018717 0.036099
595 0.348727 0.518987 0.025468 0.038444
728 0.348113 0.568214 0.024241 0.045007
148 0.349647 0.613455 0.024854 0.044538
442 0.347653 0.656353 0.029457 0.038444
351 0.347499 0.696203 0.025468 0.030942
778 0.345351 0.742382 0.024241 0.051102
133 0.343664 0.791842 0.020865 0.037506
442 0.344738 0.831927 0.021786 0.036099
370 0.353176 0.869433 0.041731 0.041725
105 0.343203 0.871542 0.019331 0.039381
142 0.342283 0.917253 0.021786 0.041725
727 0.343050 0.958978 0.020865 0.035162
845 0.309911 0.088842 0.015342 0.025785
504 0.309911 0.101735 0.014115 0.030005
450 0.308530 0.138537 0.017490 0.037037
631 0.308990 0.180966 0.019638 0.032818
930 0.307149 0.221519 0.020252 0.044538
971 0.306689 0.262775 0.020558 0.032349
523 0.305615 0.300281 0.022706 0.039850
195 0.306843 0.340600 0.023320 0.039850
129 0.308684 0.378575 0.023934 0.035162
796 0.308530 0.418190 0.026082 0.045007
1067 0.307763 0.458509 0.020252 0.031880
91 0.308070 0.495077 0.016569 0.036568
62 0.306689 0.531880 0.024241 0.029536
971 0.305308 0.566573 0.022093 0.034224
109 0.305462 0.599391 0.022400 0.029536
107 0.303621 0.636193 0.023627 0.044069
930 0.303160 0.681903 0.023934 0.042663
905 0.304848 0.726442 0.022400 0.039850
764 0.304388 0.765120 0.027616 0.037506
203 0.303928 0.798875 0.021786 0.029067
474 0.304234 0.828880 0.022400 0.033755
546 0.303928 0.864744 0.023627 0.037975
595 0.303928 0.904594 0.020558 0.039850
107 0.302087 0.947726 0.020558 0.034224
513 0.302854 0.981247 0.022093 0.034693
438 0.287972 0.133380 0.015035 0.029536
1018 0.270175 0.102907 0.035901 0.049226
781 0.271249 0.146038 0.022093 0.038912
55 0.268334 0.187295 0.030991 0.038912
921 0.270328 0.226207 0.022093 0.039850
1077 0.269868 0.271683 0.024854 0.043601
546 0.270175 0.311299 0.025468 0.035631
402 0.269254 0.353727 0.022400 0.046414
971 0.269561 0.394515 0.019945 0.031411
778 0.270328 0.436474 0.024547 0.039381
143 0.269408 0.480309 0.022093 0.043601
147 0.267874 0.528833 0.021479 0.043132
934 0.267413 0.566338 0.025468 0.028129
148 0.266800 0.605720 0.030377 0.049695
328 0.265879 0.653540 0.020558 0.039381
401 0.264805 0.697375 0.022093 0.046414
133 0.262044 0.743085 0.024547 0.039381
706 0.262044 0.780356 0.030684 0.037037
713 0.261890 0.824660 0.022400 0.042194
185 0.261890 0.903891 0.019331 0.030942
869 0.263424 0.946320 0.023013 0.044538
195 0.264652 0.984763 0.022400 0.028598
481 0.227984 0.094937 0.030684 0.044538
1067 0.226910 0.175809 0.018104 0.039381
91 0.226910 0.213549 0.024854 0.038912
245 0.231359 0.254102 0.031912 0.042194
722 0.229672 0.297468 0.027309 0.046414
415 0.225836 0.342944 0.022706 0.043601
778 0.224609 0.385607 0.019024 0.035162
1067 0.223688 0.422410 0.016569 0.033755
91 0.226450 0.456165 0.027616 0.030942
436 0.224916 0.489686 0.019024 0.034224
577 0.226910 0.526020 0.026082 0.032818
770 0.225990 0.561416 0.022400 0.030474
971 0.225529 0.596812 0.033139 0.038444
442 0.224609 0.636428 0.022706 0.036099
129 0.224762 0.677918 0.026695 0.037506
481 0.225376 0.722691 0.024241 0.042663
195 0.223075 0.766526 0.024547 0.046882
344 0.222921 0.811064 0.024854 0.042194
109 0.223688 0.861697 0.028843 0.047820
107 0.220927 0.953821 0.022093 0.037975
796 0.222307 0.984763 0.019331 0.024848
836 0.184873 0.096109 0.030991 0.053446
140 0.180423 0.153071 0.023934 0.046414
139 0.179963 0.200656 0.024241 0.041256
686 0.180884 0.254102 0.026082 0.054383
1004 0.136545 0.176981 0.030071 0.049226
808 0.137159 0.229255 0.033139 0.047820
37 0.136698 0.276840 0.029764 0.043601
749 0.133937 0.324426 0.027309 0.049695
499 0.134857 0.384669 0.021172 0.047351
568 0.135471 0.428504 0.028536 0.038444
708 0.133323 0.463901 0.024854 0.025785
809 0.132709 0.500703 0.028536 0.047820
715 0.131789 0.549695 0.027309 0.049226
482 0.134090 0.601500 0.032525 0.052508
706 0.132556 0.650727 0.022093 0.039381
58 0.131635 0.690577 0.027002 0.038444
673 0.134244 0.743319 0.032218 0.053915
462 0.132403 0.799578 0.023627 0.052977
879 0.133783 0.860291 0.030684 0.049695