244 0.4140625 0.64921875 0.0328125 0.03359375
88 0.8375 0.35 0.03125 0.03984375
297 0.753125 0.621875 0.0296875 0.03828125
654 0.88125 0.17578125 0.03828125 0.0453125
192 0.4140625 0.609375 0.028125 0.0359375
176 0.88125 0.31171875 0.0328125 0.03515625
572 0.315625 0.4046875 0.0375 0.03984375
277 0.70390625 0.32578125 0.03046875 0.04609375
334 0.8359375 0.23046875 0.0328125 0.03671875
87 0.315625 0.3609375 0.02890625 0.04453125
702 0.41328125 0.2765625 0.03125 0.0328125
601 0.840625 0.89609375 0.02890625 0.0390625
265 0.453125 0.334375 0.02890625 0.034375
241 0.31875 0.48984375 0.0296875 0.04375
44 0.26875 0.43125 0.0296875 0.0453125
334 0.8375 0.59375 0.03203125 0.03359375
139 0.49609375 0.284375 0.03046875 0.0328125
220 0.58125 0.3578125 0.02890625 0.04453125
209 0.83515625 0.309375 0.02734375 0.03359375
562 0.41015625 0.3765625 0.0296875 0.0375
210 0.2703125 0.2328125 0.028125 0.03515625
334 0.928125 0.66640625 0.03515625 0.0375
344 0.27578125 0.7421875 0.02890625 0.040625
220 0.1859375 0.80546875 0.02890625 0.04453125
545 0.8375 0.665625 0.03125 0.04140625
665 0.58046875 0.31484375 0.028125 0.034375
435 0.37265625 0.8125 0.02890625 0.03515625
209 0.13984375 0.39609375 0.02890625 0.03671875
146 0.37109375 0.91796875 0.028125 0.03203125
601 0.1859375 0.6921875 0.0296875 0.03359375
214 0.621875 0.4453125 0.025 0.0328125
73 0.271875 0.58671875 0.0421875 0.03515625
454 0.79296875 0.49609375 0.0296875 0.0390625
344 0.32265625 0.721875 0.03203125 0.03515625
433 0.621875 0.48046875 0.0265625 0.03203125
568 0.75078125 0.24921875 0.0265625 0.03671875
685 0.6234375 0.79921875 0.02578125 0.03671875
121 0.753125 0.5453125 0.02421875 0.0328125
189 0.3703125 0.6296875 0.0296875 0.03671875
269 0.78984375 0.35546875 0.0265625 0.03671875
432 0.41875 0.78515625 0.0296875 0.0296875
601 0.928125 0.6234375 0.0265625 0.03984375
123 0.840625 0.78671875 0.028125 0.0328125
60 0.13828125 0.32890625 0.0328125 0.03515625
120 0.45390625 0.25859375 0.02734375 0.0359375
672 0.14921875 0.8953125 0.03359375 0.0390625
204 0.66484375 0.77109375 0.028125 0.0328125
185 0.27109375 0.14921875 0.03046875 0.0375
220 0.58125 0.68984375 0.0234375 0.04140625
44 0.578125 0.46171875 0.02578125 0.03359375
507 0.92890625 0.58125 0.0265625 0.0390625
92 0.87890625 0.78046875 0.028125 0.03359375
175 0.70546875 0.371875 0.02734375 0.04140625
170 0.58125 0.42890625 0.02421875 0.03203125
428 0.1859375 0.61796875 0.0265625 0.0359375
31 0.321875 0.68671875 0.0265625 0.03046875
95 0.32265625 0.7546875 0.0328125 0.03046875
101 0.365625 0.25078125 0.03125 0.03046875
42 0.371875 0.771875 0.02578125 0.03671875
327 0.3140625 0.1515625 0.03203125 0.05078125
204 0.9265625 0.790625 0.0265625 0.034375
175 0.22578125 0.2296875 0.025 0.0390625
80 0.9265625 0.91328125 0.0265625 0.03203125
175 0.79453125 0.5390625 0.02421875 0.0421875
341 0.14140625 0.53359375 0.02890625 0.0328125
175 0.36796875 0.55234375 0.0265625 0.0421875
601 0.8390625 0.71171875 0.02734375 0.0421875
276 0.49375 0.321875 0.02734375 0.03671875
204 0.146875 0.7734375 0.025 0.03359375
529 0.45546875 0.66484375 0.025 0.03203125
702 0.37265625 0.66328125 0.0296875 0.03046875
172 0.75 0.47265625 0.02421875 0.0390625
437 0.18203125 0.37890625 0.03203125 0.03203125
220 0.6609375 0.21328125 0.02734375 0.046875
386 0.14609375 0.69375 0.02578125 0.0359375
170 0.40859375 0.34140625 0.028125 0.03125
138 0.92890625 0.53828125 0.0265625 0.0359375
73 0.2765625 0.9359375 0.025 0.0390625
433 0.5796875 0.6515625 0.0234375 0.02734375
685 0.62421875 0.609375 0.02578125 0.03515625
475 0.45546875 0.45234375 0.02578125 0.0328125
126 0.2234375 0.190625 0.02265625 0.034375
232 0.621875 0.73203125 0.025 0.03203125
433 0.75078125 0.2890625 0.02734375 0.03125
329 0.36953125 0.5921875 0.02578125 0.0328125
289 0.5 0.9140625 0.02109375 0.028125
454 0.2734375 0.81875 0.02890625 0.03828125
243 0.32109375 0.64375 0.028125 0.0453125
210 0.45625 0.528125 0.025 0.0296875
175 0.49921875 0.83046875 0.02421875 0.04140625
679 0.88046875 0.7390625 0.02578125 0.0390625
183 0.1859375 0.7265625 0.0296875 0.0265625
202 0.5796875 0.39609375 0.02265625 0.02890625
297 0.8328125 0.2703125 0.025 0.03671875
80 0.375 0.846875 0.03671875 0.03203125
191 0.7046875 0.2109375 0.03515625 0.03359375
373 0.92734375 0.4953125 0.0265625 0.0359375
202 0.6609375 0.2546875 0.02265625 0.03046875
5 0.9234375 0.38984375 0.028125 0.0265625
109 0.7953125 0.94921875 0.0296875 0.03515625
474 0.578125 0.24140625 0.0265625 0.03515625
365 0.49375 0.25 0.0203125 0.0328125
526 0.13359375 0.22734375 0.02890625 0.0296875
189 0.371875 0.69609375 0.02578125 0.02734375
443 0.6640625 0.39609375 0.02890625 0.028125
424 0.796875 0.6109375 0.03203125 0.02734375
120 0.13515625 0.26328125 0.0234375 0.03359375
192 0.83671875 0.39453125 0.028125 0.0421875
645 0.58359375 0.61953125 0.0296875 0.03046875
154 0.1828125 0.2578125 0.0234375 0.03359375
564 0.3625 0.1421875 0.02890625 0.0328125
347 0.83515625 0.19453125 0.02265625 0.02734375
58 0.9203125 0.16796875 0.025 0.04453125
702 0.18203125 0.315625 0.02578125 0.02578125
365 0.37421875 0.95546875 0.02265625 0.0328125
132 0.6578125 0.17265625 0.02265625 0.034375
175 0.5 0.584375 0.021875 0.03671875
315 0.6203125 0.70078125 0.02421875 0.02734375
92 0.878125 0.85625 0.02421875 0.02890625
322 0.6640625 0.92578125 0.028125 0.0515625
347 0.1375 0.29609375 0.02890625 0.0265625
80 0.88046875 0.6515625 0.03671875 0.03359375
203 0.74921875 0.32265625 0.03359375 0.028125
175 0.49140625 0.1375 0.02421875 0.0421875
446 0.8359375 0.55859375 0.01875 0.0328125
672 0.46171875 0.9515625 0.02890625 0.0328125
183 0.1828125 0.2859375 0.0265625 0.0265625
506 0.75078125 0.43203125 0.02109375 0.03671875
537 0.83359375 0.11953125 0.0234375 0.0234375
37 0.18828125 0.584375 0.03046875 0.0296875
37 0.57734375 0.1734375 0.0171875 0.028125
654 0.140625 0.43359375 0.021875 0.03046875
