368 0.3375 0.53046875 0.03359375 0.03828125
518 0.89453125 0.8828125 0.034375 0.0390625
444 0.42578125 0.28359375 0.028125 0.03828125
192 0.29140625 0.1921875 0.0265625 0.03671875
491 0.85 0.76875 0.02578125 0.04140625
685 0.1640625 0.89765625 0.02890625 0.03359375
55 0.16328125 0.6453125 0.02890625 0.0453125
623 0.8875 0.23046875 0.02890625 0.0359375
334 0.42578125 0.3875 0.03359375 0.03671875
610 0.1609375 0.44921875 0.0296875 0.03828125
677 0.8484375 0.59609375 0.028125 0.040625
299 0.25078125 0.65078125 0.034375 0.0421875
677 0.3359375 0.4875 0.028125 0.04140625
397 0.24765625 0.3734375 0.03203125 0.0328125
289 0.24375 0.86171875 0.028125 0.04140625
276 0.2453125 0.81953125 0.03125 0.04140625
134 0.24921875 0.15859375 0.025 0.0359375
431 0.2890625 0.7515625 0.03125 0.0328125
203 0.88828125 0.18984375 0.0265625 0.03671875
203 0.7171875 0.2640625 0.0265625 0.0328125
175 0.67265625 0.26875 0.02578125 0.03984375
623 0.88984375 0.2984375 0.02734375 0.0328125
481 0.203125 0.7765625 0.0359375 0.0359375
192 0.84921875 0.84921875 0.02421875 0.0375
175 0.203125 0.4078125 0.02734375 0.0453125
188 0.33828125 0.184375 0.02578125 0.040625
192 0.67109375 0.3078125 0.025 0.03359375
233 0.59765625 0.3640625 0.02109375 0.03203125
192 0.24609375 0.775 0.02890625 0.04375
488 0.89296875 0.84453125 0.03203125 0.034375
226 0.71640625 0.30078125 0.02421875 0.03515625
341 0.63359375 0.68203125 0.02421875 0.034375
288 0.2046875 0.325 0.0265625 0.03828125
442 0.89453125 0.6671875 0.0296875 0.040625
665 0.20625 0.20390625 0.0265625 0.0359375
592 0.63203125 0.3015625 0.0234375 0.03515625
220 0.67734375 0.81328125 0.02734375 0.04140625
123 0.203125 0.365625 0.02578125 0.03984375
54 0.29375 0.2359375 0.0265625 0.04140625
192 0.2046875 0.4546875 0.0265625 0.04140625
233 0.16484375 0.2265625 0.02734375 0.03203125
540 0.71875 0.4078125 0.0234375 0.0359375
645 0.721875 0.63515625 0.0296875 0.0328125
675 0.76171875 0.4046875 0.0234375 0.03671875
404 0.425 0.46171875 0.0265625 0.03515625
209 0.76484375 0.63359375 0.025 0.03828125
92 0.8921875 0.80703125 0.03515625 0.03515625
92 0.63203125 0.71640625 0.025 0.03046875
81 0.203125 0.84921875 0.02578125 0.03359375
156 0.67578125 0.66875 0.03125 0.034375
276 0.16015625 0.48515625 0.02890625 0.034375
433 0.8046875 0.26328125 0.02421875 0.03046875
368 0.20859375 0.125 0.02890625 0.0390625
126 0.28984375 0.790625 0.0265625 0.03984375
222 0.2046875 0.67578125 0.028125 0.040625
334 0.16484375 0.4078125 0.0359375 0.03671875
545 0.5078125 0.32109375 0.02265625 0.0328125
227 0.76328125 0.17265625 0.0328125 0.0390625
367 0.9375 0.41484375 0.0328125 0.03671875
541 0.89765625 0.47578125 0.0296875 0.0390625
514 0.8890625 0.15078125 0.02578125 0.03359375
120 0.71796875 0.33515625 0.0234375 0.03359375
353 0.38359375 0.16953125 0.03203125 0.053125
379 0.7609375 0.25 0.0234375 0.0359375
60 0.25 0.56875 0.03515625 0.03671875
568 0.20234375 0.5375 0.02578125 0.03359375
475 0.89375 0.77265625 0.0265625 0.03046875
687 0.8046875 0.478125 0.02578125 0.03828125
190 0.16328125 0.8109375 0.02578125 0.04140625
623 0.846875 0.11328125 0.0265625 0.03828125
95 0.203125 0.5703125 0.025 0.0296875
192 0.71953125 0.55859375 0.02421875 0.03671875
92 0.8921875 0.92109375 0.02734375 0.03515625
175 0.7203125 0.51796875 0.0265625 0.0390625
652 0.25078125 0.27421875 0.03046875 0.03203125
545 0.59765625 0.71640625 0.02109375 0.03359375
402 0.89140625 0.334375 0.021875 0.0359375
526 0.940625 0.65 0.025 0.028125
119 0.2484375 0.19765625 0.0234375 0.03671875
152 0.63203125 0.36796875 0.025 0.0265625
183 0.5046875 0.58046875 0.021875 0.03671875
507 0.5046875 0.51953125 0.02421875 0.0296875
232 0.8953125 0.51328125 0.025 0.0359375
232 0.33125 0.7484375 0.028125 0.0359375
192 0.2875 0.91953125 0.02734375 0.0359375
278 0.76015625 0.2125 0.02265625 0.03671875
192 0.465625 0.73828125 0.02265625 0.03515625
192 0.5046875 0.6484375 0.02109375 0.034375
274 0.2875 0.58515625 0.0234375 0.03203125
404 0.72109375 0.48359375 0.025 0.03046875
505 0.33203125 0.88125 0.028125 0.0296875
311 0.33046875 0.68046875 0.02421875 0.03359375
89 0.2046875 0.63515625 0.02578125 0.0390625
93 0.42109375 0.8359375 0.0234375 0.03203125
232 0.50390625 0.76015625 0.0203125 0.03359375
545 0.63515625 0.5171875 0.0203125 0.0390625
376 0.2046875 0.6015625 0.028125 0.0265625
297 0.2 0.940625 0.0265625 0.0328125
117 0.42421875 0.50078125 0.02890625 0.0421875
320 0.76171875 0.3625 0.021875 0.04140625
226 0.67421875 0.58984375 0.02421875 0.040625
242 0.33125 0.846875 0.02734375 0.0390625
175 0.50390625 0.68671875 0.02109375 0.0390625
674 0.50703125 0.45234375 0.02265625 0.0328125
202 0.93671875 0.4859375 0.02421875 0.028125
202 0.50234375 0.79140625 0.02109375 0.0265625
330 0.6359375 0.4 0.02734375 0.02890625
604 0.4234375 0.53828125 0.025 0.02734375
438 0.24765625 0.2359375 0.021875 0.03671875
424 0.89296875 0.70703125 0.02265625 0.03125
647 0.8046875 0.44140625 0.02109375 0.03203125
634 0.84921875 0.55234375 0.0265625 0.04140625
365 0.9390625 0.58203125 0.0203125 0.02890625
289 0.89296875 0.54765625 0.02265625 0.028125
12 0.6 0.46953125 0.01875 0.0296875
297 0.66953125 0.11328125 0.02421875 0.034375
404 0.934375 0.1984375 0.01953125 0.0328125
421 0.8875 0.11328125 0.02421875 0.0328125
232 0.7265625 0.921875 0.021875 0.0375
74 0.50859375 0.2640625 0.0203125 0.03046875
340 0.33671875 0.41328125 0.03046875 0.03671875
212 0.67421875 0.746875 0.01953125 0.0296875
26 0.46875 0.2328125 0.0234375 0.02734375
689 0.2890625 0.37734375 0.02109375 0.03046875
81 0.84921875 0.6953125 0.021875 0.0390625
641 0.93359375 0.16171875 0.01875 0.03046875
424 0.28984375 0.8625 0.03125 0.028125
347 0.6015625 0.534375 0.02734375 0.0328125
37 0.25 0.3390625 0.025 0.0296875
92 0.6 0.50234375 0.01953125 0.0296875
330 0.29140625 0.8859375 0.03046875 0.0328125
280 0.76015625 0.13359375 0.02265625 0.03125
189 0.33125 0.93828125 0.02265625 0.03046875
163 0.85 0.7296875 0.02421875 0.03203125
65 0.9375 0.3234375 0.01953125 0.0234375
