192 0.7546875 0.346875 0.028125 0.03984375
265 0.84609375 0.8421875 0.028125 0.0328125
313 0.2015625 0.23671875 0.03203125 0.034375
220 0.24453125 0.4609375 0.0296875 0.0453125
220 0.1234375 0.18828125 0.0296875 0.04140625
192 0.89140625 0.91796875 0.02421875 0.0359375
623 0.85078125 0.4921875 0.028125 0.03828125
478 0.66640625 0.53671875 0.0265625 0.0359375
192 0.7125 0.56328125 0.0265625 0.040625
563 0.89296875 0.26640625 0.02734375 0.03359375
456 0.3734375 0.49453125 0.02890625 0.0359375
227 0.24765625 0.1984375 0.03828125 0.03671875
368 0.75625 0.91015625 0.02421875 0.0328125
188 0.2453125 0.278125 0.028125 0.040625
192 0.7578125 0.73046875 0.02734375 0.03828125
303 0.1578125 0.62421875 0.03046875 0.0421875
568 0.70859375 0.34453125 0.02578125 0.03203125
411 0.8484375 0.30546875 0.02890625 0.034375
89 0.89140625 0.3 0.02421875 0.034375
460 0.89296875 0.81484375 0.02265625 0.03671875
550 0.33203125 0.4390625 0.02734375 0.034375
192 0.84921875 0.18984375 0.028125 0.02734375
331 0.89296875 0.84765625 0.0265625 0.028125
501 0.8921875 0.7375 0.02421875 0.040625
702 0.2421875 0.65859375 0.0296875 0.0359375
233 0.89453125 0.453125 0.02734375 0.03359375
27 0.89140625 0.59296875 0.0265625 0.03359375
435 0.41640625 0.44765625 0.02421875 0.0359375
44 0.71484375 0.678125 0.02734375 0.03125
210 0.23984375 0.9171875 0.02265625 0.0328125
435 0.85 0.34296875 0.02421875 0.03359375
318 0.8921875 0.52265625 0.0265625 0.0328125
695 0.89296875 0.7765625 0.02734375 0.0328125
648 0.290625 0.35625 0.028125 0.03515625
334 0.371875 0.6265625 0.0296875 0.03515625
524 0.84921875 0.2671875 0.02890625 0.03515625
139 0.6671875 0.640625 0.028125 0.02890625
276 0.84609375 0.81015625 0.0265625 0.03046875
209 0.8921875 0.41796875 0.02421875 0.0328125
549 0.62265625 0.44765625 0.02578125 0.03515625
689 0.75625 0.38828125 0.0234375 0.03515625
150 0.66796875 0.67421875 0.02421875 0.03359375
313 0.7125 0.88828125 0.03125 0.03203125
433 0.328125 0.81171875 0.02734375 0.03359375
276 0.36640625 0.7234375 0.02578125 0.0328125
702 0.66640625 0.9109375 0.02265625 0.03125
276 0.6609375 0.20546875 0.0296875 0.03671875
499 0.3265625 0.85390625 0.025 0.03828125
233 0.4609375 0.24453125 0.0234375 0.03046875
309 0.890625 0.33671875 0.02109375 0.03828125
350 0.54609375 0.48125 0.02265625 0.02890625
334 0.71171875 0.45625 0.03125 0.0328125
496 0.84609375 0.94375 0.02578125 0.03359375
340 0.75625 0.878125 0.0265625 0.0296875
289 0.3671875 0.93515625 0.03046875 0.0359375
667 0.375 0.35625 0.0265625 0.03515625
474 0.1578125 0.72578125 0.02890625 0.03515625
529 0.41640625 0.41328125 0.025 0.03203125
204 0.8921875 0.4875 0.02421875 0.03125
558 0.709375 0.24609375 0.0265625 0.040625
435 0.75703125 0.9453125 0.02421875 0.0359375
470 0.6609375 0.16875 0.02578125 0.0390625
702 0.62265625 0.178125 0.02734375 0.02734375
232 0.24375 0.35625 0.02734375 0.040625
333 0.75625 0.84453125 0.0265625 0.03515625
272 0.8515625 0.37578125 0.0328125 0.0328125
632 0.621875 0.48359375 0.02265625 0.03203125
365 0.6640625 0.36953125 0.02265625 0.03203125
573 0.23984375 0.9546875 0.025 0.03671875
183 0.66640625 0.56953125 0.02421875 0.02578125
126 0.2875 0.228125 0.02109375 0.03046875
202 0.79765625 0.209375 0.025 0.0390625
200 0.4578125 0.44296875 0.025 0.03046875
150 0.1546875 0.8 0.02265625 0.03359375
601 0.796875 0.16875 0.0265625 0.0359375
42 0.715625 0.7859375 0.028125 0.02578125
421 0.54609375 0.81484375 0.02265625 0.034375
651 0.2890625 0.321875 0.0234375 0.0359375
85 0.41484375 0.52890625 0.021875 0.0390625
202 0.15859375 0.55078125 0.02109375 0.034375
334 0.8515625 0.12578125 0.028125 0.03125
350 0.12265625 0.15078125 0.025 0.0328125
689 0.62109375 0.209375 0.01953125 0.03203125
54 0.66640625 0.33515625 0.02734375 0.02734375
460 0.16015625 0.14921875 0.025 0.03515625
139 0.1578125 0.9453125 0.02265625 0.03125
644 0.88984375 0.125 0.02578125 0.0296875
365 0.6671875 0.88046875 0.0203125 0.028125
379 0.7140625 0.81875 0.021875 0.03828125
433 0.54765625 0.60078125 0.01953125 0.0296875
214 0.45625 0.47265625 0.02421875 0.03203125
535 0.71015625 0.28125 0.02421875 0.03046875
274 0.7078125 0.13359375 0.0203125 0.0375
385 0.71171875 0.4890625 0.02265625 0.03203125
702 0.15625 0.68984375 0.025 0.03046875
80 0.2890625 0.28828125 0.0234375 0.02734375
607 0.625 0.58984375 0.02734375 0.0328125
107 0.0203125 0.7171875 0.02890625 0.0359375
70 0.01875 0.56484375 0.034375 0.059375
