60 0.97265625 0.540625 0.03046875 0.03125
297 0.9265625 0.3828125 0.0265625 0.03359375
456 0.97421875 0.40546875 0.028125 0.02890625
347 0.97265625 0.88671875 0.03125 0.03046875
433 0.878125 0.884375 0.02890625 0.03125
474 0.8390625 0.4984375 0.0296875 0.03828125
567 0.9703125 0.85390625 0.0296875 0.03125
347 0.8828125 0.6921875 0.0296875 0.03359375
216 0.88359375 0.653125 0.028125 0.03515625
3 0.975 0.21328125 0.028125 0.03125
411 0.84296875 0.3109375 0.028125 0.03125
437 0.92890625 0.490625 0.028125 0.03359375
313 0.79609375 0.35 0.03359375 0.03203125
601 0.8359375 0.92421875 0.028125 0.034375
192 0.2 0.54921875 0.02734375 0.03828125
411 0.703125 0.2359375 0.0265625 0.0359375
334 0.7984375 0.45078125 0.0328125 0.034375
226 0.45390625 0.84921875 0.02578125 0.03359375
276 0.79296875 0.84375 0.028125 0.03671875
456 0.88125 0.809375 0.02734375 0.03203125
432 0.9296875 0.19296875 0.02890625 0.0328125
289 0.49609375 0.709375 0.028125 0.03671875
350 0.7015625 0.38671875 0.03046875 0.034375
324 0.28046875 0.603125 0.0296875 0.0359375
412 0.703125 0.61484375 0.02890625 0.0328125
175 0.92890625 0.55625 0.02421875 0.03828125
378 0.9734375 0.37421875 0.0234375 0.0296875
685 0.27890625 0.34296875 0.0265625 0.0359375
226 0.23828125 0.70625 0.0265625 0.03828125
304 0.31875 0.22578125 0.028125 0.03515625
526 0.8828125 0.7296875 0.02734375 0.03203125
60 0.23671875 0.23046875 0.03125 0.03515625
711 0.621875 0.74140625 0.0234375 0.03359375
404 0.5375 0.60234375 0.02578125 0.0421875
435 0.453125 0.88671875 0.02421875 0.0328125
79 0.496875 0.540625 0.0265625 0.03671875
297 0.275 0.45703125 0.02421875 0.0328125
404 0.7953125 0.51953125 0.0234375 0.03359375
702 0.32109375 0.84140625 0.02890625 0.03203125
659 0.36328125 0.22890625 0.028125 0.0328125
32 0.2375 0.34296875 0.03046875 0.03046875
559 0.23515625 0.16015625 0.028125 0.03828125
172 0.45546875 0.63671875 0.02265625 0.03359375
81 0.240625 0.75390625 0.0328125 0.0484375
452 0.7953125 0.55703125 0.02109375 0.03671875
57 0.621875 0.6265625 0.02421875 0.0359375
435 0.20234375 0.878125 0.02578125 0.0359375
313 0.31953125 0.6 0.0296875 0.03359375
702 0.703125 0.553125 0.02421875 0.0328125
89 0.2 0.6484375 0.02421875 0.03671875
404 0.79609375 0.6265625 0.02265625 0.0390625
232 0.24140625 0.91171875 0.0265625 0.0359375
435 0.53984375 0.25859375 0.028125 0.0328125
123 0.27890625 0.87890625 0.025 0.0328125
472 0.7984375 0.4171875 0.02265625 0.028125
123 0.54140625 0.75234375 0.028125 0.0296875
192 0.278125 0.840625 0.02265625 0.03828125
224 0.49609375 0.85625 0.02109375 0.03671875
643 0.31796875 0.8765625 0.025 0.0328125
604 0.70390625 0.309375 0.028125 0.0328125
436 0.88515625 0.3859375 0.02265625 0.02890625
192 0.4953125 0.61328125 0.02421875 0.034375
87 0.703125 0.15703125 0.02421875 0.03671875
55 0.65859375 0.28671875 0.021875 0.03046875
645 0.1984375 0.68984375 0.02109375 0.0421875
189 0.66015625 0.24921875 0.0234375 0.0421875
411 0.53671875 0.22109375 0.02109375 0.034375
80 0.27890625 0.94921875 0.02265625 0.034375
559 0.54140625 0.81640625 0.02421875 0.0328125
424 0.9734375 0.1796875 0.02109375 0.028125
674 0.79375 0.81015625 0.02109375 0.02734375
289 0.61953125 0.39921875 0.0265625 0.03828125
552 0.2015625 0.584375 0.02890625 0.0296875
27 0.27890625 0.6703125 0.02578125 0.0234375
702 0.49453125 0.82109375 0.02109375 0.03125
432 0.36171875 0.1953125 0.02421875 0.034375
404 0.62109375 0.66953125 0.025 0.0421875
411 0.7515625 0.25625 0.03125 0.0375
546 0.8875 0.11796875 0.0296875 0.03046875
702 0.19921875 0.728125 0.0234375 0.03203125
175 0.53828125 0.1578125 0.0234375 0.040625
120 0.23828125 0.50078125 0.025 0.040625
365 0.49609375 0.5765625 0.021875 0.0296875
7 0.54140625 0.88515625 0.02421875 0.025
175 0.97109375 0.92421875 0.021875 0.04296875
347 0.54296875 0.94140625 0.025 0.0296875
404 0.79609375 0.11953125 0.02265625 0.03203125
139 0.7484375 0.11796875 0.028125 0.03046875
139 0.53671875 0.190625 0.01953125 0.0265625
340 0.19921875 0.80078125 0.0234375 0.0359375
7 0.31953125 0.56796875 0.02265625 0.0265625
232 0.28046875 0.98203125 0.025 0.03046875
57 0.54296875 0.72109375 0.028125 0.03125
408 0.2 0.30234375 0.02421875 0.0265625
435 0.196875 0.1609375 0.02109375 0.03515625
645 0.31875 0.94296875 0.02265625 0.0296875
54 0.203125 0.9765625 0.02421875 0.0328125
711 0.40859375 0.2453125 0.02890625 0.0453125
428 0.196875 0.19921875 0.01953125 0.0390625
