188 0.834375 0.1921875 0.0359375 0.04140625
299 0.7453125 0.39765625 0.03203125 0.03671875
387 0.2296875 0.284375 0.03515625 0.0484375
334 0.14609375 0.328125 0.0296875 0.03359375
334 0.8765625 0.59140625 0.02890625 0.03671875
643 0.321875 0.30078125 0.02734375 0.0390625
667 0.7 0.221875 0.02890625 0.0390625
32 0.74140625 0.83359375 0.0296875 0.034375
476 0.37109375 0.496875 0.03203125 0.0390625
46 0.828125 0.7078125 0.0265625 0.04453125
672 0.7828125 0.86796875 0.02421875 0.03984375
354 0.74375 0.74921875 0.028125 0.03828125
490 0.1890625 0.38515625 0.03359375 0.0390625
304 0.878125 0.28984375 0.0296875 0.040625
155 0.83203125 0.45625 0.0296875 0.03828125
192 0.7875 0.4609375 0.025 0.0421875
601 0.378125 0.81953125 0.02890625 0.03828125
186 0.65390625 0.77421875 0.0265625 0.0296875
334 0.746875 0.2765625 0.034375 0.03671875
74 0.78359375 0.909375 0.0296875 0.0328125
489 0.74375 0.359375 0.0265625 0.0359375
601 0.228125 0.20390625 0.028125 0.040625
138 0.7859375 0.78359375 0.028125 0.0390625
297 0.37734375 0.778125 0.02734375 0.03671875
92 0.36875 0.26796875 0.02734375 0.03359375
175 0.746875 0.234375 0.0296875 0.04609375
662 0.8296875 0.5 0.02578125 0.04140625
702 0.578125 0.3328125 0.025 0.03359375
92 0.69765625 0.8765625 0.0234375 0.03359375
667 0.153125 0.61171875 0.0265625 0.03671875
456 0.371875 0.3765625 0.0265625 0.0421875
265 0.378125 0.740625 0.0265625 0.0328125
649 0.46328125 0.6265625 0.0265625 0.0328125
387 0.378125 0.89453125 0.028125 0.0328125
375 0.78984375 0.23359375 0.02734375 0.0359375
702 0.7 0.7625 0.0296875 0.0328125
662 0.65625 0.60078125 0.02578125 0.0359375
344 0.49921875 0.475 0.02578125 0.03359375
674 0.18984375 0.475 0.02734375 0.034375
132 0.4984375 0.43671875 0.02421875 0.03203125
152 0.32109375 0.2140625 0.0265625 0.03359375
220 0.18828125 0.43203125 0.03046875 0.05
334 0.18828125 0.2953125 0.03671875 0.0390625
607 0.22890625 0.4203125 0.02890625 0.03515625
183 0.37890625 0.85859375 0.028125 0.0296875
649 0.4203125 0.81484375 0.02578125 0.03515625
702 0.184375 0.22578125 0.0296875 0.0328125
347 0.2703125 0.25078125 0.03359375 0.03046875
152 0.740625 0.9421875 0.028125 0.0265625
328 0.46640625 0.76328125 0.02265625 0.0390625
181 0.74453125 0.31953125 0.02421875 0.03984375
643 0.14921875 0.50859375 0.028125 0.0328125
265 0.46328125 0.5203125 0.02890625 0.0328125
176 0.36796875 0.14140625 0.0328125 0.03671875
105 0.41640625 0.58125 0.0234375 0.03046875
567 0.57890625 0.225 0.02421875 0.03203125
330 0.78984375 0.4203125 0.025 0.03203125
138 0.23515625 0.75546875 0.02578125 0.034375
241 0.5046875 0.85078125 0.02109375 0.03515625
648 0.23203125 0.49453125 0.02890625 0.03359375
601 0.74453125 0.4734375 0.02734375 0.0296875
702 0.153125 0.54453125 0.03203125 0.03515625
189 0.79140625 0.14765625 0.028125 0.0375
623 0.46640625 0.8296875 0.02109375 0.03046875
702 0.78359375 0.7015625 0.02734375 0.03671875
459 0.65390625 0.70390625 0.02421875 0.0375
62 0.7890625 0.30703125 0.0265625 0.04140625
538 0.8734375 0.6265625 0.025 0.03203125
334 0.23125 0.53046875 0.03359375 0.0359375
460 0.65625 0.4171875 0.0234375 0.0390625
109 0.41953125 0.68515625 0.025 0.03359375
105 0.69921875 0.26015625 0.021875 0.03125
601 0.5765625 0.26328125 0.02109375 0.034375
672 0.46484375 0.90234375 0.02421875 0.02890625
470 0.50234375 0.5734375 0.02578125 0.0296875
423 0.6109375 0.9 0.021875 0.0328125
623 0.41328125 0.32265625 0.02578125 0.040625
334 0.41015625 0.13671875 0.03125 0.03671875
567 0.87578125 0.50234375 0.02109375 0.03828125
664 0.61328125 0.56953125 0.02265625 0.0375
232 0.74765625 0.1921875 0.02578125 0.03203125
501 0.9171875 0.821875 0.02109375 0.03046875
146 0.87578125 0.87109375 0.0265625 0.0359375
572 0.69921875 0.52265625 0.0234375 0.0375
87 0.41484375 0.43828125 0.02109375 0.0359375
210 0.23828125 0.83984375 0.0265625 0.0296875
516 0.65859375 0.14765625 0.02578125 0.03515625
496 0.41875 0.7671875 0.02421875 0.04765625
7 0.9203125 0.69765625 0.02421875 0.025
592 0.8234375 0.96484375 0.0296875 0.0296875
702 0.2359375 0.6734375 0.03125 0.03359375
73 0.61484375 0.39453125 0.0203125 0.034375
82 0.57421875 0.784375 0.02421875 0.03203125
155 0.91953125 0.78828125 0.02421875 0.0296875
459 0.3796875 0.96484375 0.0234375 0.03515625
331 0.61484375 0.1484375 0.025 0.0296875
326 0.9203125 0.75625 0.02265625 0.03046875
421 0.9203125 0.60234375 0.0203125 0.03046875
232 0.70078125 0.56875 0.028125 0.04609375
185 0.1859375 0.18828125 0.03515625 0.0375
302 0.9203125 0.6703125 0.021875 0.0265625
702 0.50078125 0.60703125 0.02109375 0.0296875
442 0.57265625 0.8578125 0.021875 0.0421875
706 0.3796875 0.93125 0.02421875 0.0328125
567 0.91953125 0.56953125 0.021875 0.02890625
423 0.496875 0.35859375 0.0234375 0.0359375
687 0.70078125 0.69453125 0.0265625 0.03046875
649 0.921875 0.28828125 0.021875 0.0296875
220 0.22890625 0.37421875 0.028125 0.0453125
248 0.31640625 0.140625 0.02890625 0.028125
601 0.82578125 0.92578125 0.0265625 0.03359375
637 0.46484375 0.690625 0.02421875 0.028125
334 0.49921875 0.18046875 0.0265625 0.0359375
702 0.1421875 0.21328125 0.0234375 0.0328125
612 0.73671875 0.8734375 0.02421875 0.03515625
218 0.70078125 0.7296875 0.03125 0.028125
