350 0.75078125 0.40625 0.0296875 0.03515625
195 0.75078125 0.44453125 0.02734375 0.03515625
372 0.2421875 0.3375 0.03203125 0.03046875
667 0.70625 0.41328125 0.02890625 0.0359375
143 0.38203125 0.22734375 0.0296875 0.03203125
159 0.75078125 0.36640625 0.028125 0.03203125
441 0.42734375 0.3859375 0.03125 0.03046875
693 0.83515625 0.79921875 0.03046875 0.03671875
32 0.2890625 0.5953125 0.03125 0.0328125
309 0.33515625 0.20703125 0.0296875 0.03984375
227 0.24453125 0.55078125 0.0296875 0.03671875
304 0.24296875 0.83203125 0.03046875 0.03828125
276 0.75078125 0.628125 0.02890625 0.0328125
276 0.828125 0.40078125 0.028125 0.03359375
645 0.38515625 0.571875 0.03203125 0.03203125
265 0.87734375 0.5796875 0.0265625 0.03203125
561 0.24375 0.19609375 0.0296875 0.03515625
265 0.784375 0.29296875 0.02578125 0.03046875
643 0.20078125 0.40078125 0.025 0.034375
590 0.79296875 0.428125 0.0328125 0.03359375
601 0.3359375 0.6875 0.0265625 0.0328125
233 0.38359375 0.709375 0.028125 0.03203125
623 0.46875 0.35078125 0.028125 0.040625
39 0.659375 0.434375 0.02421875 0.0359375
324 0.71015625 0.60390625 0.0328125 0.0328125
441 0.91640625 0.3453125 0.028125 0.03046875
316 0.28515625 0.3296875 0.02734375 0.0296875
347 0.78828125 0.35703125 0.028125 0.03203125
152 0.75234375 0.5921875 0.02734375 0.03046875
631 0.33671875 0.484375 0.02890625 0.03125
185 0.91796875 0.453125 0.028125 0.03125
265 0.71015625 0.71796875 0.02734375 0.034375
432 0.428125 0.75703125 0.0296875 0.03359375
521 0.19921875 0.3328125 0.02578125 0.03828125
702 0.75390625 0.66328125 0.03359375 0.034375
643 0.7953125 0.59375 0.0265625 0.03359375
601 0.16484375 0.29296875 0.0234375 0.0328125
276 0.4703125 0.23671875 0.02890625 0.034375
677 0.1984375 0.89609375 0.02421875 0.03515625
163 0.4265625 0.859375 0.0296875 0.02890625
432 0.70625 0.48515625 0.028125 0.03359375
95 0.1671875 0.22578125 0.02421875 0.0296875
276 0.70703125 0.52734375 0.03203125 0.03515625
441 0.82890625 0.2234375 0.0234375 0.03125
172 0.753125 0.525 0.02578125 0.03203125
431 0.425 0.6109375 0.02265625 0.0328125
702 0.7984375 0.89140625 0.028125 0.03203125
52 0.74296875 0.175 0.025 0.034375
226 0.50703125 0.57890625 0.025 0.03671875
459 0.16328125 0.39140625 0.0265625 0.0359375
621 0.878125 0.9125 0.0203125 0.03125
188 0.50859375 0.721875 0.02421875 0.0359375
435 0.5078125 0.62265625 0.02578125 0.0421875
702 0.74609375 0.24140625 0.03125 0.03203125
563 0.61953125 0.678125 0.0234375 0.0296875
175 0.6546875 0.253125 0.02265625 0.03671875
324 0.47265625 0.19921875 0.02890625 0.02890625
404 0.87890625 0.8796875 0.02265625 0.03515625
271 0.784375 0.17421875 0.02890625 0.03046875
388 0.7828125 0.13515625 0.0265625 0.0390625
685 0.50703125 0.46640625 0.02421875 0.03984375
67 0.82890625 0.36640625 0.0265625 0.0265625
518 0.29296875 0.6984375 0.03125 0.02890625
505 0.61953125 0.61015625 0.021875 0.0328125
621 0.24296875 0.23125 0.02578125 0.028125
513 0.2 0.92734375 0.02734375 0.02578125
567 0.46875 0.3109375 0.02265625 0.03203125
688 0.38046875 0.85703125 0.02265625 0.0328125
403 0.828125 0.18984375 0.0234375 0.03359375
192 0.24296875 0.59140625 0.02421875 0.0359375
649 0.58125 0.609375 0.0265625 0.03515625
693 0.24296875 0.69140625 0.0234375 0.0328125
419 0.2453125 0.9 0.0296875 0.0296875
227 0.19921875 0.60546875 0.03203125 0.0328125
44 0.615625 0.2328125 0.02265625 0.0328125
475 0.8328125 0.69375 0.02265625 0.0375
276 0.6546875 0.21953125 0.02265625 0.03203125
304 0.28984375 0.78984375 0.02265625 0.03046875
618 0.784375 0.2078125 0.03046875 0.028125
601 0.50703125 0.2015625 0.021875 0.03671875
493 0.20234375 0.1640625 0.02421875 0.03125
181 0.83828125 0.9515625 0.025 0.04453125
365 0.8296875 0.43671875 0.02265625 0.03203125
667 0.9203125 0.63359375 0.028125 0.03046875
142 0.62265625 0.90390625 0.02421875 0.0296875
495 0.24140625 0.44453125 0.01796875 0.03671875
711 0.24140625 0.86875 0.02421875 0.03046875
176 0.9203125 0.803125 0.021875 0.0359375
518 0.16875 0.19375 0.0296875 0.03046875
186 0.50625 0.4015625 0.02265625 0.0359375
276 0.334375 0.621875 0.03046875 0.0296875
553 0.16484375 0.3265625 0.02421875 0.025
74 0.2859375 0.16171875 0.02890625 0.03203125
441 0.91953125 0.7671875 0.0265625 0.028125
238 0.7546875 0.95390625 0.02734375 0.0328125
64 0.61640625 0.3078125 0.025 0.02734375
126 0.28671875 0.4546875 0.02265625 0.03046875
123 0.33515625 0.74765625 0.0296875 0.02890625
563 0.165625 0.1625 0.0265625 0.0296875
192 0.9171875 0.59765625 0.02265625 0.03671875
441 0.79375 0.52578125 0.025 0.028125
26 0.871875 0.16171875 0.02265625 0.02734375
456 0.7109375 0.78359375 0.025 0.03046875
123 0.37734375 0.98203125 0.02421875 0.0296875
222 0.91875 0.52421875 0.02421875 0.0328125
475 0.33125 0.96953125 0.0234375 0.034375
409 0.378125 0.16015625 0.02421875 0.03125
65 0.87421875 0.45078125 0.025 0.02578125
475 0.9171875 0.559375 0.0203125 0.03125
416 0.74609375 0.2765625 0.028125 0.0265625
689 0.24375 0.6265625 0.0203125 0.03203125
499 0.33359375 0.81328125 0.02421875 0.028125
65 0.8359375 0.7640625 0.028125 0.028125
86 0.6203125 0.8046875 0.02109375 0.03359375
120 0.65546875 0.18359375 0.02421875 0.0328125
86 0.3828125 0.5421875 0.02734375 0.02578125
711 0.78671875 0.3234375 0.02578125 0.02890625
475 0.240625 0.16328125 0.02265625 0.03046875
518 0.246875 0.97890625 0.028125 0.028125
149 0.3828125 0.39921875 0.02421875 0.03828125
428 0.50703125 0.68984375 0.021875 0.03203125
126 0.57890625 0.57109375 0.01796875 0.028125
65 0.50703125 0.43359375 0.0203125 0.02421875
347 0.87578125 0.38203125 0.02265625 0.02734375
132 0.57734375 0.1671875 0.02109375 0.03828125
65 0.74765625 0.30390625 0.025 0.02578125
529 0.38671875 0.5140625 0.0296875 0.02734375
412 0.33359375 0.84140625 0.021875 0.025
24 0.16328125 0.521875 0.02421875 0.028125
114 0.2890625 0.97734375 0.02421875 0.028125
630 0.50625 0.93984375 0.0265625 0.0359375
