156 0.7640625 0.796875 0.028125 0.034375
501 0.884375 0.3703125 0.025 0.04140625
667 0.3140625 0.4859375 0.03046875 0.03515625
327 0.8046875 0.89453125 0.02734375 0.02890625
231 0.31484375 0.73984375 0.03046875 0.0359375
324 0.13984375 0.80546875 0.03203125 0.034375
192 0.76328125 0.88125 0.02578125 0.03828125
422 0.72265625 0.57578125 0.0296875 0.0328125
590 0.27109375 0.478125 0.03359375 0.0390625
381 0.884375 0.2328125 0.02578125 0.03046875
454 0.759375 0.43671875 0.0234375 0.040625
313 0.31953125 0.2265625 0.03359375 0.03515625
632 0.7203125 0.4703125 0.034375 0.03515625
347 0.76484375 0.9171875 0.03125 0.03125
278 0.13828125 0.459375 0.025 0.03125
334 0.31796875 0.30078125 0.0296875 0.03203125
151 0.22578125 0.34375 0.0265625 0.028125
596 0.80078125 0.3 0.02421875 0.0296875
601 0.178125 0.47109375 0.0296875 0.03359375
623 0.315625 0.634375 0.03046875 0.0390625
291 0.6296875 0.84453125 0.021875 0.03515625
175 0.26796875 0.82890625 0.0265625 0.04140625
650 0.80234375 0.62109375 0.02265625 0.03828125
368 0.1796875 0.23515625 0.02421875 0.03203125
222 0.4875 0.53046875 0.02265625 0.0328125
39 0.13828125 0.2859375 0.02734375 0.040625
179 0.2734375 0.33515625 0.03046875 0.03828125
155 0.84609375 0.2015625 0.025 0.0359375
342 0.88984375 0.7125 0.03125 0.03671875
665 0.178125 0.53359375 0.03359375 0.034375
322 0.26953125 0.375 0.02421875 0.040625
175 0.45234375 0.28359375 0.02578125 0.040625
601 0.63046875 0.73359375 0.02578125 0.034375
408 0.48984375 0.2734375 0.02265625 0.03515625
92 0.8921875 0.91015625 0.0265625 0.02890625
679 0.628125 0.48671875 0.021875 0.03515625
30 0.79921875 0.23828125 0.02421875 0.03125
192 0.2671875 0.86953125 0.02578125 0.03515625
91 0.80546875 0.79921875 0.0265625 0.028125
105 0.3140625 0.70234375 0.02890625 0.03125
634 0.22578125 0.496875 0.0296875 0.03125
557 0.84375 0.59765625 0.025 0.03125
465 0.13828125 0.53359375 0.02421875 0.0375
276 0.26640625 0.9359375 0.02890625 0.03515625
435 0.453125 0.24453125 0.025 0.03828125
139 0.8453125 0.728125 0.02421875 0.03046875
32 0.846875 0.76171875 0.02734375 0.025
424 0.80078125 0.334375 0.02109375 0.02734375
601 0.13984375 0.840625 0.034375 0.028125
212 0.88828125 0.51484375 0.0234375 0.040625
175 0.62734375 0.525 0.0234375 0.040625
32 0.1796875 0.33671875 0.02734375 0.02890625
434 0.759375 0.48125 0.025 0.04453125
702 0.26953125 0.5765625 0.02265625 0.03046875
186 0.88984375 0.6765625 0.028125 0.03046875
214 0.71953125 0.50625 0.025 0.03125
428 0.678125 0.69609375 0.0234375 0.0375
175 0.67734375 0.775 0.02265625 0.04140625
601 0.225 0.42578125 0.025 0.0390625
424 0.759375 0.325 0.02890625 0.02734375
120 0.22890625 0.2765625 0.02421875 0.0328125
74 0.71484375 0.16796875 0.025 0.034375
552 0.2734375 0.265625 0.0296875 0.028125
424 0.84609375 0.1671875 0.028125 0.02734375
428 0.6703125 0.47109375 0.02578125 0.0328125
702 0.6671875 0.28046875 0.0265625 0.03203125
89 0.45078125 0.496875 0.02421875 0.040625
491 0.68203125 0.9546875 0.0328125 0.03359375
422 0.71796875 0.20625 0.0296875 0.03359375
212 0.88359375 0.2984375 0.02109375 0.0265625
2 0.315625 0.86015625 0.02578125 0.03046875
470 0.7578125 0.29140625 0.02109375 0.03203125
175 0.453125 0.4015625 0.02265625 0.0421875
424 0.71875 0.321875 0.0296875 0.0265625
220 0.18046875 0.575 0.034375 0.0453125
649 0.715625 0.2890625 0.0234375 0.03046875
220 0.26875 0.78203125 0.03359375 0.046875
44 0.40859375 0.16640625 0.02265625 0.03984375
32 0.67734375 0.92421875 0.025 0.0265625
649 0.89453125 0.87890625 0.028125 0.02734375
379 0.76171875 0.83828125 0.021875 0.0421875
79 0.76171875 0.35625 0.02578125 0.03359375
365 0.26875 0.54765625 0.02109375 0.028125
152 0.490625 0.23828125 0.02109375 0.0296875
220 0.45078125 0.83046875 0.0265625 0.04375
424 0.66796875 0.1328125 0.028125 0.02734375
190 0.66640625 0.165625 0.02265625 0.03515625
254 0.759375 0.21484375 0.02421875 0.0359375
562 0.4859375 0.71015625 0.02265625 0.03046875
160 0.846875 0.66171875 0.0234375 0.0296875
637 0.3140625 0.5203125 0.02578125 0.03046875
456 0.1375 0.24921875 0.02578125 0.03125
220 0.4859375 0.6703125 0.02265625 0.04140625
280 0.84609375 0.69453125 0.0203125 0.02890625
186 0.3171875 0.265625 0.021875 0.0328125
474 0.80078125 0.5078125 0.02265625 0.03046875
51 0.8828125 0.1609375 0.025 0.028125
423 0.3609375 0.35625 0.028125 0.0328125
7 0.66875 0.37109375 0.01953125 0.02890625
702 0.628125 0.42421875 0.0203125 0.02734375
74 0.79609375 0.1375 0.02265625 0.03203125
673 0.453125 0.16640625 0.02265625 0.0328125
454 0.134375 0.7375 0.025 0.0328125
702 0.62890625 0.934375 0.0234375 0.040625
637 0.31953125 0.190625 0.02265625 0.0265625
463 0.84375 0.365625 0.02109375 0.03828125
533 0.4890625 0.20859375 0.02109375 0.02734375
611 0.71171875 0.134375 0.021875 0.03125
85 0.84609375 0.89765625 0.02421875 0.01953125
132 0.80390625 0.9234375 0.02109375 0.02734375
453 0.22890625 0.1609375 0.025 0.03046875
132 0.26796875 0.4125 0.03125 0.03359375
42 0.8890625 0.75078125 0.02265625 0.0265625
470 0.62734375 0.14140625 0.02109375 0.028125
2 0.84453125 0.534375 0.01953125 0.025
297 0.13828125 0.87421875 0.0328125 0.03515625
65 0.63125 0.87578125 0.0234375 0.0234375
637 0.1390625 0.4265625 0.028125 0.03125
296 0.3125 0.96484375 0.02109375 0.04140625
509 0.89140625 0.58203125 0.028125 0.0234375
618 0.13984375 0.90703125 0.0359375 0.03046875
287 0.13828125 0.16328125 0.02734375 0.03203125
583 0.48828125 0.4203125 0.02578125 0.0453125
435 0.225 0.46328125 0.02265625 0.034375
535 0.1390625 0.93203125 0.02890625 0.02734375
537 0.03046875 0.5625 0.04296875 0.05859375
