92 0.35390625 0.23125 0.02890625 0.03671875
276 0.35703125 0.4328125 0.03125 0.0359375
209 0.36015625 0.865625 0.03046875 0.034375
621 0.18984375 0.84765625 0.03515625 0.0390625
518 0.18046875 0.571875 0.02578125 0.03828125
232 0.22578125 0.5453125 0.028125 0.0359375
350 0.31640625 0.8859375 0.03125 0.03359375
274 0.1453125 0.64296875 0.0296875 0.0421875
46 0.35546875 0.353125 0.0265625 0.040625
92 0.30859375 0.203125 0.02890625 0.03515625
204 0.35546875 0.3953125 0.02734375 0.03359375
694 0.875 0.7890625 0.03203125 0.03515625
303 0.1390625 0.45703125 0.0296875 0.040625
227 0.865625 0.61953125 0.028125 0.0328125
633 0.91484375 0.64609375 0.02578125 0.03515625
365 0.403125 0.7390625 0.02734375 0.03671875
632 0.21875 0.215625 0.028125 0.0328125
406 0.1828125 0.4609375 0.03046875 0.03671875
695 0.23203125 0.91875 0.02578125 0.0328125
567 0.44375 0.31328125 0.02578125 0.03671875
354 0.48984375 0.70625 0.02734375 0.03125
491 0.86953125 0.6515625 0.0296875 0.03125
601 0.871875 0.86640625 0.02265625 0.02890625
74 0.85546875 0.22890625 0.02578125 0.03359375
515 0.26875 0.3953125 0.0265625 0.0359375
232 0.26953125 0.7234375 0.0296875 0.0390625
478 0.675 0.2109375 0.0265625 0.034375
689 0.31171875 0.51796875 0.03671875 0.03671875
222 0.40234375 0.53984375 0.0265625 0.03671875
226 0.80625 0.19765625 0.025 0.03828125
233 0.484375 0.30078125 0.025 0.0328125
322 0.4828125 0.1953125 0.0265625 0.03515625
240 0.2203125 0.13828125 0.03046875 0.04453125
304 0.91484375 0.76484375 0.028125 0.03828125
76 0.6921875 0.61640625 0.02734375 0.03203125
80 0.903125 0.30390625 0.02734375 0.0296875
601 0.86484375 0.51796875 0.02734375 0.034375
677 0.89921875 0.22890625 0.02265625 0.0390625
464 0.81640625 0.459375 0.02421875 0.03125
91 0.903125 0.33203125 0.028125 0.0265625
51 0.63828125 0.35234375 0.0265625 0.03046875
656 0.4828125 0.2296875 0.02578125 0.03359375
65 0.18203125 0.49921875 0.0296875 0.02734375
324 0.18359375 0.73203125 0.0296875 0.03359375
546 0.3984375 0.1578125 0.02421875 0.03515625
435 0.7296875 0.45 0.02734375 0.03671875
421 0.9125 0.509375 0.028125 0.03828125
497 0.67734375 0.28046875 0.0265625 0.0296875
567 0.7703125 0.41328125 0.0296875 0.03671875
276 0.1453125 0.78515625 0.02421875 0.034375
524 0.2203125 0.178125 0.0234375 0.03203125
475 0.72734375 0.3375 0.028125 0.0296875
565 0.490625 0.775 0.02265625 0.0390625
44 0.72734375 0.409375 0.02421875 0.03828125
63 0.48359375 0.60390625 0.0234375 0.04140625
233 0.3171875 0.73828125 0.02734375 0.034375
276 0.31171875 0.6703125 0.0296875 0.034375
420 0.48671875 0.671875 0.02265625 0.03203125
428 0.72734375 0.371875 0.0234375 0.0328125
411 0.2265625 0.7046875 0.02734375 0.03671875
592 0.86640625 0.55234375 0.0265625 0.028125
411 0.91328125 0.609375 0.021875 0.03203125
484 0.565625 0.42890625 0.02421875 0.034375
580 0.2703125 0.60625 0.0234375 0.03671875
204 0.9015625 0.26875 0.02890625 0.03671875
334 0.23359375 0.9546875 0.0265625 0.0328125
183 0.4453125 0.34765625 0.0234375 0.02734375
53 0.22265625 0.328125 0.03125 0.02734375
132 0.45 0.66953125 0.02265625 0.034375
495 0.90625 0.36484375 0.03203125 0.0328125
65 0.69375 0.68359375 0.0296875 0.02734375
687 0.6890625 0.578125 0.02421875 0.0359375
657 0.9171875 0.85703125 0.0265625 0.028125
184 0.73359375 0.54609375 0.025 0.03515625
341 0.48203125 0.1578125 0.02109375 0.03515625
276 0.1734375 0.13359375 0.0265625 0.03515625
172 0.48828125 0.853125 0.02421875 0.03671875
334 0.80703125 0.11953125 0.03046875 0.03671875
428 0.8140625 0.3515625 0.02265625 0.0375
337 0.2234375 0.475 0.021875 0.0265625
74 0.65 0.78671875 0.021875 0.03125
319 0.14765625 0.81953125 0.02421875 0.02578125
192 0.69375 0.78046875 0.02265625 0.03671875
470 0.31796875 0.95390625 0.025 0.03515625
432 0.45234375 0.91484375 0.02578125 0.03203125
143 0.64921875 0.75 0.02421875 0.03515625
702 0.86640625 0.58515625 0.025 0.028125
229 0.73828125 0.71484375 0.02578125 0.0328125
304 0.85234375 0.1203125 0.0296875 0.03828125
552 0.48984375 0.88984375 0.0265625 0.02734375
289 0.8609375 0.44453125 0.03203125 0.03828125
146 0.91484375 0.80390625 0.02265625 0.03203125
673 0.90546875 0.40234375 0.02578125 0.03359375
163 0.73046875 0.4859375 0.028125 0.02734375
92 0.56640625 0.50625 0.01953125 0.0296875
433 0.5609375 0.29140625 0.02109375 0.0296875
12 0.7203125 0.2296875 0.02421875 0.04453125
324 0.8640625 0.4828125 0.03125 0.0296875
123 0.89765625 0.11640625 0.02890625 0.03046875
322 0.75859375 0.15859375 0.02265625 0.0390625
611 0.22265625 0.44375 0.02265625 0.03046875
183 0.6765625 0.24765625 0.02109375 0.0296875
470 0.5984375 0.28828125 0.0265625 0.03515625
39 0.59453125 0.14375 0.02109375 0.03359375
204 0.396875 0.1203125 0.02421875 0.0328125
53 0.48359375 0.45859375 0.02734375 0.02578125
150 0.1484375 0.88828125 0.02109375 0.0359375
65 0.76484375 0.31328125 0.021875 0.0421875
702 0.6296875 0.13515625 0.02265625 0.0328125
424 0.69296875 0.7484375 0.02109375 0.028125
674 0.275 0.94140625 0.02421875 0.03671875
192 0.671875 0.1703125 0.02265625 0.03515625
327 0.87578125 0.909375 0.03046875 0.04609375
276 0.7390625 0.9328125 0.0234375 0.03359375
220 0.71953125 0.153125 0.02578125 0.04375
157 0.48046875 0.12421875 0.01953125 0.03046875
113 0.7375 0.859375 0.02578125 0.0328125
226 0.43671875 0.12734375 0.02578125 0.03359375
12 0.9078125 0.4375 0.02109375 0.02890625
368 0.2625 0.12890625 0.03203125 0.03515625
419 0.7390625 0.87578125 0.02265625 0.02890625
