347 0.2171875 0.2984375 0.028125 0.03359375
81 0.38984375 0.384375 0.028125 0.040625
39 0.2953125 0.86328125 0.028125 0.04375
540 0.21484375 0.403125 0.02734375 0.034375
175 0.2984375 0.296875 0.02734375 0.040625
441 0.33984375 0.62421875 0.02734375 0.040625
545 0.37734375 0.89453125 0.028125 0.03515625
601 0.29921875 0.6203125 0.02734375 0.03515625
632 0.33515625 0.853125 0.03359375 0.03125
60 0.17109375 0.88515625 0.02890625 0.03359375
488 0.84140625 0.8265625 0.03125 0.03515625
324 0.209375 0.671875 0.0265625 0.02890625
401 0.43125 0.67578125 0.0296875 0.03046875
74 0.1765625 0.32890625 0.02421875 0.03359375
668 0.7953125 0.82265625 0.028125 0.03046875
421 0.259375 0.3375 0.0265625 0.0328125
601 0.34375 0.45078125 0.0265625 0.0390625
563 0.2046875 0.92109375 0.02421875 0.03203125
435 0.7953125 0.85625 0.02578125 0.0328125
60 0.8890625 0.25625 0.03203125 0.0328125
632 0.34296875 0.51484375 0.0296875 0.03125
220 0.4296875 0.58203125 0.02734375 0.040625
616 0.7 0.45859375 0.02578125 0.0390625
297 0.34296875 0.36484375 0.025 0.034375
309 0.70078125 0.3765625 0.02890625 0.0421875
201 0.840625 0.86171875 0.028125 0.03359375
276 0.2046875 0.88359375 0.02578125 0.034375
220 0.796875 0.51171875 0.028125 0.04375
112 0.79296875 0.92734375 0.02734375 0.03203125
227 0.21640625 0.2609375 0.02421875 0.03671875
202 0.17109375 0.84921875 0.025 0.03671875
324 0.43203125 0.3515625 0.025 0.0296875
435 0.840625 0.6328125 0.03359375 0.0390625
350 0.5828125 0.38125 0.025 0.0328125
478 0.1703125 0.92109375 0.0234375 0.0328125
175 0.79375 0.390625 0.0265625 0.0390625
561 0.3 0.68125 0.03125 0.028125
89 0.2046875 0.9578125 0.02265625 0.0375
175 0.3390625 0.69453125 0.0265625 0.040625
469 0.1765625 0.36484375 0.03046875 0.03671875
163 0.25234375 0.590625 0.028125 0.0296875
245 0.33671875 0.96484375 0.028125 0.03359375
623 0.29921875 0.3390625 0.028125 0.0375
695 0.8390625 0.59296875 0.03046875 0.03203125
589 0.39140625 0.28046875 0.0296875 0.03046875
674 0.17421875 0.40703125 0.02265625 0.0390625
276 0.3421875 0.1921875 0.02734375 0.03671875
518 0.175 0.58515625 0.02421875 0.03203125
175 0.70234375 0.41640625 0.0234375 0.0390625
276 0.4296875 0.384375 0.02578125 0.0359375
276 0.509375 0.38984375 0.02265625 0.03203125
276 0.21640625 0.19765625 0.02578125 0.03046875
175 0.7921875 0.18828125 0.025 0.04375
702 0.2484375 0.9671875 0.0265625 0.034375
175 0.7921875 0.9640625 0.02265625 0.03828125
52 0.25859375 0.36953125 0.0265625 0.028125
257 0.93046875 0.20546875 0.028125 0.03203125
322 0.6578125 0.30625 0.0265625 0.03984375
501 0.7921875 0.26875 0.02421875 0.0359375
175 0.83984375 0.89921875 0.02421875 0.04140625
175 0.65703125 0.265625 0.02421875 0.0421875
175 0.8390625 0.365625 0.021875 0.0421875
335 0.21171875 0.6359375 0.02265625 0.0359375
673 0.3015625 0.19296875 0.0234375 0.03515625
597 0.65859375 0.67421875 0.021875 0.0375
276 0.47578125 0.25625 0.02109375 0.03125
123 0.7984375 0.653125 0.0296875 0.0296875
683 0.703125 0.56953125 0.0296875 0.03671875
158 0.8390625 0.5546875 0.03125 0.03671875
175 0.20703125 0.80078125 0.02265625 0.040625
209 0.42421875 0.95078125 0.02578125 0.03984375
322 0.83515625 0.14765625 0.028125 0.04453125
134 0.509375 0.4609375 0.02265625 0.03359375
435 0.79375 0.146875 0.02890625 0.0359375
673 0.61953125 0.56953125 0.0234375 0.03125
404 0.659375 0.7765625 0.025 0.03359375
541 0.21171875 0.48359375 0.028125 0.03671875
297 0.509375 0.33359375 0.02265625 0.03125
65 0.5078125 0.540625 0.02265625 0.02734375
175 0.659375 0.6328125 0.02265625 0.040625
689 0.43125 0.32109375 0.02109375 0.03203125
202 0.2578125 0.153125 0.0265625 0.0375
51 0.17421875 0.6203125 0.0234375 0.0296875
431 0.50703125 0.7265625 0.02421875 0.03203125
475 0.50859375 0.3609375 0.02109375 0.02421875
665 0.34296875 0.484375 0.0234375 0.02734375
220 0.6609375 0.58984375 0.02890625 0.04375
554 0.74921875 0.2546875 0.021875 0.0375
591 0.253125 0.55078125 0.02421875 0.0453125
456 0.61796875 0.659375 0.0203125 0.03203125
552 0.253125 0.61953125 0.03125 0.025
497 0.58203125 0.65234375 0.01953125 0.03125
435 0.50546875 0.83515625 0.02421875 0.0359375
626 0.25078125 0.9046875 0.025 0.03046875
183 0.171875 0.9578125 0.028125 0.03359375
208 0.34375 0.15234375 0.02421875 0.0375
260 0.84140625 0.971875 0.028125 0.03203125
175 0.4296875 0.20390625 0.021875 0.04140625
120 0.928125 0.17109375 0.02109375 0.03203125
271 0.84140625 0.9421875 0.02890625 0.03046875
91 0.29921875 0.58515625 0.02734375 0.028125
65 0.50546875 0.76015625 0.02265625 0.03125
421 0.3890625 0.465625 0.02421875 0.0359375
615 0.1734375 0.484375 0.02421875 0.03203125
192 0.61875 0.81640625 0.02265625 0.03671875
356 0.8359375 0.18828125 0.025 0.03359375
280 0.57890625 0.23359375 0.01953125 0.0265625
213 0.58359375 0.78046875 0.01875 0.02890625
414 0.1703125 0.81328125 0.02421875 0.0265625
65 0.25546875 0.47265625 0.0296875 0.025
487 0.29921875 0.37890625 0.0203125 0.03359375
592 0.659375 0.8796875 0.0296875 0.03515625
276 0.65546875 0.1453125 0.0265625 0.034375
65 0.5796875 0.29453125 0.0203125 0.021875
601 0.39140625 0.2453125 0.03046875 0.0265625
220 0.43359375 0.1578125 0.02734375 0.046875
53 0.43125 0.61640625 0.0296875 0.02421875
424 0.5078125 0.6328125 0.02265625 0.0296875
74 0.38671875 0.60546875 0.02421875 0.03046875
552 0.5046875 0.94453125 0.02578125 0.02734375
37 0.7 0.18984375 0.02109375 0.0296875
39 0.51328125 0.20234375 0.02109375 0.03671875
539 0.61484375 0.94453125 0.0203125 0.028125
238 0.8875 0.4125 0.0265625 0.03046875
220 0.5828125 0.6140625 0.02265625 0.03671875
563 0.75 0.21640625 0.02890625 0.03203125
