334 0.90703125 0.2484375 0.03515625 0.03359375
567 0.81484375 0.42578125 0.03359375 0.0359375
79 0.90859375 0.2875 0.03125 0.03515625
206 0.765625 0.325 0.03046875 0.03203125
662 0.13984375 0.20625 0.028125 0.03515625
233 0.31484375 0.228125 0.02578125 0.034375
276 0.40625 0.75546875 0.02890625 0.03515625
183 0.86171875 0.39765625 0.0265625 0.03359375
123 0.26796875 0.19296875 0.0265625 0.0328125
649 0.8703125 0.546875 0.03359375 0.03828125
460 0.73203125 0.5734375 0.03359375 0.03359375
536 0.43984375 0.228125 0.02421875 0.03515625
137 0.59453125 0.428125 0.028125 0.03671875
695 0.7859375 0.8515625 0.02578125 0.03515625
238 0.734375 0.60859375 0.034375 0.03125
567 0.265625 0.1578125 0.02421875 0.0328125
433 0.8765625 0.82578125 0.02734375 0.03125
567 0.67265625 0.38046875 0.025 0.03046875
667 0.228125 0.48515625 0.0265625 0.03125
601 0.153125 0.72109375 0.0265625 0.03359375
379 0.40703125 0.43828125 0.0265625 0.03515625
468 0.81328125 0.35546875 0.028125 0.03359375
659 0.4046875 0.4015625 0.025 0.03515625
623 0.5921875 0.353125 0.02265625 0.03515625
115 0.234375 0.91171875 0.02421875 0.03671875
123 0.18515625 0.23984375 0.03203125 0.03203125
227 0.771875 0.43984375 0.0390625 0.04140625
139 0.6796875 0.55078125 0.0265625 0.0296875
696 0.8328125 0.884375 0.03046875 0.03671875
227 0.68984375 0.72421875 0.0328125 0.03515625
601 0.35390625 0.1578125 0.025 0.0328125
340 0.63359375 0.31171875 0.02578125 0.040625
233 0.35546875 0.346875 0.02734375 0.03359375
503 0.14140625 0.2796875 0.0265625 0.0328125
648 0.82265625 0.5671875 0.03203125 0.03671875
257 0.3125 0.1921875 0.02265625 0.03671875
123 0.15390625 0.7875 0.0265625 0.03203125
601 0.82890625 0.784375 0.025 0.03046875
338 0.90234375 0.20859375 0.025 0.03828125
123 0.484375 0.54375 0.02578125 0.028125
424 0.9015625 0.17109375 0.0296875 0.02734375
202 0.8625 0.3609375 0.02734375 0.04140625
192 0.2734375 0.65078125 0.0265625 0.04140625
652 0.234375 0.69921875 0.03046875 0.03046875
496 0.4453125 0.49296875 0.02265625 0.03359375
567 0.71171875 0.11640625 0.028125 0.0421875
402 0.1828125 0.4875 0.0234375 0.0375
123 0.3171875 0.7140625 0.025 0.03671875
350 0.31953125 0.78203125 0.0265625 0.028125
51 0.4078125 0.47578125 0.02734375 0.0296875
526 0.190625 0.740625 0.02578125 0.0296875
601 0.4046875 0.64921875 0.02265625 0.02734375
479 0.86796875 0.50859375 0.02734375 0.0359375
132 0.18828125 0.70703125 0.02265625 0.03359375
163 0.871875 0.58828125 0.028125 0.0375
489 0.27265625 0.57578125 0.0265625 0.03359375
424 0.87890625 0.79453125 0.03203125 0.02734375
533 0.48515625 0.7625 0.02421875 0.0296875
419 0.44140625 0.3578125 0.02109375 0.03828125
150 0.59296875 0.46953125 0.02109375 0.03671875
621 0.71875 0.29453125 0.02578125 0.0421875
541 0.19140625 0.83515625 0.0265625 0.03359375
183 0.18203125 0.20859375 0.02265625 0.028125
601 0.484375 0.69921875 0.0234375 0.03359375
567 0.6 0.64765625 0.021875 0.0328125
601 0.64609375 0.88125 0.02421875 0.034375
428 0.7796875 0.66015625 0.02421875 0.028125
338 0.40546875 0.54765625 0.0234375 0.0328125
662 0.92265625 0.87109375 0.02265625 0.03515625
80 0.5546875 0.42890625 0.021875 0.0328125
657 0.14140625 0.16640625 0.025 0.0328125
257 0.47890625 0.2296875 0.0203125 0.03515625
580 0.3140625 0.26640625 0.025 0.03515625
156 0.43828125 0.190625 0.02109375 0.034375
686 0.63359375 0.4671875 0.021875 0.028125
226 0.26953125 0.4109375 0.02265625 0.03515625
665 0.85 0.13671875 0.02578125 0.0265625
431 0.49140625 0.9078125 0.02734375 0.0328125
594 0.66640625 0.18984375 0.02578125 0.0390625
159 0.64375 0.8109375 0.021875 0.034375
92 0.225 0.30078125 0.0234375 0.0328125
175 0.22890625 0.58515625 0.02265625 0.03671875
123 0.64375 0.84765625 0.025 0.0265625
567 0.871875 0.6578125 0.02421875 0.0296875
202 0.321875 0.84765625 0.02734375 0.0390625
649 0.87890625 0.7625 0.03359375 0.03203125
183 0.15390625 0.75390625 0.0265625 0.02734375
280 0.83203125 0.846875 0.02265625 0.03046875
423 0.43828125 0.26640625 0.02109375 0.03359375
183 0.60078125 0.6828125 0.02109375 0.02734375
495 0.565625 0.7875 0.01953125 0.03046875
638 0.59921875 0.6109375 0.021875 0.03359375
396 0.87421875 0.6921875 0.02578125 0.03046875
304 0.43671875 0.15390625 0.0265625 0.03046875
238 0.69609375 0.9234375 0.03203125 0.0359375
385 0.35859375 0.83046875 0.02109375 0.03046875
702 0.2671875 0.26953125 0.02421875 0.0328125
80 0.31484375 0.11796875 0.0390625 0.03359375
39 0.31875 0.8125 0.02421875 0.03203125
567 0.84765625 0.10234375 0.028125 0.0359375
183 0.484375 0.51328125 0.0234375 0.02890625
552 0.44453125 0.3921875 0.025 0.025
163 0.77421875 0.51953125 0.0234375 0.034375
277 0.82421875 0.6046875 0.028125 0.03046875
280 0.71875 0.33125 0.02109375 0.02734375
132 0.484375 0.7328125 0.0203125 0.0296875
232 0.76171875 0.25390625 0.02265625 0.046875
66 0.8515625 0.21484375 0.02578125 0.03359375
44 0.603125 0.78515625 0.01953125 0.03203125
214 0.36171875 0.946875 0.0234375 0.04375
105 0.6734375 0.41328125 0.0203125 0.0296875
443 0.1421875 0.34765625 0.0265625 0.0265625
601 0.31953125 0.91875 0.01875 0.0234375
689 0.803125 0.10625 0.0296875 0.03203125
152 0.73828125 0.734375 0.0265625 0.03359375
689 0.36015625 0.72734375 0.01875 0.02890625
132 0.64140625 0.7 0.02109375 0.03046875
651 0.60390625 0.8578125 0.02265625 0.03046875
183 0.64609375 0.91640625 0.02421875 0.0296875
601 0.5515625 0.3015625 0.01953125 0.03046875
592 0.55234375 0.33359375 0.01796875 0.025
504 0.5546875 0.4625 0.01640625 0.02578125
432 0.5625 0.64921875 0.01875 0.028125
475 0.621875 0.13046875 0.02265625 0.03359375
539 0.434375 0.12265625 0.01953125 0.03125
541 0.67421875 0.26953125 0.0296875 0.03203125
