645 0.2109375 0.26640625 0.03125 0.03984375
381 0.16640625 0.296875 0.03046875 0.034375
541 0.734375 0.36484375 0.02421875 0.03203125
174 0.16328125 0.33515625 0.0265625 0.034375
302 0.2125 0.46953125 0.03125 0.03515625
276 0.81953125 0.37265625 0.02578125 0.03359375
431 0.16484375 0.22109375 0.03125 0.03515625
620 0.38359375 0.4203125 0.0234375 0.03359375
424 0.165625 0.1875 0.03359375 0.0296875
12 0.16640625 0.41015625 0.03125 0.03828125
350 0.77734375 0.440625 0.02890625 0.03203125
431 0.1296875 0.21484375 0.03046875 0.03828125
689 0.25390625 0.321875 0.02890625 0.03671875
333 0.91640625 0.32734375 0.025 0.03203125
347 0.42578125 0.6890625 0.028125 0.034375
601 0.81875 0.28203125 0.02109375 0.03359375
316 0.1265625 0.1734375 0.028125 0.03671875
146 0.215625 0.62109375 0.025 0.0421875
40 0.2125 0.70234375 0.02890625 0.0375
185 0.7734375 0.29921875 0.02421875 0.02890625
601 0.134375 0.90234375 0.02734375 0.034375
515 0.425 0.8109375 0.0234375 0.028125
324 0.12890625 0.25859375 0.02734375 0.03671875
667 0.81875 0.209375 0.025 0.03046875
44 0.915625 0.58046875 0.02421875 0.03046875
441 0.8234375 0.72421875 0.02421875 0.03515625
573 0.17109375 0.4921875 0.028125 0.03515625
87 0.34296875 0.91328125 0.0265625 0.0296875
368 0.7328125 0.434375 0.021875 0.03359375
454 0.29765625 0.5421875 0.021875 0.03515625
85 0.81796875 0.2453125 0.021875 0.0359375
12 0.8265625 0.75625 0.02421875 0.03046875
265 0.78359375 0.86484375 0.02265625 0.02890625
568 0.778125 0.6484375 0.021875 0.0296875
192 0.734375 0.68125 0.02265625 0.0359375
693 0.171875 0.72734375 0.028125 0.04453125
433 0.25546875 0.46796875 0.02578125 0.03046875
563 0.2953125 0.21484375 0.028125 0.028125
433 0.3375 0.7921875 0.02265625 0.02578125
526 0.8671875 0.3234375 0.02265625 0.0265625
259 0.340625 0.6953125 0.028125 0.03046875
678 0.38203125 0.6125 0.021875 0.03046875
401 0.2984375 0.50859375 0.0234375 0.0296875
153 0.7828125 0.80703125 0.02109375 0.02890625
590 0.5953125 0.6875 0.025 0.0296875
428 0.42734375 0.9125 0.01953125 0.03125
156 0.5515625 0.33203125 0.025 0.028125
150 0.42265625 0.29453125 0.021875 0.03046875
324 0.13125 0.484375 0.02890625 0.03359375
32 0.30078125 0.68203125 0.021875 0.03046875
89 0.29453125 0.246875 0.02421875 0.0328125
175 0.7734375 0.334375 0.02265625 0.0375
350 0.30234375 0.753125 0.02265625 0.0328125
562 0.86796875 0.2328125 0.025 0.03203125
649 0.634375 0.80546875 0.02578125 0.0328125
178 0.21484375 0.7421875 0.0234375 0.03671875
567 0.38203125 0.153125 0.028125 0.03046875
193 0.2578125 0.65390625 0.021875 0.03359375
74 0.21484375 0.66484375 0.025 0.0359375
432 0.421875 0.234375 0.0265625 0.025
649 0.30390625 0.8109375 0.028125 0.0296875
146 0.82265625 0.6921875 0.02734375 0.0265625
358 0.1765625 0.840625 0.03125 0.0375
192 0.25546875 0.59296875 0.02265625 0.03515625
434 0.465625 0.1859375 0.02734375 0.03125
452 0.384375 0.7078125 0.02890625 0.03515625
350 0.3421875 0.84921875 0.02578125 0.02890625
544 0.77734375 0.41015625 0.025 0.03203125
163 0.25390625 0.2875 0.0296875 0.03359375
567 0.16875 0.57109375 0.02265625 0.03359375
679 0.1703125 0.6109375 0.02265625 0.040625
436 0.7828125 0.7765625 0.02265625 0.0296875
341 0.42265625 0.26328125 0.02265625 0.03046875
470 0.253125 0.3578125 0.02265625 0.03125
428 0.86953125 0.35390625 0.02421875 0.03203125
280 0.425 0.45625 0.01953125 0.0265625
497 0.6328125 0.36484375 0.02109375 0.03203125
623 0.778125 0.61171875 0.0234375 0.03515625
330 0.4671875 0.4890625 0.0234375 0.028125
514 0.3375 0.5640625 0.03046875 0.0296875
192 0.63125 0.6578125 0.02109375 0.03359375
394 0.3828125 0.5453125 0.02578125 0.03046875
155 0.21484375 0.9265625 0.0265625 0.0390625
683 0.29921875 0.61953125 0.021875 0.0390625
526 0.2515625 0.1515625 0.02109375 0.03203125
257 0.634375 0.5 0.02421875 0.02734375
334 0.634375 0.89921875 0.0296875 0.03046875
226 0.2078125 0.159375 0.0203125 0.03359375
659 0.6328125 0.690625 0.0234375 0.028125
40 0.5890625 0.36171875 0.025 0.028125
175 0.20859375 0.225 0.02578125 0.0375
81 0.9171875 0.54921875 0.02109375 0.0328125
424 0.86953125 0.48515625 0.01796875 0.03125
232 0.81796875 0.1765625 0.021875 0.0296875
652 0.1359375 0.83359375 0.02734375 0.0328125
183 0.78125 0.71328125 0.02109375 0.0234375
150 0.6296875 0.1890625 0.02109375 0.028125
428 0.6296875 0.22265625 0.01953125 0.03125
436 0.38203125 0.7390625 0.021875 0.02890625
435 0.775 0.37421875 0.021875 0.03671875
592 0.8203125 0.3109375 0.02265625 0.025
547 0.4640625 0.5796875 0.01953125 0.0296875
404 0.91796875 0.4796875 0.025 0.03359375
186 0.209375 0.30625 0.02421875 0.0359375
649 0.73515625 0.58046875 0.02265625 0.02890625
81 0.73359375 0.4703125 0.021875 0.03125
685 0.259375 0.9390625 0.021875 0.03359375
568 0.425 0.721875 0.02265625 0.03046875
385 0.1703125 0.6875 0.021875 0.03046875
274 0.4265625 0.51953125 0.0203125 0.0359375
567 0.4671875 0.89453125 0.02265625 0.02578125
659 0.1625 0.15625 0.02421875 0.02734375
149 0.25625 0.5609375 0.02109375 0.0265625
601 0.77109375 0.1453125 0.02421875 0.03203125
592 0.77265625 0.17734375 0.0234375 0.02578125
428 0.68125 0.3359375 0.02421875 0.03203125
163 0.91328125 0.215625 0.0234375 0.03515625
563 0.8265625 0.93046875 0.01953125 0.0265625
702 0.82734375 0.81796875 0.01953125 0.028125
414 0.5921875 0.775 0.02265625 0.021875
404 0.784375 0.921875 0.0203125 0.03203125
153 0.33515625 0.1171875 0.0234375 0.03203125
183 0.6328125 0.71796875 0.02109375 0.02421875
549 0.17578125 0.9203125 0.02109375 0.03203125
183 0.54609375 0.15 0.01953125 0.03046875
344 0.59140625 0.5109375 0.02109375 0.028125
257 0.17265625 0.80078125 0.0265625 0.03203125
689 0.42265625 0.35625 0.01953125 0.0265625
428 0.6796875 0.171875 0.02265625 0.03203125
280 0.465625 0.51796875 0.0203125 0.02578125
330 0.821875 0.66484375 0.02109375 0.02578125
471 0.42578125 0.65625 0.02265625 0.028125
81 0.259375 0.87578125 0.01953125 0.028125
77 0.12734375 0.4234375 0.02265625 0.025
260 0.546875 0.559375 0.01953125 0.02890625
601 0.2125 0.43125 0.02578125 0.0359375
274 0.784375 0.8921875 0.01953125 0.02421875
538 0.13203125 0.8 0.02265625 0.02890625
232 0.59296875 0.93203125 0.01953125 0.0296875
13 0.26015625 0.8484375 0.02109375 0.0234375
276 0.72421875 0.11171875 0.02421875 0.03203125
227 0.91328125 0.1453125 0.02734375 0.03515625
553 0.59375 0.634375 0.02421875 0.02421875
516 0.3796875 0.11953125 0.02265625 0.0359375
562 0.3875 0.9203125 0.02109375 0.025
552 0.16484375 0.121875 0.02734375 0.02578125
552 0.5453125 0.11953125 0.01875 0.025
627 0.5484375 0.28125 0.0171875 0.01953125
627 0.3828125 0.5171875 0.02578125 0.0234375
31 0.13515625 0.9375 0.03125 0.03515625
526 0.12578125 0.13046875 0.02421875 0.0359375
163 0.63125 0.3125 0.02109375 0.021875
428 0.91015625 0.11015625 0.02109375 0.0328125
175 0.58828125 0.11328125 0.02109375 0.034375
612 0.33828125 0.73046875 0.021875 0.03359375
105 0.25625 0.728125 0.01953125 0.03125
393 0.91328125 0.29375 0.02109375 0.03125
24 0.421875 0.11484375 0.01640625 0.02890625
341 0.54921875 0.30390625 0.01953125 0.025
538 0.63125 0.1140625 0.02109375 0.0265625
674 0.2578125 0.7578125 0.02109375 0.028125
37 0.67890625 0.14375 0.01796875 0.02578125
344 0.55 0.3609375 0.01953125 0.03046875
123 0.2953125 0.1234375 0.0234375 0.03125
659 0.63125 0.290625 0.02421875 0.0234375
28 0.72890625 0.04453125 0.01796875 0.025
