99 0.90390625 0.67734375 0.03046875 0.0296875
293 0.9046875 0.8078125 0.028125 0.03203125
44 0.86171875 0.68203125 0.02265625 0.0328125
434 0.690625 0.73359375 0.028125 0.03203125
553 0.1890625 0.84140625 0.0296875 0.0328125
316 0.86171875 0.64921875 0.021875 0.0296875
32 0.9046875 0.39375 0.02734375 0.028125
454 0.16328125 0.38828125 0.0265625 0.03359375
540 0.77421875 0.76953125 0.02421875 0.03203125
677 0.77265625 0.5734375 0.02890625 0.03046875
315 0.59765625 0.29921875 0.028125 0.0265625
340 0.90390625 0.7078125 0.02578125 0.02734375
677 0.90234375 0.61953125 0.02421875 0.0296875
276 0.7265625 0.25703125 0.0234375 0.03203125
79 0.64140625 0.66015625 0.0265625 0.034375
673 0.28984375 0.228125 0.02265625 0.034375
432 0.77109375 0.27890625 0.0265625 0.03125
526 0.28671875 0.26328125 0.0234375 0.0328125
324 0.3375 0.23984375 0.02734375 0.03125
615 0.725 0.1890625 0.02421875 0.0359375
220 0.375 0.4390625 0.02578125 0.040625
707 0.903125 0.7390625 0.021875 0.02734375
139 0.77109375 0.38125 0.028125 0.03046875
192 0.81484375 0.19765625 0.02265625 0.03359375
685 0.68984375 0.7015625 0.02421875 0.03125
649 0.16875 0.2890625 0.02265625 0.03046875
475 0.640625 0.62734375 0.02421875 0.028125
74 0.63984375 0.72109375 0.02421875 0.0296875
209 0.73359375 0.521875 0.02421875 0.028125
344 0.8171875 0.81015625 0.02421875 0.0296875
276 0.284375 0.425 0.03046875 0.0359375
331 0.77109375 0.19375 0.02734375 0.028125
186 0.690625 0.7703125 0.02109375 0.03515625
324 0.77109375 0.41328125 0.03125 0.03046875
207 0.29296875 0.159375 0.0265625 0.034375
152 0.90546875 0.36484375 0.0234375 0.0265625
643 0.76953125 0.4796875 0.02265625 0.0421875
163 0.24609375 0.28046875 0.025 0.0328125
285 0.4640625 0.41953125 0.025 0.04140625
163 0.90390625 0.93203125 0.021875 0.02734375
347 0.690625 0.88984375 0.025 0.03046875
265 0.28671875 0.390625 0.028125 0.03203125
81 0.2796875 0.49609375 0.02265625 0.0375
192 0.1625 0.459375 0.02421875 0.03359375
364 0.33359375 0.36875 0.025 0.02734375
699 0.73203125 0.45859375 0.02421875 0.028125
604 0.81484375 0.2578125 0.021875 0.03515625
139 0.9046875 0.4921875 0.02578125 0.0265625
29 0.73359375 0.7484375 0.028125 0.03046875
702 0.81640625 0.325 0.021875 0.028125
54 0.196875 0.521875 0.02578125 0.0328125
601 0.190625 0.7765625 0.021875 0.0328125
233 0.68515625 0.30078125 0.02421875 0.0296875
460 0.81875 0.9 0.03046875 0.0296875
590 0.1921875 0.68515625 0.02578125 0.0296875
453 0.28671875 0.328125 0.02265625 0.03046875
163 0.1953125 0.61953125 0.02421875 0.034375
228 0.640625 0.475 0.021875 0.0328125
210 0.1921875 0.74140625 0.02421875 0.0296875
192 0.153125 0.68203125 0.02109375 0.0328125
649 0.68515625 0.5078125 0.02265625 0.0296875
340 0.15390625 0.77265625 0.0265625 0.03359375
611 0.240625 0.40859375 0.02265625 0.03125
163 0.8625 0.77734375 0.02265625 0.03125
344 0.68515625 0.53671875 0.02421875 0.03046875
331 0.77421875 0.83359375 0.0234375 0.028125
243 0.73203125 0.9234375 0.02109375 0.0328125
233 0.16953125 0.25625 0.02109375 0.0296875
74 0.8640625 0.90390625 0.01953125 0.028125
257 0.5125 0.27421875 0.02265625 0.0328125
342 0.49140625 0.8328125 0.021875 0.03359375
170 0.334375 0.3375 0.01953125 0.03359375
347 0.2328125 0.64921875 0.02421875 0.02890625
91 0.684375 0.32890625 0.02734375 0.028125
344 0.20546875 0.2359375 0.02265625 0.0296875
163 0.3296875 0.475 0.021875 0.03046875
601 0.47421875 0.1671875 0.02265625 0.034375
685 0.353125 0.90234375 0.0234375 0.03359375
481 0.48828125 0.9015625 0.02578125 0.03046875
408 0.15 0.9 0.02265625 0.028125
424 0.90390625 0.5578125 0.02578125 0.02421875
297 0.51015625 0.31015625 0.02109375 0.0328125
404 0.15390625 0.715625 0.021875 0.03203125
183 0.68046875 0.1734375 0.021875 0.025
365 0.2875 0.296875 0.01953125 0.03046875
404 0.1671875 0.3234375 0.01953125 0.03359375
677 0.5984375 0.38828125 0.021875 0.02734375
192 0.33203125 0.4015625 0.02109375 0.03671875
287 0.5984375 0.27265625 0.0234375 0.025
568 0.90234375 0.58828125 0.0203125 0.0296875
601 0.68125 0.14140625 0.025 0.03515625
623 0.321875 0.59140625 0.02265625 0.03203125
475 0.771875 0.4421875 0.025 0.028125
306 0.7765625 0.67265625 0.02734375 0.02734375
139 0.19765625 0.4609375 0.02578125 0.025
324 0.17109375 0.16796875 0.02109375 0.028125
567 0.3171875 0.7703125 0.03125 0.03203125
276 0.3671875 0.53828125 0.028125 0.0296875
192 0.59921875 0.45078125 0.0203125 0.0328125
331 0.5640625 0.5109375 0.02265625 0.02734375
175 0.33984375 0.16328125 0.02265625 0.0390625
203 0.73515625 0.5859375 0.02265625 0.028125
428 0.86328125 0.4140625 0.02578125 0.025
601 0.3640625 0.71484375 0.025 0.03203125
276 0.36640625 0.56640625 0.03046875 0.03046875
592 0.2796875 0.53046875 0.02265625 0.028125
324 0.159375 0.55625 0.025 0.028125
336 0.428125 0.16796875 0.025 0.03359375
81 0.5640625 0.67421875 0.02109375 0.03359375
186 0.9015625 0.90234375 0.01875 0.03046875
33 0.81484375 0.16328125 0.02265625 0.028125
291 0.46640625 0.34921875 0.02109375 0.03046875
155 0.86171875 0.48203125 0.0265625 0.03359375
592 0.50078125 0.61640625 0.021875 0.02421875
272 0.16953125 0.2234375 0.0203125 0.03203125
163 0.28671875 0.35859375 0.0265625 0.03203125
330 0.7328125 0.78203125 0.02109375 0.0328125
265 0.81328125 0.13046875 0.02421875 0.0328125
163 0.6390625 0.20078125 0.02265625 0.02421875
94 0.2296875 0.7125 0.0203125 0.034375
65 0.2046875 0.26484375 0.02109375 0.02421875
82 0.24609375 0.21484375 0.0203125 0.028125
347 0.19765625 0.5546875 0.0265625 0.0296875
499 0.903125 0.16796875 0.02109375 0.028125
379 0.37265625 0.47421875 0.02109375 0.02734375
192 0.23046875 0.75078125 0.021875 0.03828125
233 0.3296875 0.50390625 0.0265625 0.03046875
379 0.17109375 0.1390625 0.02265625 0.0296875
79 0.77578125 0.640625 0.0296875 0.03203125
74 0.60078125 0.175 0.01953125 0.025
675 0.20078125 0.32734375 0.0203125 0.03515625
330 0.23359375 0.61953125 0.0203125 0.028125
568 0.315625 0.74140625 0.02578125 0.02890625
561 0.1515625 0.928125 0.0265625 0.03125
411 0.6390625 0.3390625 0.0203125 0.02890625
163 0.9046875 0.3390625 0.02265625 0.02578125
499 0.35703125 0.8078125 0.021875 0.02890625
163 0.64140625 0.56640625 0.02421875 0.021875
453 0.20546875 0.20390625 0.0203125 0.02890625
247 0.68671875 0.4203125 0.025 0.0234375
183 0.196875 0.48984375 0.02109375 0.02734375
276 0.375 0.3734375 0.025 0.0328125
227 0.59921875 0.2046875 0.0171875 0.03203125
172 0.15 0.8390625 0.0203125 0.0359375
689 0.496875 0.703125 0.02109375 0.0265625
160 0.63984375 0.1765625 0.02265625 0.021875
408 0.5 0.5859375 0.021875 0.03359375
26 0.153125 0.74296875 0.02265625 0.021875
57 0.5609375 0.15703125 0.02109375 0.028125
654 0.63671875 0.14453125 0.0265625 0.03046875
183 0.190625 0.8078125 0.01953125 0.025
175 0.7296875 0.31875 0.02734375 0.04140625
248 0.60078125 0.84453125 0.025 0.0234375
26 0.56015625 0.21171875 0.01796875 0.021875
521 0.15546875 0.5875 0.01953125 0.03203125
126 0.2 0.3953125 0.02109375 0.03203125
369 0.42421875 0.309375 0.02421875 0.03359375
552 0.1515625 0.87109375 0.02265625 0.021875
340 0.6421875 0.69140625 0.025 0.028125
26 0.3296875 0.52890625 0.0296875 0.02421875
350 0.475 0.1984375 0.0203125 0.02578125
74 0.56171875 0.33984375 0.01953125 0.03046875
37 0.25078125 0.153125 0.015625 0.025
329 0.39765625 0.3953125 0.02109375 0.02421875
166 0.5140625 0.16328125 0.01953125 0.02734375
