677 0.38515625 0.24375 0.0296875 0.04140625
282 0.20390625 0.221875 0.03203125 0.034375
665 0.1640625 0.43515625 0.028125 0.03359375
645 0.246875 0.325 0.03515625 0.03359375
74 0.2015625 0.32734375 0.025 0.03203125
344 0.24609375 0.36328125 0.02734375 0.0328125
475 0.4734375 0.56640625 0.02578125 0.03046875
334 0.20234375 0.4171875 0.02890625 0.034375
667 0.740625 0.15078125 0.0296875 0.03203125
431 0.28984375 0.42734375 0.0265625 0.03125
350 0.47265625 0.26484375 0.02421875 0.03828125
340 0.475 0.59921875 0.02578125 0.03203125
695 0.384375 0.3875 0.0265625 0.03515625
120 0.24921875 0.29140625 0.02890625 0.0328125
92 0.29140625 0.36015625 0.0265625 0.02890625
243 0.290625 0.5765625 0.028125 0.034375
232 0.33671875 0.55859375 0.02890625 0.03203125
601 0.4734375 0.69921875 0.02578125 0.03515625
389 0.6578125 0.16796875 0.02734375 0.03203125
222 0.33671875 0.81484375 0.02890625 0.03359375
672 0.91328125 0.1515625 0.02890625 0.034375
116 0.87421875 0.38671875 0.02421875 0.0375
324 0.1640625 0.46953125 0.02734375 0.03125
411 0.24140625 0.80390625 0.0296875 0.03203125
163 0.43359375 0.2171875 0.02578125 0.02734375
24 0.2453125 0.3953125 0.0265625 0.02890625
192 0.28984375 0.78984375 0.025 0.03671875
441 0.6625 0.3015625 0.02578125 0.03515625
433 0.9125 0.24296875 0.02421875 0.0328125
304 0.87578125 0.50390625 0.0234375 0.03046875
189 0.16171875 0.628125 0.0296875 0.0296875
623 0.16484375 0.9109375 0.02265625 0.0328125
150 0.8765625 0.7859375 0.0234375 0.03359375
678 0.87578125 0.56875 0.02578125 0.0328125
601 0.16328125 0.3703125 0.02421875 0.0328125
74 0.8765625 0.75234375 0.02421875 0.0296875
151 0.83203125 0.55234375 0.0265625 0.03125
233 0.87421875 0.2921875 0.028125 0.028125
698 0.7546875 0.6703125 0.0265625 0.02734375
251 0.42890625 0.7953125 0.0265625 0.028125
244 0.91953125 0.86328125 0.02734375 0.02734375
390 0.8765625 0.53515625 0.028125 0.03203125
315 0.6171875 0.19609375 0.0234375 0.034375
566 0.24375 0.434375 0.028125 0.03671875
402 0.1625 0.753125 0.0234375 0.03828125
659 0.42734375 0.825 0.02421875 0.02734375
270 0.61953125 0.30234375 0.025 0.0328125
695 0.91875 0.621875 0.02265625 0.03046875
175 0.2453125 0.22421875 0.02265625 0.03671875
563 0.16328125 0.71875 0.02578125 0.0296875
186 0.2921875 0.190625 0.0234375 0.03359375
324 0.43046875 0.146875 0.028125 0.03515625
587 0.2453125 0.5609375 0.028125 0.03515625
192 0.74296875 0.228125 0.02421875 0.03671875
54 0.8328125 0.4875 0.02734375 0.03125
456 0.7828125 0.19921875 0.021875 0.02890625
188 0.24296875 0.73515625 0.02578125 0.0328125
163 0.8765625 0.85390625 0.02421875 0.028125
316 0.921875 0.8921875 0.02890625 0.028125
640 0.746875 0.41796875 0.02109375 0.03359375
175 0.78125 0.1625 0.021875 0.0390625
232 0.76015625 0.83359375 0.0234375 0.0328125
640 0.625 0.6453125 0.0203125 0.0265625
192 0.4265625 0.8609375 0.0234375 0.0328125
573 0.384375 0.6234375 0.0265625 0.03046875
423 0.43046875 0.43671875 0.0234375 0.028125
470 0.515625 0.39765625 0.01953125 0.0296875
175 0.740625 0.18828125 0.02578125 0.0390625
559 0.9171875 0.52109375 0.0234375 0.03203125
497 0.1984375 0.91328125 0.02265625 0.03203125
139 0.1640625 0.27421875 0.02421875 0.028125
689 0.47421875 0.33203125 0.02421875 0.03046875
92 0.33515625 0.88046875 0.0296875 0.028125
668 0.33515625 0.590625 0.028125 0.028125
567 0.16328125 0.30625 0.0265625 0.02890625
459 0.9171875 0.74375 0.02421875 0.03515625
248 0.87578125 0.47265625 0.02578125 0.025
470 0.28984375 0.64453125 0.021875 0.03203125
153 0.71484375 0.78671875 0.02109375 0.03671875
558 0.83359375 0.51953125 0.0265625 0.03046875
163 0.9171875 0.375 0.02421875 0.02734375
303 0.62578125 0.8203125 0.021875 0.0359375
80 0.334375 0.9140625 0.025 0.02890625
433 0.9171875 0.8046875 0.0234375 0.02890625
649 0.2453125 0.63359375 0.03125 0.03515625
245 0.709375 0.446875 0.0234375 0.0296875
414 0.2453125 0.25859375 0.02109375 0.028125
563 0.16171875 0.56484375 0.0265625 0.02890625
60 0.19921875 0.60234375 0.02734375 0.0265625
195 0.71640625 0.8203125 0.0203125 0.02890625
139 0.82421875 0.1703125 0.02578125 0.02734375
123 0.58671875 0.6125 0.02109375 0.03359375
433 0.875 0.721875 0.02265625 0.028125
330 0.91328125 0.27734375 0.01875 0.02890625
170 0.24140625 0.83515625 0.0234375 0.028125
523 0.75 0.5375 0.02578125 0.03203125
170 0.2015625 0.49140625 0.0203125 0.03046875
74 0.1640625 0.2078125 0.02109375 0.03046875
711 0.1625 0.78671875 0.0203125 0.0265625
637 0.42734375 0.76171875 0.02421875 0.028125
212 0.6203125 0.39453125 0.01953125 0.02578125
247 0.628125 0.73515625 0.02265625 0.0234375
659 0.6265625 0.78671875 0.01953125 0.02578125
592 0.5875 0.67109375 0.021875 0.0265625
74 0.16328125 0.68984375 0.025 0.03125
401 0.51484375 0.49375 0.0203125 0.0265625
401 0.19921875 0.52109375 0.0234375 0.0265625
365 0.6296875 0.8796875 0.02421875 0.02734375
363 0.51640625 0.278125 0.0203125 0.025
521 0.7609375 0.8921875 0.021875 0.03203125
74 0.9140625 0.2109375 0.02265625 0.028125
347 0.70390625 0.31953125 0.02265625 0.025
175 0.7078125 0.41171875 0.025 0.0390625
558 0.19609375 0.63125 0.02421875 0.03046875
65 0.384375 0.17265625 0.0296875 0.02578125
372 0.87734375 0.41640625 0.025 0.02265625
74 0.578125 0.209375 0.01796875 0.0265625
445 0.38125 0.809375 0.02578125 0.025
581 0.71796875 0.87578125 0.02890625 0.02421875
391 0.83359375 0.6453125 0.02421875 0.02265625
187 0.86796875 0.1140625 0.02734375 0.03046875
74 0.4734375 0.15234375 0.02421875 0.03359375
546 0.92109375 0.921875 0.021875 0.03046875
649 0.578125 0.17734375 0.01953125 0.02734375
702 0.909375 0.115625 0.02109375 0.03203125
152 0.69765625 0.17109375 0.02578125 0.0296875
222 0.2421875 0.9578125 0.02265625 0.02734375
126 0.2015625 0.78515625 0.02109375 0.0390625
175 0.38359375 0.68515625 0.028125 0.03359375
601 0.20078125 0.6921875 0.025 0.02734375
26 0.82578125 0.27109375 0.025 0.02265625
342 0.24140625 0.86015625 0.01875 0.02578125
315 0.1640625 0.66015625 0.028125 0.03046875
702 0.61328125 0.13203125 0.02265625 0.028125
677 0.6265625 0.85234375 0.01796875 0.0234375
612 0.58515625 0.83359375 0.0171875 0.02890625
192 0.51171875 0.5875 0.02265625 0.034375
204 0.6265625 0.55 0.02734375 0.028125
561 0.7890625 0.4125 0.0296875 0.03828125
98 0.75078125 0.57109375 0.02421875 0.03515625
166 0.69453125 0.12265625 0.02265625 0.025
132 0.87578125 0.9234375 0.01953125 0.028125
460 0.8234375 0.14375 0.021875 0.028125
601 0.70234375 0.271875 0.02421875 0.025
276 0.29140625 0.93984375 0.02265625 0.028125
