243 0.42734375 0.87578125 0.03125 0.03515625
30 0.33359375 0.715625 0.0296875 0.0328125
677 0.759375 0.4421875 0.025 0.0390625
444 0.38359375 0.571875 0.03828125 0.03515625
136 0.28984375 0.2390625 0.028125 0.0359375
73 0.88828125 0.7875 0.02890625 0.0328125
662 0.33046875 0.81640625 0.02421875 0.034375
526 0.6265625 0.28359375 0.025 0.0296875
601 0.240625 0.4484375 0.02578125 0.03359375
206 0.803125 0.8015625 0.0265625 0.02890625
202 0.34140625 0.18203125 0.0265625 0.034375
54 0.46796875 0.33046875 0.028125 0.03671875
526 0.2890625 0.33828125 0.0296875 0.0328125
623 0.38359375 0.60625 0.02890625 0.03046875
433 0.28984375 0.3078125 0.0296875 0.03046875
601 0.7625 0.84921875 0.02421875 0.03359375
601 0.15859375 0.87578125 0.0234375 0.03125
623 0.84765625 0.79921875 0.02265625 0.03515625
665 0.38125 0.70546875 0.025 0.03125
74 0.15703125 0.69765625 0.02421875 0.0296875
601 0.33203125 0.853125 0.025 0.03125
699 0.846875 0.73515625 0.02421875 0.03046875
287 0.67265625 0.5515625 0.02890625 0.03203125
176 0.76796875 0.78671875 0.028125 0.03359375
175 0.42734375 0.35859375 0.02734375 0.04375
443 0.928125 0.43359375 0.028125 0.028125
654 0.8484375 0.90078125 0.02734375 0.028125
481 0.2359375 0.8390625 0.0359375 0.03046875
423 0.38359375 0.30703125 0.0296875 0.03203125
645 0.8890625 0.95234375 0.025 0.03359375
232 0.340625 0.30234375 0.0234375 0.0328125
276 0.384375 0.43125 0.03046875 0.03671875
192 0.16015625 0.19296875 0.02265625 0.0328125
74 0.2 0.40703125 0.02421875 0.0296875
233 0.75390625 0.18046875 0.02421875 0.028125
569 0.88125 0.18515625 0.02109375 0.03125
324 0.7140625 0.278125 0.0265625 0.0296875
176 0.84765625 0.515625 0.0296875 0.03359375
137 0.88359375 0.21484375 0.02109375 0.02734375
327 0.759375 0.60078125 0.021875 0.028125
672 0.84609375 0.6421875 0.0234375 0.03203125
175 0.23515625 0.778125 0.02265625 0.03515625
192 0.7984375 0.27890625 0.025 0.0296875
423 0.75859375 0.63046875 0.021875 0.0296875
139 0.3390625 0.40546875 0.02890625 0.02890625
60 0.8421875 0.3140625 0.025 0.03046875
645 0.7625 0.7203125 0.03359375 0.0328125
54 0.50546875 0.34609375 0.0234375 0.03203125
225 0.8015625 0.83515625 0.02265625 0.0328125
80 0.16171875 0.5453125 0.0296875 0.028125
227 0.88671875 0.565625 0.02265625 0.03203125
233 0.50546875 0.31328125 0.02109375 0.03203125
641 0.80546875 0.5265625 0.03125 0.0328125
559 0.23671875 0.54140625 0.0234375 0.0328125
289 0.23515625 0.71875 0.0265625 0.03203125
667 0.846875 0.5765625 0.025 0.028125
204 0.23515625 0.628125 0.02578125 0.028125
573 0.16015625 0.3984375 0.02109375 0.03046875
151 0.75546875 0.296875 0.02421875 0.03125
276 0.23984375 0.27734375 0.03046875 0.03515625
533 0.4265625 0.46328125 0.02578125 0.02734375
662 0.234375 0.6609375 0.0234375 0.0359375
65 0.765625 0.81796875 0.02578125 0.0265625
524 0.33125 0.75234375 0.02421875 0.02734375
139 0.88671875 0.75 0.02734375 0.028125
585 0.50390625 0.2515625 0.01953125 0.0296875
322 0.6671875 0.3109375 0.02265625 0.03515625
649 0.671875 0.46484375 0.02890625 0.03046875
180 0.759375 0.40625 0.02265625 0.03046875
659 0.88671875 0.821875 0.0234375 0.0265625
47 0.38359375 0.7984375 0.02890625 0.02578125
601 0.1984375 0.2890625 0.025 0.03203125
192 0.840625 0.15078125 0.025 0.0328125
698 0.84140625 0.38046875 0.01953125 0.03203125
559 0.63125 0.4765625 0.02890625 0.03359375
257 0.15625 0.7265625 0.02421875 0.02734375
428 0.6265625 0.2515625 0.02265625 0.03046875
433 0.75234375 0.15078125 0.02265625 0.02734375
245 0.16015625 0.42734375 0.0234375 0.02578125
601 0.58984375 0.47421875 0.0234375 0.03203125
183 0.3328125 0.88359375 0.02421875 0.0234375
385 0.88671875 0.65234375 0.01875 0.0265625
673 0.50390625 0.2828125 0.01875 0.03046875
287 0.2859375 0.79140625 0.034375 0.03203125
232 0.5921875 0.7453125 0.01953125 0.028125
667 0.6703125 0.40625 0.02890625 0.03046875
139 0.5046875 0.22421875 0.02109375 0.025
558 0.803125 0.92890625 0.01953125 0.03125
153 0.76015625 0.56875 0.02265625 0.03046875
126 0.19921875 0.22421875 0.02109375 0.03203125
80 0.8015625 0.70859375 0.0265625 0.025
324 0.80234375 0.42890625 0.0296875 0.02734375
704 0.921875 0.18203125 0.02421875 0.03203125
175 0.50234375 0.43515625 0.01953125 0.03515625
421 0.925 0.85625 0.01953125 0.0296875
132 0.5875 0.31328125 0.01953125 0.02890625
174 0.4265625 0.58515625 0.0203125 0.0359375
204 0.796875 0.15 0.0265625 0.0265625
304 0.7609375 0.53984375 0.0234375 0.028125
654 0.234375 0.93046875 0.03203125 0.03359375
183 0.15859375 0.90546875 0.021875 0.02421875
330 0.1578125 0.6109375 0.01875 0.02890625
55 0.8515625 0.965625 0.025 0.0421875
91 0.33515625 0.940625 0.034375 0.02734375
175 0.159375 0.1546875 0.0203125 0.0390625
601 0.4671875 0.26640625 0.02265625 0.025
528 0.6296875 0.44609375 0.02421875 0.02421875
139 0.1625 0.25234375 0.0265625 0.0265625
424 0.9265625 0.7671875 0.02265625 0.02265625
60 0.70859375 0.15390625 0.0203125 0.03203125
80 0.925 0.69375 0.02109375 0.03515625
432 0.62890625 0.37265625 0.02421875 0.02578125
280 0.1609375 0.2828125 0.01875 0.02734375
365 0.79921875 0.62421875 0.02578125 0.0265625
363 0.709375 0.1875 0.01953125 0.02734375
342 0.2 0.4921875 0.0234375 0.0234375
673 0.59296875 0.95078125 0.02109375 0.028125
432 0.5890625 0.28671875 0.02265625 0.02578125
428 0.8 0.46328125 0.02109375 0.03359375
561 0.28828125 0.15078125 0.02890625 0.03203125
366 0.79921875 0.340625 0.01953125 0.03046875
219 0.33515625 0.60390625 0.0234375 0.040625
617 0.8875 0.49921875 0.02421875 0.03046875
189 0.76484375 0.9609375 0.025 0.028125
126 0.8875 0.85390625 0.021875 0.0359375
170 0.50234375 0.62265625 0.021875 0.02421875
