105 0.32265625 0.665625 0.02734375 0.03671875
671 0.41171875 0.18671875 0.02890625 0.0375
421 0.278125 0.875 0.0234375 0.03359375
667 0.18359375 0.39140625 0.028125 0.03203125
453 0.36953125 0.58828125 0.0265625 0.0375
323 0.7109375 0.26328125 0.02890625 0.04296875
60 0.228125 0.8203125 0.02578125 0.03046875
336 0.71171875 0.2203125 0.0296875 0.03828125
126 0.4109375 0.88515625 0.02421875 0.03203125
257 0.834375 0.328125 0.028125 0.03359375
433 0.13984375 0.66640625 0.0265625 0.0296875
269 0.18671875 0.4921875 0.03125 0.03125
626 0.27734375 0.57109375 0.028125 0.03203125
315 0.10234375 0.5015625 0.0296875 0.03671875
453 0.22890625 0.88359375 0.025 0.03046875
192 0.321875 0.534375 0.02578125 0.0375
117 0.32109375 0.346875 0.028125 0.0390625
334 0.2765625 0.43828125 0.0328125 0.0328125
276 0.2296875 0.25546875 0.03046875 0.03828125
419 0.278125 0.9078125 0.021875 0.03046875
276 0.36796875 0.55234375 0.02421875 0.03046875
32 0.140625 0.63671875 0.02421875 0.02578125
541 0.184375 0.90390625 0.025 0.034375
276 0.36796875 0.41015625 0.02578125 0.03515625
651 0.23046875 0.3203125 0.02421875 0.0390625
638 0.09765625 0.3625 0.0234375 0.03359375
404 0.278125 0.83984375 0.02421875 0.034375
139 0.278125 0.66484375 0.025 0.02734375
189 0.27890625 0.603125 0.0296875 0.02734375
220 0.621875 0.3359375 0.025 0.0390625
151 0.10546875 0.8046875 0.025 0.03125
192 0.23046875 0.6609375 0.025 0.03515625
649 0.1046875 0.86171875 0.0234375 0.0296875
653 0.75078125 0.20546875 0.02890625 0.0328125
673 0.23125 0.48046875 0.0265625 0.03515625
667 0.325 0.80546875 0.02890625 0.03515625
677 0.31796875 0.496875 0.028125 0.0390625
204 0.10546875 0.89296875 0.0234375 0.03203125
192 0.22890625 0.39453125 0.02265625 0.03828125
667 0.790625 0.52578125 0.02578125 0.03203125
233 0.13984375 0.575 0.02265625 0.0296875
74 0.1046875 0.703125 0.0234375 0.03046875
39 0.36875 0.3765625 0.02421875 0.03359375
347 0.75390625 0.2375 0.02890625 0.03046875
688 0.32421875 0.42578125 0.028125 0.03203125
458 0.70390625 0.71015625 0.02890625 0.04375
347 0.278125 0.9390625 0.02421875 0.0265625
631 0.7921875 0.2890625 0.025 0.03046875
74 0.37109375 0.48046875 0.02265625 0.0328125
237 0.83515625 0.42890625 0.02578125 0.028125
139 0.3234375 0.2109375 0.0265625 0.0296875
456 0.7890625 0.6328125 0.02421875 0.03203125
105 0.7078125 0.3921875 0.02578125 0.03515625
237 0.1078125 0.92578125 0.02421875 0.028125
685 0.27734375 0.22421875 0.028125 0.03359375
334 0.3703125 0.340625 0.03046875 0.0328125
175 0.79453125 0.2546875 0.02265625 0.03671875
146 0.71015625 0.18203125 0.02578125 0.03359375
643 0.36796875 0.24375 0.02421875 0.03671875
557 0.40859375 0.49765625 0.021875 0.0390625
401 0.32421875 0.7015625 0.028125 0.03203125
276 0.78515625 0.765625 0.02421875 0.03046875
91 0.4109375 0.67265625 0.02421875 0.02734375
170 0.10390625 0.53828125 0.02578125 0.028125
151 0.18359375 0.8015625 0.0265625 0.0328125
489 0.78984375 0.39921875 0.02265625 0.03203125
237 0.4484375 0.24921875 0.02578125 0.028125
276 0.61953125 0.37421875 0.025 0.03203125
98 0.7515625 0.440625 0.0234375 0.03671875
80 0.6640625 0.27265625 0.02578125 0.03203125
330 0.54609375 0.45 0.02109375 0.02734375
347 0.18359375 0.83515625 0.02421875 0.028125
233 0.321875 0.2765625 0.02734375 0.0328125
74 0.446875 0.515625 0.0203125 0.0296875
330 0.3703125 0.44765625 0.02109375 0.0328125
237 0.75234375 0.40234375 0.02578125 0.02890625
80 0.834375 0.396875 0.021875 0.03515625
214 0.10625 0.60234375 0.028125 0.0375
428 0.4484375 0.77890625 0.01953125 0.03046875
698 0.1859375 0.21171875 0.02109375 0.0328125
203 0.74609375 0.6734375 0.02265625 0.03203125
350 0.87265625 0.56015625 0.02421875 0.02890625
561 0.871875 0.66640625 0.025 0.0328125
601 0.71015625 0.14765625 0.0234375 0.034375
428 0.13984375 0.37734375 0.02109375 0.0421875
441 0.54765625 0.2171875 0.0203125 0.03359375
441 0.5453125 0.42109375 0.0203125 0.028125
561 0.13671875 0.17890625 0.02421875 0.03046875
139 0.22890625 0.725 0.02421875 0.028125
428 0.74375 0.7359375 0.021875 0.03671875
549 0.6171875 0.47890625 0.0203125 0.03046875
310 0.32265625 0.1453125 0.02578125 0.03203125
139 0.1390625 0.21171875 0.0234375 0.0265625
150 0.58046875 0.31640625 0.0234375 0.03125
276 0.225 0.946875 0.025 0.03515625
139 0.4109375 0.73359375 0.021875 0.025
237 0.875 0.46953125 0.0265625 0.02734375
32 0.62265625 0.2078125 0.02265625 0.0265625
304 0.875 0.4078125 0.0203125 0.03125
259 0.58359375 0.21953125 0.02265625 0.02890625
374 0.446875 0.1828125 0.0203125 0.02890625
396 0.09921875 0.15234375 0.021875 0.03203125
276 0.1390625 0.41328125 0.0234375 0.03125
411 0.32109375 0.6015625 0.02265625 0.02734375
456 0.66171875 0.44140625 0.0265625 0.028125
475 0.3671875 0.20703125 0.02265625 0.03203125
460 0.79375 0.153125 0.02265625 0.0328125
46 0.57890625 0.34921875 0.0203125 0.03359375
175 0.74921875 0.56953125 0.021875 0.03671875
475 0.1859375 0.1453125 0.0265625 0.03125
186 0.1 0.290625 0.01875 0.03125
326 0.6171875 0.66484375 0.03125 0.0359375
404 0.7875 0.6640625 0.01953125 0.0296875
237 0.66328125 0.303125 0.0265625 0.02734375
495 0.6109375 0.7734375 0.01796875 0.028125
541 0.54375 0.54140625 0.01796875 0.03046875
192 0.74296875 0.96875 0.02265625 0.0328125
419 0.83828125 0.20390625 0.025 0.03359375
567 0.4078125 0.146875 0.01953125 0.03125
411 0.58203125 0.25390625 0.01875 0.03046875
330 0.78515625 0.796875 0.0203125 0.0296875
516 0.74375 0.77421875 0.03125 0.03671875
419 0.5453125 0.2546875 0.01796875 0.0296875
267 0.13671875 0.44296875 0.02109375 0.0234375
74 0.53984375 0.85625 0.0203125 0.02578125
76 0.54609375 0.1546875 0.0171875 0.02734375
441 0.6640625 0.41015625 0.0296875 0.03125
618 0.87265625 0.58828125 0.0234375 0.0265625
423 0.5796875 0.2859375 0.01796875 0.0265625
175 0.6234375 0.15 0.02109375 0.03515625
368 0.8796875 0.16328125 0.0203125 0.03515625
401 0.578125 0.44140625 0.0171875 0.02421875
170 0.1390625 0.2734375 0.0171875 0.02734375
372 0.878125 0.228125 0.01875 0.02265625
428 0.659375 0.56640625 0.0203125 0.03359375
309 0.78671875 0.82734375 0.0265625 0.0328125
615 0.1390625 0.484375 0.0234375 0.0328125
82 0.22890625 0.4265625 0.0203125 0.02421875
672 0.61171875 0.80390625 0.02109375 0.02734375
526 0.18671875 0.96015625 0.025 0.03125
280 0.54140625 0.62265625 0.015625 0.0234375
