227 0.40859375 0.2578125 0.03046875 0.03828125
422 0.32109375 0.6109375 0.03125 0.03515625
601 0.85078125 0.91171875 0.02578125 0.03359375
702 0.40859375 0.57421875 0.025 0.03828125
80 0.365625 0.3109375 0.02734375 0.03984375
212 0.275 0.85859375 0.0265625 0.03359375
685 0.27265625 0.48515625 0.0265625 0.03515625
619 0.31875 0.45390625 0.02734375 0.03515625
431 0.59921875 0.34375 0.02890625 0.03046875
287 0.15234375 0.88984375 0.0265625 0.0296875
515 0.32109375 0.71171875 0.02734375 0.028125
702 0.45 0.7796875 0.02734375 0.03828125
469 0.4078125 0.75625 0.02890625 0.03515625
513 0.409375 0.39921875 0.02421875 0.034375
538 0.40546875 0.21875 0.02578125 0.0390625
567 0.31796875 0.22109375 0.0296875 0.03359375
601 0.14609375 0.540625 0.02265625 0.03515625
226 0.153125 0.85703125 0.02265625 0.0328125
486 0.2734375 0.22421875 0.0296875 0.03515625
274 0.809375 0.68359375 0.02421875 0.03515625
350 0.678125 0.90234375 0.0296875 0.0328125
601 0.72421875 0.22890625 0.025 0.0328125
238 0.31875 0.5734375 0.02890625 0.03359375
276 0.80859375 0.71796875 0.02578125 0.03359375
334 0.81015625 0.64921875 0.03203125 0.0328125
649 0.85234375 0.878125 0.0296875 0.0296875
474 0.3703125 0.92890625 0.028125 0.03046875
368 0.18125 0.26953125 0.025 0.03046875
175 0.67890625 0.5890625 0.02578125 0.04140625
237 0.81015625 0.90625 0.02734375 0.02734375
695 0.17890625 0.2390625 0.025 0.028125
667 0.81015625 0.51875 0.02734375 0.03203125
363 0.84921875 0.16015625 0.0296875 0.03515625
368 0.14296875 0.2578125 0.02421875 0.034375
233 0.31875 0.9171875 0.021875 0.0296875
181 0.18203125 0.37734375 0.0265625 0.0328125
232 0.890625 0.240625 0.02421875 0.03671875
695 0.22890625 0.6140625 0.0265625 0.0328125
152 0.40625 0.43203125 0.0265625 0.028125
545 0.140625 0.221875 0.0234375 0.03203125
226 0.45 0.7375 0.021875 0.04140625
276 0.89140625 0.315625 0.0296875 0.034375
127 0.3640625 0.62890625 0.0296875 0.0265625
113 0.27421875 0.52265625 0.02578125 0.03515625
695 0.72421875 0.40859375 0.0265625 0.03203125
276 0.89140625 0.953125 0.02890625 0.0328125
192 0.890625 0.66171875 0.0234375 0.034375
93 0.68125 0.55078125 0.0265625 0.0328125
125 0.68203125 0.4265625 0.02265625 0.03984375
505 0.36484375 0.77421875 0.025 0.02578125
192 0.678125 0.20234375 0.02265625 0.03203125
195 0.271875 0.91640625 0.02265625 0.025
71 0.2296875 0.76953125 0.03046875 0.02890625
601 0.5984375 0.53203125 0.025 0.034375
411 0.2734375 0.79453125 0.0265625 0.02578125
190 0.67734375 0.86875 0.02265625 0.03515625
31 0.76640625 0.3453125 0.021875 0.03203125
123 0.365625 0.80234375 0.02890625 0.028125
695 0.89140625 0.89375 0.0234375 0.03359375
695 0.84921875 0.68203125 0.02421875 0.0296875
667 0.8921875 0.421875 0.02734375 0.03203125
456 0.14375 0.328125 0.021875 0.0296875
677 0.85234375 0.77578125 0.0234375 0.03671875
44 0.6375 0.3796875 0.02265625 0.028125
80 0.59921875 0.16875 0.02421875 0.0265625
210 0.80703125 0.84453125 0.02734375 0.02734375
434 0.80546875 0.815625 0.025 0.03046875
470 0.31796875 0.88515625 0.02421875 0.03125
601 0.44921875 0.36640625 0.025 0.02734375
601 0.14453125 0.39140625 0.021875 0.03359375
499 0.22734375 0.43203125 0.02265625 0.028125
424 0.321875 0.74375 0.02421875 0.028125
237 0.85078125 0.73984375 0.0265625 0.02734375
401 0.14453125 0.35859375 0.02421875 0.02734375
27 0.89140625 0.7578125 0.02578125 0.02421875
702 0.271875 0.1921875 0.02890625 0.03125
695 0.22890625 0.6765625 0.02578125 0.02734375
244 0.15078125 0.93671875 0.02265625 0.03046875
276 0.6359375 0.82109375 0.0234375 0.0328125
183 0.725 0.2609375 0.02265625 0.025
453 0.4515625 0.6640625 0.02265625 0.0296875
245 0.85234375 0.45546875 0.021875 0.0265625
689 0.68125 0.66484375 0.02265625 0.03203125
17 0.76796875 0.48984375 0.02421875 0.03046875
646 0.48828125 0.575 0.02109375 0.03359375
634 0.68125 0.32265625 0.025 0.02890625
363 0.4859375 0.34140625 0.02890625 0.03203125
113 0.76875 0.52421875 0.02265625 0.0296875
382 0.80859375 0.875 0.02421875 0.0296875
232 0.890625 0.55703125 0.02265625 0.03046875
677 0.5609375 0.2203125 0.01953125 0.0328125
153 0.36328125 0.4796875 0.02421875 0.034375
695 0.63515625 0.8546875 0.021875 0.02890625
428 0.6375 0.7890625 0.01953125 0.03203125
607 0.56015625 0.184375 0.0203125 0.03359375
428 0.7234375 0.196875 0.0203125 0.03359375
428 0.44609375 0.1875 0.02265625 0.0265625
656 0.27265625 0.975 0.03125 0.0265625
649 0.85078125 0.1921875 0.0265625 0.0265625
652 0.68203125 0.521875 0.02421875 0.0265625
150 0.14921875 0.7265625 0.02109375 0.0328125
166 0.45 0.6359375 0.025 0.0265625
524 0.1515625 0.78359375 0.02890625 0.028125
419 0.48828125 0.509375 0.021875 0.0328125
368 0.453125 0.93515625 0.02421875 0.0390625
507 0.36796875 0.86953125 0.02265625 0.02734375
601 0.8921875 0.921875 0.02421875 0.025
601 0.4859375 0.37734375 0.02265625 0.03359375
123 0.48828125 0.43984375 0.021875 0.03046875
453 0.40546875 0.15 0.02421875 0.03046875
673 0.7671875 0.31484375 0.021875 0.02734375
338 0.59921875 0.59765625 0.02265625 0.03046875
65 0.809375 0.54921875 0.02421875 0.025
183 0.31875 0.25234375 0.02421875 0.0265625
424 0.76796875 0.24921875 0.0203125 0.0265625
330 0.809375 0.57890625 0.01953125 0.03046875
423 0.8875 0.16953125 0.02109375 0.03359375
112 0.14453125 0.421875 0.01875 0.02421875
330 0.271875 0.309375 0.0234375 0.03046875
183 0.60078125 0.56640625 0.02109375 0.02734375
65 0.48515625 0.275 0.02265625 0.02890625
125 0.68046875 0.284375 0.02734375 0.04140625
322 0.88671875 0.13203125 0.025 0.03671875
529 0.88984375 0.58984375 0.0265625 0.03515625
657 0.63828125 0.58515625 0.021875 0.0265625
347 0.81171875 0.9671875 0.028125 0.0265625
330 0.1390625 0.19140625 0.01953125 0.02734375
183 0.48671875 0.40859375 0.02109375 0.025
132 0.85234375 0.3578125 0.028125 0.03671875
214 0.559375 0.34765625 0.01796875 0.02578125
80 0.32421875 0.978125 0.0328125 0.028125
31 0.13984375 0.1640625 0.02109375 0.02734375
561 0.1453125 0.4453125 0.02265625 0.02890625
