184 0.4203125 0.41640625 0.02734375 0.0390625
192 0.81015625 0.47890625 0.0265625 0.03828125
74 0.76640625 0.55078125 0.025 0.03203125
238 0.8578125 0.41328125 0.0265625 0.03515625
334 0.3734375 0.2453125 0.03125 0.03515625
304 0.77109375 0.30390625 0.03125 0.03125
411 0.68828125 0.18671875 0.0296875 0.03046875
324 0.81171875 0.40390625 0.0328125 0.0328125
419 0.90234375 0.240625 0.03046875 0.0359375
274 0.90234375 0.36953125 0.02578125 0.03203125
232 0.728125 0.71640625 0.0296875 0.03515625
623 0.85234375 0.71875 0.02734375 0.0359375
553 0.85859375 0.240625 0.03046875 0.04296875
567 0.859375 0.48984375 0.02890625 0.0359375
233 0.73046875 0.2328125 0.02421875 0.03359375
458 0.325 0.1765625 0.0265625 0.0375
297 0.9015625 0.4046875 0.028125 0.0328125
62 0.45703125 0.23984375 0.02578125 0.03984375
218 0.85703125 0.37890625 0.02734375 0.03046875
693 0.46171875 0.68125 0.03125 0.03203125
46 0.4578125 0.40625 0.02578125 0.03828125
667 0.771875 0.26953125 0.0265625 0.034375
421 0.46015625 0.4734375 0.02265625 0.03828125
687 0.60546875 0.2265625 0.02265625 0.03203125
667 0.86015625 0.19765625 0.02421875 0.03515625
601 0.6453125 0.25859375 0.02421875 0.03203125
340 0.28828125 0.83046875 0.0265625 0.04375
549 0.3328125 0.78984375 0.028125 0.03671875
150 0.19765625 0.3765625 0.02265625 0.0328125
687 0.603125 0.59609375 0.02421875 0.02734375
369 0.7671875 0.7078125 0.0265625 0.040625
24 0.846875 0.94140625 0.0265625 0.0328125
233 0.60625 0.19375 0.02265625 0.0296875
498 0.7296875 0.35703125 0.0265625 0.03359375
474 0.19609375 0.21484375 0.0296875 0.02578125
105 0.37265625 0.3171875 0.0234375 0.03046875
39 0.328125 0.55 0.0265625 0.03359375
672 0.68359375 0.884375 0.02265625 0.0375
456 0.809375 0.684375 0.0265625 0.02734375
81 0.64375 0.16171875 0.0203125 0.0328125
188 0.72421875 0.82265625 0.021875 0.03515625
667 0.8078125 0.81953125 0.028125 0.03125
695 0.375 0.3515625 0.02421875 0.03671875
276 0.73046875 0.19921875 0.02421875 0.03046875
601 0.196875 0.24453125 0.025 0.03203125
541 0.72734375 0.753125 0.02265625 0.0328125
454 0.33515625 0.90390625 0.02578125 0.0375
207 0.76484375 0.58515625 0.0203125 0.0328125
623 0.89921875 0.303125 0.02734375 0.03046875
62 0.41484375 0.2015625 0.02578125 0.03984375
428 0.68984375 0.32109375 0.02265625 0.03515625
470 0.7703125 0.3390625 0.025 0.03359375
401 0.728125 0.64765625 0.0234375 0.02734375
649 0.46015625 0.5078125 0.02421875 0.03203125
541 0.8125 0.6203125 0.02890625 0.0359375
649 0.196875 0.278125 0.02421875 0.02734375
460 0.896875 0.6265625 0.02421875 0.03203125
334 0.88984375 0.8953125 0.028125 0.0328125
675 0.2875 0.5203125 0.02421875 0.0359375
677 0.73203125 0.4875 0.02109375 0.0359375
702 0.6453125 0.19375 0.02421875 0.02890625
192 0.73203125 0.56171875 0.02421875 0.03671875
702 0.2421875 0.17109375 0.03125 0.03046875
139 0.24296875 0.20546875 0.028125 0.03203125
276 0.76953125 0.4484375 0.021875 0.03046875
226 0.89140625 0.86328125 0.02109375 0.03046875
132 0.8953125 0.65546875 0.025 0.025
261 0.2875 0.65234375 0.021875 0.0265625
119 0.41953125 0.53671875 0.02265625 0.02890625
467 0.4953125 0.29765625 0.02265625 0.03046875
515 0.73359375 0.525 0.02421875 0.03515625
146 0.325 0.2484375 0.02578125 0.0421875
698 0.725 0.78828125 0.02421875 0.03046875
208 0.4953125 0.65234375 0.021875 0.03359375
435 0.60703125 0.28828125 0.02109375 0.03359375
92 0.7625 0.8125 0.0203125 0.028125
192 0.56796875 0.49140625 0.02109375 0.0328125
68 0.4171875 0.51015625 0.02421875 0.025
8 0.46328125 0.6515625 0.02578125 0.02421875
163 0.68828125 0.21875 0.025 0.02578125
669 0.4546875 0.13671875 0.0265625 0.03203125
631 0.49609375 0.615625 0.021875 0.03359375
460 0.496875 0.3609375 0.0203125 0.02890625
464 0.2875 0.31171875 0.0296875 0.02890625
225 0.64609375 0.35078125 0.02265625 0.025
601 0.37421875 0.44765625 0.0265625 0.0359375
132 0.9015625 0.271875 0.02734375 0.025
467 0.89375 0.74453125 0.02109375 0.028125
160 0.2875 0.24296875 0.03203125 0.03515625
685 0.603125 0.6859375 0.021875 0.03203125
607 0.41328125 0.13828125 0.028125 0.0328125
637 0.56953125 0.45703125 0.01875 0.02890625
123 0.28125 0.1703125 0.028125 0.0296875
199 0.32734375 0.51796875 0.0265625 0.0296875
567 0.4953125 0.8125 0.0203125 0.028125
365 0.8140625 0.2984375 0.0203125 0.0265625
499 0.56640625 0.55078125 0.02109375 0.028125
501 0.56484375 0.58046875 0.01796875 0.0296875
397 0.89296875 0.80859375 0.0296875 0.0265625
526 0.765625 0.8921875 0.02265625 0.0265625
183 0.375 0.48125 0.028125 0.0265625
74 0.6875 0.640625 0.02421875 0.03203125
647 0.89765625 0.56328125 0.02109375 0.0296875
151 0.68828125 0.1265625 0.02578125 0.03046875
186 0.603125 0.65625 0.01875 0.0265625
626 0.2890625 0.34296875 0.034375 0.03359375
92 0.24609375 0.77421875 0.02421875 0.03359375
623 0.68828125 0.25 0.025 0.03203125
424 0.77421875 0.2 0.01875 0.02734375
477 0.28828125 0.4484375 0.02578125 0.02734375
287 0.49609375 0.89921875 0.02109375 0.0265625
592 0.240625 0.1421875 0.02421875 0.02734375
280 0.89921875 0.4625 0.01875 0.025
419 0.6796875 0.946875 0.0234375 0.02890625
611 0.859375 0.12734375 0.02109375 0.03046875
687 0.28828125 0.55390625 0.02578125 0.03359375
391 0.7625 0.86796875 0.0203125 0.01953125
538 0.88828125 0.95625 0.025 0.025
645 0.6 0.83671875 0.02578125 0.0265625
401 0.9109375 0.878125 0.01640625 0.03203125
