612 0.86171875 0.24140625 0.028125 0.040625
387 0.815625 0.38125 0.0265625 0.03984375
501 0.86640625 0.77421875 0.028125 0.03671875
601 0.77890625 0.82109375 0.02734375 0.03515625
195 0.8125 0.240625 0.03046875 0.02734375
175 0.81015625 0.20703125 0.0265625 0.0390625
243 0.32578125 0.3546875 0.03203125 0.0421875
456 0.86015625 0.2 0.028125 0.0359375
474 0.86328125 0.61015625 0.028125 0.0328125
215 0.86640625 0.81015625 0.025 0.03359375
276 0.6890625 0.775 0.02734375 0.03046875
44 0.32265625 0.28046875 0.025 0.03515625
470 0.8671875 0.8671875 0.02578125 0.028125
649 0.64296875 0.32421875 0.02890625 0.03046875
601 0.81875 0.56171875 0.02734375 0.03671875
601 0.64140625 0.7046875 0.02578125 0.03046875
612 0.41171875 0.371875 0.02890625 0.03515625
65 0.36796875 0.253125 0.0296875 0.0328125
233 0.64296875 0.4671875 0.02578125 0.03125
232 0.81875 0.45546875 0.0265625 0.03359375
163 0.6421875 0.290625 0.02421875 0.0328125
601 0.1515625 0.28203125 0.02578125 0.03515625
186 0.64296875 0.49921875 0.02421875 0.02578125
601 0.4515625 0.38828125 0.025 0.03359375
175 0.6875 0.5109375 0.02421875 0.034375
567 0.6890625 0.68046875 0.02421875 0.03046875
588 0.9046875 0.26328125 0.03046875 0.03046875
192 0.81328125 0.3078125 0.025 0.03515625
526 0.684375 0.4171875 0.0265625 0.0296875
182 0.86484375 0.73515625 0.02578125 0.03515625
338 0.77734375 0.56953125 0.02578125 0.03515625
467 0.8671875 0.925 0.02265625 0.02890625
79 0.321875 0.24140625 0.0265625 0.04140625
192 0.56640625 0.59375 0.02109375 0.03203125
73 0.19296875 0.47265625 0.03046875 0.0375
288 0.3796875 0.92265625 0.02890625 0.03359375
454 0.86796875 0.8953125 0.0265625 0.02734375
251 0.7328125 0.81953125 0.028125 0.028125
113 0.73359375 0.46328125 0.02734375 0.03671875
139 0.77109375 0.16953125 0.028125 0.03359375
662 0.859375 0.46015625 0.02109375 0.03203125
175 0.68828125 0.63984375 0.02578125 0.0421875
276 0.68203125 0.328125 0.02734375 0.028125
248 0.19453125 0.403125 0.028125 0.03671875
667 0.41953125 0.7203125 0.02578125 0.03203125
183 0.7734375 0.40234375 0.02421875 0.0265625
428 0.27890625 0.52890625 0.0265625 0.0390625
601 0.73828125 0.95078125 0.03125 0.03515625
243 0.159375 0.61796875 0.02421875 0.0375
344 0.49375 0.54765625 0.0234375 0.03359375
693 0.5609375 0.2625 0.02421875 0.02890625
561 0.4140625 0.4765625 0.02265625 0.0265625
105 0.23515625 0.47734375 0.0296875 0.03125
433 0.1578125 0.5796875 0.025 0.03203125
493 0.240625 0.68046875 0.02421875 0.0328125
411 0.490625 0.30859375 0.021875 0.03046875
334 0.23671875 0.540625 0.025 0.03203125
424 0.7296875 0.32109375 0.02421875 0.0296875
276 0.49375 0.5140625 0.0203125 0.03046875
232 0.49140625 0.365625 0.02109375 0.0296875
77 0.49140625 0.33671875 0.0234375 0.02578125
478 0.2359375 0.41640625 0.0234375 0.0359375
611 0.81796875 0.665625 0.02109375 0.0296875
702 0.5671875 0.70078125 0.02109375 0.02734375
601 0.6 0.33515625 0.025 0.02734375
434 0.49375 0.75703125 0.021875 0.03046875
455 0.73359375 0.853125 0.0234375 0.03515625
334 0.375 0.66953125 0.02734375 0.0265625
297 0.68359375 0.446875 0.025 0.03046875
654 0.56640625 0.7890625 0.01953125 0.03203125
92 0.40625 0.25 0.02421875 0.03125
192 0.85859375 0.1625 0.02578125 0.0359375
573 0.87109375 0.95703125 0.02734375 0.03359375
226 0.56171875 0.29921875 0.0203125 0.03671875
79 0.24609375 0.92421875 0.0265625 0.02890625
3 0.15234375 0.25 0.02734375 0.02734375
688 0.2359375 0.26328125 0.02734375 0.02890625
553 0.15 0.1890625 0.03046875 0.02734375
297 0.6890625 0.95625 0.0265625 0.0296875
636 0.859375 0.43046875 0.0203125 0.0265625
411 0.56484375 0.52265625 0.01953125 0.0328125
665 0.81875 0.596875 0.021875 0.0265625
424 0.8609375 0.4046875 0.021875 0.02734375
601 0.825 0.90625 0.02890625 0.0328125
77 0.725 0.1671875 0.0265625 0.028125
553 0.453125 0.4203125 0.02265625 0.02421875
248 0.15625 0.415625 0.02421875 0.0265625
310 0.4484375 0.21875 0.025 0.0328125
330 0.2046875 0.92734375 0.02421875 0.0265625
659 0.196875 0.7609375 0.02421875 0.02734375
146 0.31875 0.14765625 0.02421875 0.03203125
503 0.45078125 0.3234375 0.02265625 0.03203125
643 0.2359375 0.3234375 0.02578125 0.03203125
334 0.80859375 0.13515625 0.025 0.034375
573 0.18671875 0.23203125 0.02421875 0.03515625
276 0.56640625 0.72890625 0.01796875 0.028125
192 0.49375 0.609375 0.02109375 0.0359375
342 0.203125 0.96015625 0.02109375 0.03125
276 0.56171875 0.39609375 0.01953125 0.03046875
402 0.496875 0.84921875 0.01796875 0.03046875
151 0.86171875 0.3765625 0.028125 0.028125
601 0.15859375 0.54921875 0.02265625 0.028125
561 0.68046875 0.13984375 0.0265625 0.028125
232 0.48984375 0.14609375 0.02265625 0.03203125
44 0.59609375 0.1984375 0.02109375 0.0328125
87 0.45078125 0.25390625 0.02265625 0.03203125
393 0.14921875 0.2171875 0.02734375 0.03046875
657 0.7328125 0.57890625 0.02890625 0.028125
113 0.4953125 0.68671875 0.02109375 0.03359375
309 0.4484375 0.1828125 0.02109375 0.03671875
592 0.56328125 0.4609375 0.01953125 0.025
183 0.2359375 0.4484375 0.0234375 0.0265625
423 0.5953125 0.2328125 0.0171875 0.0296875
556 0.42109375 0.86640625 0.021875 0.03046875
391 0.48984375 0.1765625 0.0171875 0.0234375
327 0.45 0.28671875 0.0265625 0.03828125
324 0.56015625 0.19921875 0.01796875 0.03125
65 0.5703125 0.90546875 0.01953125 0.02421875
