324 0.190625 0.8890625 0.028125 0.03046875
460 0.87890625 0.84921875 0.02890625 0.0328125
605 0.878125 0.81640625 0.0265625 0.03203125
601 0.8328125 0.2265625 0.02578125 0.03515625
150 0.69921875 0.36953125 0.02421875 0.03671875
207 0.83046875 0.896875 0.0296875 0.0328125
702 0.8328125 0.85625 0.028125 0.04140625
334 0.19140625 0.78671875 0.03125 0.03671875
192 0.32109375 0.3859375 0.0265625 0.0390625
163 0.83125 0.39609375 0.02890625 0.03203125
646 0.2328125 0.5921875 0.02890625 0.03515625
139 0.878125 0.38359375 0.02734375 0.02890625
175 0.87734375 0.63203125 0.02734375 0.0390625
601 0.696875 0.62578125 0.028125 0.03828125
547 0.790625 0.446875 0.0296875 0.04453125
192 0.321875 0.24375 0.02421875 0.03828125
545 0.6984375 0.58671875 0.028125 0.0375
455 0.87734375 0.67265625 0.025 0.0359375
189 0.696875 0.5515625 0.0265625 0.02890625
414 0.40546875 0.85390625 0.0234375 0.03203125
192 0.40625 0.57578125 0.025 0.040625
695 0.18984375 0.85625 0.02578125 0.03203125
41 0.22890625 0.73203125 0.0265625 0.040625
540 0.18984375 0.82109375 0.02734375 0.03046875
601 0.3171875 0.7203125 0.025 0.034375
338 0.32265625 0.14296875 0.03046875 0.03671875
524 0.83125 0.81484375 0.0234375 0.03203125
275 0.1578125 0.38359375 0.025 0.03515625
363 0.78828125 0.12421875 0.03515625 0.0390625
188 0.4859375 0.58359375 0.021875 0.0375
514 0.23203125 0.86484375 0.0296875 0.0359375
332 0.234375 0.18671875 0.028125 0.03359375
226 0.4046875 0.65 0.0234375 0.03671875
408 0.2765625 0.6453125 0.0359375 0.0328125
276 0.696875 0.8046875 0.02890625 0.0328125
163 0.19609375 0.30625 0.0296875 0.03515625
428 0.23359375 0.2640625 0.025 0.03671875
645 0.27421875 0.315625 0.03125 0.03203125
334 0.32265625 0.1796875 0.02890625 0.0328125
665 0.32109375 0.34765625 0.025 0.03203125
428 0.190625 0.75234375 0.0265625 0.0359375
435 0.1921875 0.378125 0.021875 0.03515625
334 0.4078125 0.4546875 0.0328125 0.03046875
204 0.83125 0.15 0.02578125 0.03203125
310 0.8796875 0.4203125 0.02578125 0.03828125
567 0.4859375 0.40234375 0.02109375 0.03203125
616 0.190625 0.521875 0.02578125 0.03671875
302 0.74296875 0.2140625 0.0234375 0.0359375
667 0.4875 0.371875 0.02421875 0.0296875
673 0.40546875 0.7578125 0.02578125 0.04140625
347 0.19296875 0.61953125 0.02890625 0.03203125
401 0.36171875 0.40390625 0.02109375 0.025
595 0.1546875 0.4890625 0.03359375 0.03515625
153 0.696875 0.403125 0.02109375 0.03203125
80 0.16015625 0.2140625 0.0296875 0.028125
365 0.19453125 0.2734375 0.02734375 0.03046875
152 0.2765625 0.24609375 0.02578125 0.0265625
514 0.36328125 0.56953125 0.028125 0.03515625
567 0.40859375 0.42109375 0.0328125 0.0375
695 0.15234375 0.57890625 0.02421875 0.03515625
175 0.1921875 0.3421875 0.02265625 0.0359375
350 0.271875 0.84296875 0.03515625 0.034375
225 0.571875 0.4234375 0.0234375 0.040625
529 0.15703125 0.34765625 0.0203125 0.03671875
561 0.2296875 0.89921875 0.02265625 0.028125
561 0.44375 0.8828125 0.02109375 0.0265625
280 0.8796875 0.88125 0.0265625 0.02734375
601 0.35859375 0.92109375 0.02421875 0.0328125
340 0.61171875 0.33046875 0.02421875 0.04375
499 0.4046875 0.4875 0.025 0.0328125
241 0.7875 0.27109375 0.0328125 0.04375
645 0.78828125 0.3421875 0.0328125 0.03203125
183 0.15703125 0.415625 0.0234375 0.028125
248 0.875 0.26640625 0.0296875 0.0421875
175 0.6984375 0.290625 0.025 0.04140625
222 0.19296875 0.240625 0.021875 0.03515625
27 0.65 0.6734375 0.0265625 0.02578125
144 0.31953125 0.4234375 0.02265625 0.03125
175 0.64921875 0.73671875 0.02265625 0.04140625
175 0.190625 0.68515625 0.0234375 0.0328125
433 0.1890625 0.41328125 0.0203125 0.03125
424 0.65 0.5140625 0.02265625 0.0296875
340 0.6953125 0.12734375 0.0265625 0.04140625
601 0.7875 0.1625 0.03125 0.03515625
183 0.4875 0.43203125 0.0203125 0.02421875
553 0.19140625 0.71640625 0.03125 0.0296875
175 0.69375 0.8765625 0.02265625 0.03671875
435 0.2359375 0.14921875 0.02578125 0.0390625
189 0.8328125 0.63671875 0.02421875 0.03046875
553 0.78828125 0.19765625 0.02890625 0.02734375
665 0.696875 0.66015625 0.02265625 0.0265625
693 0.56953125 0.17578125 0.02265625 0.03203125
276 0.60859375 0.125 0.02578125 0.03046875
467 0.27421875 0.3765625 0.02578125 0.03359375
232 0.3640625 0.340625 0.02578125 0.03046875
565 0.61171875 0.2875 0.02421875 0.03828125
401 0.65078125 0.6421875 0.02421875 0.03359375
26 0.1546875 0.51796875 0.03046875 0.02578125
