321 0.83984375 0.77109375 0.0296875 0.03359375
454 0.796875 0.8765625 0.0265625 0.03359375
257 0.71328125 0.30234375 0.02890625 0.03359375
324 0.665625 0.68125 0.03359375 0.034375
474 0.67109375 0.22265625 0.0296875 0.0375
237 0.803125 0.69375 0.03046875 0.03203125
334 0.75546875 0.81953125 0.02890625 0.0359375
478 0.8078125 0.28515625 0.02734375 0.0375
227 0.67109375 0.43359375 0.03203125 0.03671875
192 0.75625 0.7109375 0.0265625 0.0328125
227 0.759375 0.671875 0.0296875 0.03671875
478 0.66484375 0.71953125 0.0265625 0.0359375
123 0.66484375 0.78828125 0.028125 0.03125
227 0.71640625 0.525 0.0328125 0.04140625
613 0.71640625 0.48515625 0.0296875 0.034375
175 0.71171875 0.6140625 0.02578125 0.040625
601 0.84609375 0.35625 0.028125 0.0390625
613 0.80546875 0.58359375 0.03203125 0.03359375
183 0.8015625 0.809375 0.0265625 0.02734375
613 0.67109375 0.39609375 0.03046875 0.034375
687 0.53671875 0.2484375 0.02421875 0.03359375
613 0.8484375 0.31953125 0.03046875 0.0328125
564 0.30234375 0.26171875 0.02734375 0.03671875
524 0.80859375 0.2140625 0.03203125 0.03203125
183 0.8046875 0.46484375 0.03125 0.0359375
289 0.66484375 0.64296875 0.0296875 0.040625
207 0.26171875 0.3 0.02734375 0.04140625
243 0.12890625 0.353125 0.028125 0.040625
545 0.303125 0.22265625 0.028125 0.0359375
526 0.575 0.6109375 0.028125 0.03359375
529 0.834375 0.83984375 0.025 0.03515625
411 0.30390625 0.359375 0.03203125 0.0359375
501 0.66875 0.32578125 0.0296875 0.03828125
192 0.75546875 0.5109375 0.0265625 0.03828125
113 0.753125 0.8609375 0.02890625 0.04140625
227 0.7140625 0.7546875 0.03671875 0.03984375
192 0.62265625 0.43203125 0.0265625 0.04140625
192 0.134375 0.65703125 0.02421875 0.03515625
192 0.71328125 0.265625 0.02421875 0.0390625
545 0.71484375 0.2234375 0.0265625 0.0375
649 0.715625 0.71484375 0.034375 0.0328125
276 0.13671875 0.8265625 0.0234375 0.03125
340 0.0953125 0.5203125 0.02734375 0.0453125
287 0.75859375 0.5765625 0.0296875 0.03046875
545 0.75546875 0.74765625 0.02421875 0.03515625
653 0.6671875 0.259375 0.02734375 0.03359375
545 0.75859375 0.3296875 0.0265625 0.03671875
276 0.66875 0.36171875 0.028125 0.03125
649 0.76328125 0.1765625 0.0296875 0.03046875
313 0.8359375 0.9421875 0.034375 0.03046875
545 0.8015625 0.73203125 0.02578125 0.0390625
152 0.621875 0.5484375 0.02890625 0.0359375
217 0.13828125 0.890625 0.02890625 0.03359375
304 0.1359375 0.69140625 0.0265625 0.0328125
702 0.09140625 0.2296875 0.02578125 0.0390625
60 0.08984375 0.19296875 0.02578125 0.0328125
210 0.70703125 0.828125 0.02421875 0.03515625
207 0.84609375 0.284375 0.02265625 0.0375
483 0.128125 0.42890625 0.02421875 0.0328125
561 0.8484375 0.2484375 0.02734375 0.0296875
340 0.7140625 0.3421875 0.02421875 0.0390625
649 0.17109375 0.28828125 0.028125 0.0421875
208 0.66796875 0.471875 0.02421875 0.03203125
687 0.31015625 0.75078125 0.028125 0.0390625
393 0.66953125 0.1453125 0.0296875 0.03515625
183 0.57578125 0.2953125 0.02421875 0.02734375
481 0.75703125 0.40625 0.034375 0.03515625
601 0.53125 0.81484375 0.021875 0.03203125
175 0.62265625 0.38984375 0.0265625 0.04296875
336 0.8359375 0.971875 0.028125 0.03046875
665 0.5375 0.3828125 0.021875 0.03203125
232 0.80078125 0.93828125 0.025 0.025
297 0.13671875 0.8578125 0.021875 0.03046875
183 0.846875 0.39296875 0.02421875 0.028125
312 0.53359375 0.65 0.021875 0.0328125
233 0.31015625 0.71328125 0.028125 0.03359375
611 0.53046875 0.71484375 0.02265625 0.028125
227 0.76015625 0.63515625 0.02890625 0.0328125
183 0.30390625 0.29375 0.02421875 0.028125
276 0.13203125 0.46328125 0.03515625 0.0359375
117 0.16875 0.2453125 0.02578125 0.04140625
687 0.2671875 0.83046875 0.02265625 0.03203125
207 0.0921875 0.47890625 0.02421875 0.0359375
232 0.56875 0.91640625 0.02421875 0.03203125
289 0.84375 0.56328125 0.02734375 0.0359375
248 0.13984375 0.7921875 0.025 0.02578125
539 0.6234375 0.35 0.03515625 0.03515625
207 0.575 0.18359375 0.02265625 0.03828125
693 0.66875 0.29140625 0.02578125 0.0265625
424 0.53515625 0.2125 0.01953125 0.0296875
97 0.80703125 0.18125 0.02421875 0.03203125
276 0.5671875 0.88359375 0.025 0.0296875
475 0.42890625 0.22890625 0.02265625 0.0359375
276 0.70703125 0.79296875 0.02421875 0.02890625
45 0.53515625 0.5515625 0.02265625 0.040625
365 0.0953125 0.5984375 0.01796875 0.03046875
601 0.38671875 0.153125 0.0265625 0.0328125
365 0.265625 0.62578125 0.02265625 0.03046875
183 0.39140625 0.2578125 0.02265625 0.03125
133 0.30546875 0.55859375 0.02109375 0.040625
90 0.83671875 0.875 0.01953125 0.028125
184 0.53359375 0.15 0.02109375 0.028125
689 0.7546875 0.4734375 0.02109375 0.0296875
123 0.34375 0.203125 0.02421875 0.03671875
424 0.4296875 0.4375 0.01875 0.03046875
453 0.43046875 0.70703125 0.0234375 0.03046875
27 0.496875 0.5421875 0.021875 0.0265625
454 0.496875 0.57421875 0.0203125 0.0328125
413 0.43046875 0.35625 0.02109375 0.028125
540 0.43046875 0.5734375 0.02109375 0.0296875
397 0.43203125 0.63828125 0.02109375 0.0328125
428 0.428125 0.29296875 0.02109375 0.028125
626 0.56875 0.85234375 0.02109375 0.028125
561 0.3125 0.903125 0.02265625 0.0359375
601 0.1265625 0.1625 0.021875 0.0375
545 0.4953125 0.76640625 0.02109375 0.02890625
506 0.50078125 0.23046875 0.01875 0.03515625
552 0.42890625 0.4109375 0.02109375 0.02421875
466 0.43046875 0.53984375 0.021875 0.0328125
689 0.575 0.54296875 0.02265625 0.0328125
153 0.76328125 0.21640625 0.03359375 0.0375
175 0.309375 0.965625 0.01953125 0.0375
649 0.0859375 0.1609375 0.01953125 0.028125
27 0.43359375 0.9296875 0.02421875 0.0265625
309 0.3109375 0.86171875 0.02734375 0.03828125
