496 0.7265625 0.459375 0.0296875 0.04140625
222 0.67734375 0.33515625 0.0296875 0.03671875
233 0.81015625 0.21953125 0.028125 0.0359375
601 0.690625 0.8375 0.02890625 0.0421875
220 0.68125 0.48046875 0.03046875 0.0390625
190 0.87578125 0.88515625 0.025 0.0375
677 0.6296875 0.3296875 0.028125 0.040625
276 0.81640625 0.4125 0.03203125 0.03515625
643 0.87265625 0.778125 0.02578125 0.03671875
454 0.7234375 0.31015625 0.02734375 0.03671875
125 0.76328125 0.15546875 0.02578125 0.04140625
667 0.2421875 0.621875 0.02734375 0.0359375
265 0.62734375 0.17265625 0.028125 0.03828125
526 0.8640625 0.49375 0.0265625 0.040625
604 0.81796875 0.48671875 0.02734375 0.0390625
188 0.72109375 0.1859375 0.02890625 0.04140625
649 0.67890625 0.40859375 0.028125 0.03515625
149 0.81796875 0.4484375 0.03125 0.0328125
212 0.72734375 0.49921875 0.02890625 0.0359375
340 0.2375 0.48046875 0.02734375 0.04140625
474 0.24609375 0.8421875 0.02421875 0.03828125
649 0.284375 0.51328125 0.028125 0.03515625
601 0.153125 0.3109375 0.0296875 0.0390625
456 0.675 0.21171875 0.02578125 0.03828125
470 0.62890625 0.41328125 0.0265625 0.034375
476 0.36484375 0.2578125 0.0265625 0.0359375
192 0.9078125 0.5296875 0.0296875 0.0359375
601 0.3359375 0.95625 0.028125 0.03671875
449 0.421875 0.7890625 0.0265625 0.04375
287 0.83203125 0.85234375 0.02890625 0.03203125
432 0.46484375 0.815625 0.025 0.02890625
227 0.8609375 0.45546875 0.0234375 0.0328125
155 0.32890625 0.65390625 0.02421875 0.03359375
702 0.9125 0.775 0.03125 0.03828125
243 0.821875 0.63203125 0.025 0.0421875
688 0.20234375 0.5984375 0.02578125 0.03828125
650 0.828125 0.7484375 0.025 0.03046875
495 0.28515625 0.9109375 0.02421875 0.0328125
80 0.72109375 0.27109375 0.025 0.040625
557 0.46171875 0.74296875 0.02265625 0.03828125
136 0.63671875 0.70078125 0.0265625 0.04375
601 0.91015625 0.73359375 0.02578125 0.0390625
204 0.9078125 0.571875 0.0265625 0.03828125
402 0.7296875 0.62109375 0.02578125 0.04375
393 0.20234375 0.56015625 0.028125 0.034375
109 0.37421875 0.559375 0.03125 0.034375
149 0.24921875 0.903125 0.02578125 0.02890625
343 0.4984375 0.76484375 0.0234375 0.03046875
309 0.24375 0.659375 0.02890625 0.03828125
404 0.63125 0.4484375 0.0296875 0.03203125
311 0.8640625 0.53671875 0.0234375 0.0421875
192 0.20390625 0.6359375 0.02578125 0.034375
695 0.490625 0.48046875 0.025 0.0296875
44 0.7671875 0.3078125 0.0265625 0.03671875
94 0.86796875 0.6953125 0.025 0.040625
379 0.8953125 0.178125 0.02578125 0.0328125
587 0.59140625 0.575 0.021875 0.03984375
183 0.828125 0.7828125 0.0234375 0.02890625
460 0.1921875 0.23984375 0.03203125 0.03671875
155 0.19609375 0.38046875 0.02734375 0.03671875
232 0.80859375 0.17890625 0.021875 0.040625
273 0.59921875 0.75 0.02421875 0.03359375
113 0.28671875 0.79921875 0.02890625 0.04453125
689 0.40625 0.2171875 0.02421875 0.03203125
196 0.3703125 0.3703125 0.02734375 0.03515625
674 0.853125 0.18515625 0.0203125 0.0328125
328 0.63984375 0.8734375 0.02421875 0.03359375
649 0.67578125 0.2546875 0.0265625 0.04140625
350 0.69140625 0.87734375 0.028125 0.02734375
485 0.86640625 0.57734375 0.02109375 0.03515625
397 0.3328125 0.91640625 0.021875 0.03671875
134 0.33125 0.84140625 0.0234375 0.03671875
475 0.87578125 0.84921875 0.02421875 0.03046875
561 0.86953125 0.7375 0.02421875 0.03671875
175 0.36484375 0.29609375 0.02265625 0.04140625
128 0.89609375 0.2140625 0.0265625 0.0265625
433 0.19453125 0.34296875 0.02578125 0.03515625
572 0.27890625 0.175 0.03359375 0.03515625
139 0.4609375 0.675 0.0265625 0.02734375
328 0.45546875 0.59765625 0.02421875 0.040625
601 0.3765625 0.94609375 0.02734375 0.040625
324 0.20703125 0.8390625 0.02109375 0.03671875
92 0.678125 0.3734375 0.02265625 0.0328125
689 0.73984375 0.9296875 0.0234375 0.03515625
404 0.28359375 0.54765625 0.02109375 0.03203125
458 0.48515625 0.25859375 0.0234375 0.04140625
192 0.32734375 0.6125 0.02421875 0.0421875
386 0.32265625 0.35625 0.02265625 0.040625
649 0.596875 0.7125 0.0234375 0.03359375
369 0.5859375 0.2234375 0.0234375 0.034375
574 0.20703125 0.73515625 0.0265625 0.03203125
470 0.278125 0.2546875 0.03125 0.0359375
125 0.37421875 0.76953125 0.02421875 0.03828125
623 0.5640625 0.81953125 0.021875 0.03671875
126 0.7609375 0.11328125 0.02421875 0.03671875
192 0.49375 0.5953125 0.02265625 0.0359375
657 0.32421875 0.31953125 0.0296875 0.03046875
123 0.37109375 0.41015625 0.021875 0.0390625
152 0.2078125 0.70390625 0.02578125 0.03203125
704 0.20703125 0.76796875 0.02265625 0.034375
474 0.77109375 0.35703125 0.03203125 0.053125
558 0.4953125 0.659375 0.02421875 0.034375
689 0.54765625 0.21484375 0.0203125 0.0390625
567 0.5546875 0.3609375 0.0234375 0.0328125
450 0.7359375 0.775 0.0203125 0.0359375
695 0.22734375 0.146875 0.02421875 0.03359375
183 0.15390625 0.34609375 0.0234375 0.02890625
470 0.9125 0.8125 0.02109375 0.02734375
365 0.90078125 0.4296875 0.02421875 0.03203125
447 0.27421875 0.1421875 0.0296875 0.03046875
474 0.73359375 0.73828125 0.02109375 0.03671875
404 0.190625 0.19453125 0.03203125 0.04765625
623 0.3734375 0.6484375 0.0296875 0.05
304 0.5453125 0.1421875 0.02109375 0.034375
545 0.15078125 0.26953125 0.02734375 0.0375
304 0.89921875 0.28828125 0.0296875 0.0390625
297 0.46640625 0.940625 0.03046875 0.03359375
541 0.48671875 0.41015625 0.02109375 0.034375
711 0.14921875 0.2328125 0.025 0.0328125
183 0.85 0.1109375 0.025 0.04140625
92 0.48359375 0.14453125 0.01875 0.03359375
393 0.325 0.39375 0.02578125 0.03359375
