387 0.428125 0.32578125 0.02890625 0.03828125
192 0.33515625 0.2484375 0.0265625 0.03984375
524 0.42890625 0.2265625 0.0265625 0.02734375
478 0.615625 0.5765625 0.028125 0.0328125
441 0.42265625 0.85078125 0.0265625 0.03515625
123 0.37890625 0.91484375 0.028125 0.03046875
674 0.1671875 0.6828125 0.02734375 0.0359375
113 0.8703125 0.33828125 0.034375 0.0375
623 0.42890625 0.259375 0.02734375 0.03671875
369 0.64921875 0.38359375 0.02421875 0.0296875
192 0.165625 0.64140625 0.028125 0.0390625
601 0.2859375 0.6890625 0.02421875 0.03984375
87 0.61484375 0.6671875 0.02421875 0.03046875
601 0.33203125 0.6671875 0.0265625 0.03515625
516 0.1671875 0.83046875 0.02734375 0.0375
269 0.16640625 0.72109375 0.028125 0.03046875
496 0.32890625 0.9265625 0.0265625 0.0328125
567 0.77890625 0.26328125 0.02578125 0.0390625
685 0.290625 0.25859375 0.02734375 0.0375
274 0.20859375 0.425 0.03125 0.03828125
327 0.7875 0.59765625 0.02578125 0.0296875
421 0.87734375 0.8015625 0.0234375 0.0390625
561 0.2890625 0.3984375 0.0265625 0.03203125
233 0.38046875 0.6375 0.025 0.03203125
222 0.33359375 0.62734375 0.02578125 0.0359375
276 0.50234375 0.5921875 0.02578125 0.0328125
275 0.7875 0.50234375 0.0265625 0.03671875
491 0.78984375 0.62890625 0.03203125 0.034375
685 0.33671875 0.2078125 0.02578125 0.03984375
664 0.73984375 0.28515625 0.03203125 0.03046875
126 0.578125 0.62421875 0.0265625 0.03125
601 0.69765625 0.51328125 0.02578125 0.0359375
60 0.1671875 0.41484375 0.0296875 0.034375
623 0.6484375 0.2765625 0.02734375 0.040625
55 0.33125 0.85 0.028125 0.04296875
558 0.6484375 0.3515625 0.021875 0.03203125
601 0.20625 0.7359375 0.0265625 0.0390625
265 0.64921875 0.2328125 0.028125 0.03359375
230 0.46796875 0.20234375 0.02578125 0.0328125
483 0.3296875 0.890625 0.028125 0.034375
183 0.653125 0.44609375 0.0265625 0.0265625
227 0.33984375 0.1671875 0.0359375 0.03671875
226 0.6234375 0.85859375 0.02265625 0.03359375
421 0.2875 0.5421875 0.025 0.04453125
39 0.2046875 0.5734375 0.0265625 0.03984375
102 0.8734375 0.55859375 0.0265625 0.03203125
497 0.57890625 0.684375 0.02109375 0.03046875
202 0.20625 0.4671875 0.028125 0.0375
360 0.20546875 0.8421875 0.03359375 0.03046875
514 0.20234375 0.91328125 0.02578125 0.03203125
601 0.50390625 0.6265625 0.025 0.034375
607 0.28671875 0.584375 0.028125 0.03359375
514 0.1671875 0.48671875 0.03046875 0.03359375
175 0.69375 0.39765625 0.02265625 0.03828125
567 0.37734375 0.78359375 0.0234375 0.03359375
653 0.68984375 0.2046875 0.02734375 0.03359375
74 0.378125 0.74765625 0.02421875 0.0328125
407 0.75234375 0.69609375 0.03828125 0.03515625
499 0.28984375 0.3640625 0.02421875 0.03046875
188 0.20625 0.69765625 0.0265625 0.040625
601 0.74140625 0.34921875 0.025 0.0328125
202 0.50546875 0.78984375 0.02421875 0.03515625
428 0.33515625 0.28828125 0.025 0.03671875
324 0.88125 0.8953125 0.03125 0.0328125
119 0.20546875 0.65625 0.02265625 0.0390625
227 0.69765625 0.471875 0.0328125 0.03828125
123 0.20703125 0.809375 0.0265625 0.0359375
192 0.58046875 0.8203125 0.0203125 0.03359375
645 0.3296875 0.96328125 0.021875 0.0359375
183 0.61640625 0.6078125 0.02421875 0.0265625
567 0.5 0.86875 0.0234375 0.0359375
648 0.4625 0.496875 0.02265625 0.03046875
187 0.4234375 0.8875 0.0234375 0.0328125
232 0.65859375 0.81484375 0.021875 0.03046875
673 0.91796875 0.66328125 0.02421875 0.03203125
424 0.28125 0.853125 0.028125 0.028125
474 0.24296875 0.6140625 0.0265625 0.03515625
601 0.50390625 0.72578125 0.02421875 0.03515625
470 0.7765625 0.2234375 0.02265625 0.0375
620 0.24375 0.53671875 0.02578125 0.03671875
183 0.7453125 0.5359375 0.0265625 0.03515625
404 0.61953125 0.8265625 0.02109375 0.0296875
411 0.4609375 0.62421875 0.021875 0.03359375
237 0.33359375 0.53046875 0.03515625 0.03359375
297 0.8765625 0.7625 0.0203125 0.03125
397 0.91328125 0.41953125 0.02265625 0.0359375
160 0.2421875 0.5765625 0.02265625 0.0359375
183 0.37734375 0.88515625 0.0234375 0.025
183 0.2078125 0.7734375 0.02578125 0.03203125
26 0.428125 0.29296875 0.021875 0.0265625
328 0.20234375 0.24375 0.02265625 0.0359375
209 0.2765625 0.9578125 0.0234375 0.0328125
645 0.24140625 0.821875 0.02421875 0.03515625
209 0.24609375 0.34765625 0.02421875 0.03828125
674 0.91640625 0.59765625 0.021875 0.0328125
394 0.57265625 0.33828125 0.02265625 0.03046875
183 0.24609375 0.38828125 0.02265625 0.0328125
183 0.2859375 0.72578125 0.0234375 0.03203125
232 0.6875 0.1671875 0.025 0.0328125
95 0.16875 0.940625 0.03125 0.03828125
538 0.16640625 0.90546875 0.02421875 0.03203125
592 0.865625 0.1515625 0.0234375 0.02421875
601 0.37578125 0.85390625 0.02265625 0.0359375
464 0.24453125 0.646875 0.03046875 0.02734375
665 0.74296875 0.3828125 0.02109375 0.028125
192 0.82109375 0.25859375 0.02734375 0.0359375
232 0.90859375 0.1828125 0.02265625 0.03359375
397 0.8703125 0.48828125 0.02109375 0.03515625
404 0.70859375 0.88046875 0.01953125 0.02890625
601 0.86484375 0.11796875 0.02421875 0.03671875
265 0.8734375 0.58984375 0.025 0.0296875
604 0.6078125 0.19375 0.02265625 0.02734375
175 0.42421875 0.6234375 0.025 0.040625
257 0.24921875 0.16953125 0.02421875 0.034375
538 0.79296875 0.83125 0.0203125 0.0296875
404 0.2046875 0.61484375 0.02265625 0.0375
276 0.50703125 0.2421875 0.021875 0.03671875
183 0.7046875 0.70234375 0.03046875 0.03671875
508 0.1671875 0.134375 0.0296875 0.0359375
183 0.7359375 0.16796875 0.02265625 0.04375
453 0.5046875 0.4484375 0.02109375 0.0296875
365 0.2890625 0.4640625 0.0296875 0.03203125
607 0.64609375 0.16875 0.02265625 0.0296875
603 0.16640625 0.1734375 0.021875 0.0390625
453 0.9125 0.34609375 0.02109375 0.03125
120 0.703125 0.7390625 0.02890625 0.03671875
365 0.90859375 0.215625 0.0203125 0.02734375
257 0.203125 0.9484375 0.025 0.03203125
673 0.64453125 0.13203125 0.02265625 0.0328125
623 0.86640625 0.2953125 0.02578125 0.03828125
183 0.6984375 0.54765625 0.0203125 0.0265625
209 0.81875 0.11640625 0.02421875 0.02734375
237 0.5078125 0.2046875 0.0203125 0.03046875
338 0.2484375 0.13203125 0.0234375 0.03515625
342 0.70234375 0.6125 0.02578125 0.0265625
524 0.7390625 0.25390625 0.02265625 0.0265625
243 0.81953125 0.1484375 0.02578125 0.0375
186 0.61171875 0.5109375 0.02109375 0.03125
529 0.62265625 0.88984375 0.01875 0.0265625
175 0.8734375 0.625 0.02265625 0.0390625
183 0.87734375 0.83203125 0.0203125 0.025
499 0.33203125 0.565625 0.0234375 0.0296875
397 0.5671875 0.15234375 0.021875 0.03828125
328 0.27734375 0.9234375 0.0203125 0.034375
214 0.74765625 0.6015625 0.02109375 0.0265625
558 0.2875 0.50078125 0.02109375 0.03828125
664 0.5078125 0.16796875 0.021875 0.04140625
645 0.921875 0.9234375 0.01953125 0.028125
592 0.56953125 0.1875 0.02265625 0.02734375
