378 0.31796875 0.35390625 0.03125 0.03828125
422 0.31328125 0.8296875 0.03671875 0.040625
441 0.31328125 0.71640625 0.03359375 0.03828125
444 0.22890625 0.2125 0.02890625 0.0359375
123 0.22734375 0.3546875 0.028125 0.03828125
341 0.31640625 0.2703125 0.028125 0.03828125
497 0.83828125 0.70625 0.028125 0.03671875
435 0.14140625 0.75625 0.028125 0.03515625
677 0.26796875 0.64375 0.02890625 0.040625
324 0.22578125 0.721875 0.03125 0.03359375
175 0.315625 0.3109375 0.02734375 0.04140625
397 0.359375 0.48203125 0.028125 0.0421875
601 0.453125 0.3765625 0.025 0.03515625
47 0.83984375 0.82109375 0.028125 0.03359375
113 0.7921875 0.4578125 0.0359375 0.03984375
431 0.41015625 0.36484375 0.03125 0.03359375
139 0.2703125 0.3328125 0.02890625 0.03046875
526 0.225 0.6203125 0.0265625 0.03515625
665 0.8796875 0.75234375 0.02890625 0.0328125
155 0.18203125 0.43359375 0.0265625 0.03515625
454 0.40390625 0.4875 0.02734375 0.04375
601 0.87890625 0.684375 0.02578125 0.034375
493 0.2703125 0.22734375 0.02890625 0.03203125
276 0.26328125 0.71796875 0.025 0.03671875
92 0.225 0.83359375 0.03515625 0.03828125
402 0.31015625 0.90625 0.0265625 0.0375
208 0.88125 0.7890625 0.02578125 0.0328125
192 0.22265625 0.54140625 0.02890625 0.03671875
361 0.83828125 0.8875 0.0265625 0.03359375
334 0.74609375 0.31015625 0.02890625 0.034375
615 0.83515625 0.49609375 0.0265625 0.0328125
653 0.82734375 0.2109375 0.0265625 0.0375
233 0.65703125 0.43046875 0.02421875 0.03203125
163 0.40390625 0.8609375 0.02265625 0.03046875
159 0.4046875 0.9390625 0.02265625 0.03359375
408 0.14453125 0.9515625 0.0328125 0.04140625
183 0.31640625 0.434375 0.02734375 0.03046875
209 0.13984375 0.63984375 0.02578125 0.03125
601 0.14375 0.25859375 0.025 0.03828125
613 0.79453125 0.49375 0.03125 0.03203125
667 0.13984375 0.60390625 0.0265625 0.0359375
696 0.790625 0.41484375 0.028125 0.03828125
297 0.3140625 0.23125 0.02734375 0.0359375
126 0.78515625 0.24375 0.0265625 0.0421875
155 0.65546875 0.396875 0.025 0.03046875
123 0.26640625 0.9375 0.0296875 0.028125
227 0.828125 0.1296875 0.03203125 0.0421875
192 0.221875 0.9421875 0.0234375 0.03671875
526 0.8328125 0.3609375 0.025 0.03203125
561 0.22265625 0.5 0.02578125 0.040625
170 0.65859375 0.46328125 0.0234375 0.0296875
316 0.87578125 0.3328125 0.0296875 0.03359375
397 0.221875 0.90390625 0.02265625 0.034375
114 0.70625 0.67421875 0.0203125 0.0359375
232 0.82578125 0.16953125 0.02734375 0.0359375
424 0.18046875 0.3984375 0.02265625 0.03203125
559 0.2234375 0.653125 0.0234375 0.025
692 0.57734375 0.38203125 0.0234375 0.03046875
430 0.36875 0.1765625 0.0296875 0.028125
163 0.4515625 0.2140625 0.0234375 0.0296875
74 0.79453125 0.77890625 0.02578125 0.03359375
657 0.79453125 0.86328125 0.02421875 0.028125
499 0.265625 0.9109375 0.0265625 0.025
540 0.6140625 0.36953125 0.025 0.03046875
163 0.79453125 0.74765625 0.025 0.02734375
437 0.45078125 0.24765625 0.021875 0.0328125
424 0.8796875 0.8875 0.0203125 0.028125
397 0.4515625 0.34140625 0.02265625 0.0328125
232 0.7984375 0.9234375 0.0265625 0.03046875
453 0.18046875 0.6390625 0.02265625 0.03203125
567 0.78359375 0.1640625 0.02421875 0.03828125
209 0.225 0.87109375 0.0328125 0.03125
183 0.8390625 0.63828125 0.02421875 0.0265625
365 0.140625 0.46875 0.0203125 0.0296875
183 0.1453125 0.29453125 0.02265625 0.02734375
592 0.7953125 0.5625 0.0265625 0.03046875
592 0.3140625 0.6109375 0.02421875 0.025
401 0.69765625 0.2390625 0.02265625 0.02578125
665 0.88046875 0.71796875 0.02265625 0.028125
574 0.78203125 0.128125 0.02734375 0.03203125
453 0.1453125 0.184375 0.02265625 0.03125
297 0.60859375 0.20078125 0.02265625 0.0328125
330 0.70390625 0.33828125 0.03046875 0.0296875
208 0.540625 0.26328125 0.02109375 0.040625
165 0.71171875 0.95 0.0328125 0.05078125
171 0.70390625 0.53125 0.0203125 0.03671875
681 0.74609375 0.34375 0.0234375 0.0296875
402 0.6984375 0.27109375 0.02265625 0.0359375
81 0.453125 0.14921875 0.025 0.0328125
412 0.4109375 0.28828125 0.02265625 0.03359375
113 0.83046875 0.2875 0.021875 0.03515625
412 0.45078125 0.28046875 0.01875 0.028125
113 0.8390625 0.95234375 0.02734375 0.0328125
460 0.4125 0.15390625 0.02421875 0.04140625
491 0.65859375 0.5703125 0.0296875 0.040625
120 0.74375 0.2421875 0.0203125 0.03046875
345 0.74453125 0.27421875 0.01953125 0.03046875
561 0.3140625 0.6421875 0.03515625 0.03203125
401 0.228125 0.14375 0.02109375 0.03046875
314 0.44921875 0.9015625 0.03046875 0.028125
453 0.45234375 0.78125 0.021875 0.02734375
687 0.48984375 0.32421875 0.01953125 0.03125
56 0.41171875 0.215625 0.028125 0.02734375
379 0.86953125 0.225 0.01953125 0.0296875
175 0.86796875 0.12421875 0.021875 0.03828125
567 0.48984375 0.43046875 0.02265625 0.03359375
649 0.44609375 0.85 0.02421875 0.03203125
139 0.490625 0.19609375 0.0203125 0.03046875
332 0.60859375 0.1390625 0.01953125 0.02578125
304 0.6953125 0.14140625 0.01796875 0.02734375
72 0.31015625 0.9765625 0.028125 0.0296875
