153 0.2984375 0.390625 0.028125 0.03984375
601 0.2953125 0.78515625 0.0265625 0.03515625
632 0.2953125 0.8546875 0.03125 0.03125
459 0.3875 0.80625 0.025 0.03671875
601 0.346875 0.65703125 0.0296875 0.034375
553 0.11875 0.4 0.0296875 0.03671875
192 0.34609375 0.621875 0.02734375 0.03671875
459 0.4328125 0.26640625 0.025 0.03515625
456 0.15703125 0.84609375 0.03125 0.0421875
350 0.30078125 0.3203125 0.03671875 0.03671875
191 0.1609375 0.72578125 0.0296875 0.03359375
456 0.1640625 0.2265625 0.02734375 0.03359375
192 0.6046875 0.29765625 0.02734375 0.0359375
73 0.34921875 0.38359375 0.025 0.0421875
421 0.77109375 0.32578125 0.0265625 0.03671875
334 0.7890625 0.91484375 0.03046875 0.0328125
183 0.29609375 0.82109375 0.025 0.0296875
243 0.8640625 0.53125 0.025 0.03671875
385 0.72890625 0.24921875 0.02578125 0.03671875
325 0.2046875 0.4640625 0.02421875 0.03828125
429 0.7765625 0.61875 0.025 0.03984375
75 0.56640625 0.325 0.021875 0.0328125
567 0.728125 0.20703125 0.0265625 0.04296875
322 0.20625 0.18984375 0.0265625 0.04375
344 0.56484375 0.19453125 0.02578125 0.0328125
272 0.73046875 0.28671875 0.03359375 0.0328125
254 0.4640625 0.8265625 0.02109375 0.03125
123 0.16484375 0.19140625 0.0265625 0.0359375
233 0.828125 0.64765625 0.02421875 0.03046875
454 0.296875 0.53828125 0.03125 0.034375
249 0.77578125 0.58046875 0.025 0.0421875
347 0.81796875 0.35859375 0.03125 0.0328125
434 0.87265625 0.9015625 0.0265625 0.034375
53 0.29375 0.715625 0.02734375 0.02578125
470 0.81640625 0.32421875 0.02578125 0.03203125
617 0.434375 0.23515625 0.025 0.0265625
680 0.47421875 0.221875 0.02265625 0.0328125
453 0.865625 0.628125 0.02421875 0.0296875
233 0.82421875 0.48828125 0.028125 0.0328125
192 0.76484375 0.171875 0.025 0.03671875
189 0.609375 0.5640625 0.0265625 0.0359375
526 0.20546875 0.2609375 0.025 0.02734375
119 0.390625 0.58671875 0.02890625 0.03046875
623 0.609375 0.48984375 0.02578125 0.03828125
209 0.828125 0.79765625 0.025 0.0421875
125 0.2078125 0.29765625 0.028125 0.0484375
24 0.73125 0.4203125 0.02421875 0.0359375
113 0.46875 0.61171875 0.02421875 0.02734375
114 0.46484375 0.79375 0.02265625 0.0359375
24 0.1203125 0.3640625 0.02265625 0.02890625
119 0.77109375 0.365625 0.02109375 0.0375
552 0.77421875 0.43359375 0.02578125 0.02734375
637 0.8578125 0.3390625 0.03359375 0.03203125
559 0.2046875 0.428125 0.021875 0.028125
491 0.82578125 0.590625 0.02890625 0.028125
232 0.16015625 0.665625 0.0234375 0.03046875
303 0.6828125 0.146875 0.0296875 0.0453125
474 0.66171875 0.95546875 0.02578125 0.04453125
196 0.61328125 0.66796875 0.025 0.03515625
298 0.60703125 0.425 0.025 0.028125
276 0.1609375 0.63046875 0.028125 0.034375
175 0.659375 0.80390625 0.0234375 0.0421875
601 0.6578125 0.759375 0.02265625 0.040625
91 0.43046875 0.79765625 0.025 0.02734375
423 0.2484375 0.28671875 0.0265625 0.0359375
276 0.82265625 0.52109375 0.02109375 0.03046875
385 0.85546875 0.3078125 0.025 0.03203125
419 0.46875 0.50703125 0.02109375 0.0375
657 0.1203125 0.43828125 0.02578125 0.03046875
23 0.82265625 0.425 0.03046875 0.02734375
592 0.12421875 0.19453125 0.02421875 0.03515625
537 0.6 0.18359375 0.02265625 0.03046875
191 0.7890625 0.88359375 0.02421875 0.0265625
126 0.73125 0.46171875 0.0265625 0.04375
313 0.81171875 0.13046875 0.03359375 0.03359375
592 0.475 0.19140625 0.02109375 0.0265625
192 0.61640625 0.80703125 0.02265625 0.03515625
616 0.81171875 0.1703125 0.02109375 0.03828125
428 0.25234375 0.20859375 0.02421875 0.03203125
132 0.2046875 0.228125 0.0265625 0.03515625
56 0.20390625 0.5328125 0.0296875 0.03046875
437 0.24921875 0.53671875 0.025 0.0359375
604 0.34609375 0.16796875 0.02265625 0.03828125
679 0.76484375 0.13046875 0.025 0.040625
285 0.82421875 0.55625 0.02109375 0.03671875
515 0.6609375 0.91796875 0.0234375 0.03046875
270 0.865625 0.65625 0.02109375 0.02890625
414 0.64921875 0.51484375 0.03203125 0.0265625
689 0.859375 0.4125 0.01953125 0.028125
423 0.46953125 0.58125 0.02109375 0.03203125
529 0.16484375 0.31796875 0.01953125 0.0296875
408 0.47421875 0.15625 0.02265625 0.040625
258 0.6484375 0.54296875 0.021875 0.02890625
91 0.390625 0.7125 0.02109375 0.028125
461 0.6171875 0.8984375 0.01953125 0.03515625
412 0.471875 0.365625 0.0265625 0.0453125
91 0.65390625 0.628125 0.025 0.0265625
672 0.65 0.5734375 0.02421875 0.03203125
626 0.61953125 0.96171875 0.025 0.0265625
37 0.2515625 0.1796875 0.01953125 0.02578125
111 0.85625 0.15 0.02734375 0.03125
