667 0.315625 0.54921875 0.0296875 0.03203125
156 0.4890625 0.7171875 0.02890625 0.0328125
175 0.31484375 0.5125 0.02421875 0.0390625
411 0.83828125 0.56484375 0.0265625 0.0328125
478 0.27109375 0.3 0.02578125 0.034375
613 0.3171875 0.47578125 0.028125 0.03125
60 0.878125 0.39375 0.028125 0.0296875
601 0.365625 0.25 0.025 0.03515625
265 0.91640625 0.21171875 0.0265625 0.0328125
177 0.18203125 0.821875 0.03046875 0.0359375
276 0.884375 0.9 0.02421875 0.03515625
558 0.83828125 0.4546875 0.02578125 0.0328125
567 0.35625 0.82578125 0.02734375 0.0421875
347 0.4921875 0.43125 0.028125 0.028125
623 0.8375 0.41640625 0.02734375 0.03828125
673 0.27265625 0.2265625 0.02578125 0.034375
368 0.4875 0.753125 0.025 0.03359375
598 0.83984375 0.6359375 0.028125 0.0359375
590 0.91640625 0.24453125 0.028125 0.03125
313 0.82734375 0.1765625 0.02734375 0.028125
649 0.2734375 0.1484375 0.03125 0.03515625
404 0.27109375 0.265625 0.02265625 0.0359375
601 0.6171875 0.21015625 0.02421875 0.0375
649 0.446875 0.8171875 0.02890625 0.03671875
470 0.8390625 0.528125 0.02421875 0.03515625
404 0.18984375 0.36328125 0.02265625 0.034375
526 0.31640625 0.17578125 0.0296875 0.0328125
105 0.69765625 0.165625 0.0296875 0.040625
601 0.628125 0.83671875 0.02265625 0.03515625
633 0.2296875 0.18671875 0.03515625 0.040625
123 0.78046875 0.14765625 0.028125 0.0359375
470 0.884375 0.8640625 0.0234375 0.03046875
567 0.45546875 0.27734375 0.02578125 0.03671875
601 0.44765625 0.66875 0.02421875 0.0421875
695 0.446875 0.62890625 0.02421875 0.03203125
183 0.2703125 0.33359375 0.02578125 0.0296875
276 0.88046875 0.5515625 0.02421875 0.0359375
649 0.365625 0.2140625 0.025 0.0328125
175 0.75546875 0.84453125 0.0265625 0.0453125
324 0.18359375 0.61796875 0.02734375 0.02734375
428 0.92734375 0.77265625 0.02421875 0.0296875
404 0.4046875 0.56328125 0.02109375 0.03125
74 0.92890625 0.80546875 0.02265625 0.0328125
385 0.71328125 0.76953125 0.02421875 0.0359375
454 0.6171875 0.31484375 0.02109375 0.0328125
232 0.1828125 0.92421875 0.0234375 0.03203125
689 0.83671875 0.38046875 0.02734375 0.0296875
531 0.353125 0.971875 0.028125 0.0390625
330 0.3171875 0.20859375 0.021875 0.03203125
183 0.61953125 0.24453125 0.02265625 0.028125
404 0.8859375 0.8265625 0.02109375 0.034375
183 0.35625 0.86171875 0.0234375 0.02734375
558 0.7046875 0.47890625 0.0234375 0.03515625
192 0.88359375 0.6875 0.021875 0.03671875
183 0.31328125 0.4109375 0.02890625 0.03515625
144 0.58359375 0.271875 0.021875 0.02890625
601 0.58984375 0.6828125 0.01953125 0.03125
460 0.4046875 0.528125 0.0234375 0.0375
665 0.75 0.4671875 0.02421875 0.02890625
248 0.40859375 0.421875 0.0296875 0.028125
183 0.35859375 0.5765625 0.0234375 0.02578125
371 0.83359375 0.31171875 0.02265625 0.0296875
24 0.4546875 0.3140625 0.02265625 0.03125
183 0.696875 0.2078125 0.02265625 0.034375
601 0.1796875 0.71953125 0.025 0.0265625
183 0.44609375 0.70546875 0.0234375 0.02890625
612 0.86953125 0.1953125 0.02421875 0.03515625
175 0.44375 0.89375 0.0234375 0.04453125
125 0.58828125 0.46328125 0.0234375 0.0390625
587 0.92265625 0.596875 0.028125 0.03671875
132 0.7375 0.159375 0.0234375 0.0359375
347 0.3625 0.43828125 0.0296875 0.0296875
123 0.65390625 0.18125 0.0265625 0.03671875
282 0.5265625 0.47421875 0.02421875 0.03203125
404 0.6953125 0.12578125 0.02265625 0.0390625
315 0.92265625 0.5609375 0.03203125 0.040625
423 0.26875 0.60703125 0.03125 0.0390625
432 0.48671875 0.859375 0.02265625 0.03046875
192 0.62421875 0.6140625 0.02109375 0.0390625
428 0.8703125 0.13515625 0.02109375 0.0296875
485 0.57890625 0.175 0.0171875 0.028125
453 0.51953125 0.9453125 0.01875 0.02734375
152 0.31171875 0.7125 0.02578125 0.0265625
54 0.41171875 0.18203125 0.02890625 0.0265625
637 0.22578125 0.359375 0.0265625 0.03203125
