304 0.25234375 0.328125 0.03125 0.03984375
434 0.79296875 0.2765625 0.03125 0.0359375
202 0.3890625 0.47734375 0.03125 0.03828125
233 0.209375 0.4 0.0265625 0.03359375
643 0.2546875 0.209375 0.0328125 0.03828125
618 0.16015625 0.86796875 0.02890625 0.028125
204 0.79140625 0.31484375 0.028125 0.03828125
276 0.11796875 0.8171875 0.03046875 0.0375
125 0.1609375 0.5421875 0.0265625 0.0421875
567 0.209375 0.33203125 0.0296875 0.03046875
685 0.303125 0.3125 0.028125 0.04140625
274 0.66484375 0.2875 0.0265625 0.03515625
232 0.1609375 0.615625 0.02421875 0.034375
192 0.8328125 0.2125 0.028125 0.03828125
96 0.87421875 0.2296875 0.0296875 0.03671875
491 0.8375 0.809375 0.0296875 0.03984375
106 0.4296875 0.51953125 0.028125 0.0421875
421 0.1234375 0.2828125 0.028125 0.034375
567 0.12265625 0.440625 0.0265625 0.02734375
34 0.12265625 0.6890625 0.03359375 0.0359375
428 0.1609375 0.5796875 0.02265625 0.03671875
515 0.66015625 0.21171875 0.028125 0.0328125
183 0.121875 0.46953125 0.02421875 0.0296875
178 0.83828125 0.6875 0.02578125 0.0359375
233 0.62421875 0.653125 0.0265625 0.03359375
183 0.16171875 0.503125 0.028125 0.028125
601 0.328125 0.91171875 0.02421875 0.03203125
428 0.70625 0.32890625 0.028125 0.0375
549 0.3890625 0.51796875 0.03125 0.03515625
702 0.1609375 0.6515625 0.0265625 0.02734375
623 0.87890625 0.51796875 0.025 0.03671875
623 0.7984375 0.79296875 0.02265625 0.03359375
192 0.16640625 0.159375 0.0234375 0.0359375
237 0.39140625 0.36171875 0.028125 0.034375
146 0.2015625 0.7546875 0.02421875 0.034375
335 0.8359375 0.4296875 0.02578125 0.04140625
196 0.8015625 0.88515625 0.0265625 0.028125
601 0.70625 0.55078125 0.025 0.0359375
192 0.83828125 0.76875 0.0234375 0.03671875
32 0.1203125 0.65234375 0.0328125 0.03671875
590 0.465625 0.846875 0.0234375 0.0328125
212 0.4234375 0.79375 0.02421875 0.03671875
428 0.65625 0.175 0.02265625 0.03671875
238 0.3484375 0.159375 0.0265625 0.0296875
46 0.746875 0.16796875 0.02421875 0.034375
611 0.121875 0.4109375 0.0234375 0.03046875
601 0.2109375 0.46640625 0.02578125 0.0359375
592 0.1234375 0.31328125 0.02421875 0.025
192 0.34609375 0.35859375 0.0265625 0.03046875
454 0.3296875 0.80859375 0.0203125 0.03515625
227 0.871875 0.12578125 0.028125 0.040625
595 0.58203125 0.259375 0.02578125 0.0296875
435 0.8 0.82890625 0.028125 0.0328125
7 0.7859375 0.1328125 0.03359375 0.03671875
322 0.11796875 0.94140625 0.02578125 0.04375
651 0.16015625 0.68203125 0.02421875 0.0296875
496 0.82734375 0.12734375 0.02421875 0.03359375
496 0.2078125 0.61640625 0.0265625 0.03359375
232 0.665625 0.36484375 0.02421875 0.034375
139 0.209375 0.3015625 0.02578125 0.028125
109 0.16015625 0.71015625 0.025 0.0296875
175 0.434375 0.175 0.02265625 0.040625
588 0.38203125 0.815625 0.028125 0.0296875
168 0.8390625 0.728125 0.0234375 0.0421875
92 0.1984375 0.81953125 0.03359375 0.03515625
549 0.1609375 0.7421875 0.025 0.0296875
613 0.7109375 0.4734375 0.02890625 0.03359375
26 0.62265625 0.40234375 0.028125 0.034375
189 0.46640625 0.75234375 0.0203125 0.0328125
144 0.790625 0.19921875 0.025 0.0296875
529 0.58046875 0.15078125 0.02265625 0.03828125
52 0.16171875 0.93046875 0.0296875 0.03359375
404 0.46640625 0.6609375 0.021875 0.03203125
192 0.2109375 0.16484375 0.025 0.0359375
264 0.165625 0.1234375 0.0265625 0.03359375
227 0.47421875 0.32578125 0.02421875 0.03828125
120 0.253125 0.2890625 0.0203125 0.03046875
412 0.5828125 0.4359375 0.02265625 0.025
470 0.753125 0.31875 0.03125 0.040625
495 0.25546875 0.16875 0.0234375 0.0390625
183 0.1984375 0.9484375 0.025 0.02734375
183 0.8359375 0.46328125 0.02421875 0.0265625
558 0.4296875 0.48046875 0.02265625 0.03203125
280 0.5828125 0.290625 0.02109375 0.028125
136 0.875 0.34296875 0.0265625 0.03515625
313 0.1265625 0.1203125 0.0265625 0.028125
433 0.46953125 0.5546875 0.02265625 0.03359375
170 0.7484375 0.2015625 0.0203125 0.03359375
411 0.20703125 0.58515625 0.02109375 0.0265625
474 0.4671875 0.71953125 0.02265625 0.0328125
592 0.21015625 0.49765625 0.02265625 0.02421875
346 0.70703125 0.58125 0.0234375 0.02421875
454 0.69921875 0.10546875 0.0234375 0.03515625
233 0.12578125 0.21640625 0.028125 0.03203125
279 0.87109375 0.19453125 0.01953125 0.03125
526 0.70859375 0.61171875 0.0296875 0.03515625
601 0.47421875 0.1859375 0.01875 0.034375
192 0.54140625 0.37578125 0.0234375 0.0375
368 0.434375 0.13828125 0.025 0.03203125
183 0.471875 0.46015625 0.0203125 0.025
529 0.621875 0.5640625 0.021875 0.03203125
431 0.87890625 0.55078125 0.0234375 0.02578125
614 0.78671875 0.1 0.02890625 0.0328125
529 0.65546875 0.1421875 0.01953125 0.028125
183 0.47421875 0.21796875 0.01953125 0.0265625
657 0.88125 0.57890625 0.02421875 0.02890625
175 0.625 0.9078125 0.02421875 0.03984375
553 0.34921875 0.1265625 0.0296875 0.0296875
649 0.8 0.9203125 0.0296875 0.04140625
