169 0.91640625 0.36796875 0.03984375 0.040625
282 0.86171875 0.47421875 0.03515625 0.04375
379 0.81875 0.509375 0.0375 0.03828125
227 0.9109375 0.4828125 0.0359375 0.0390625
137 0.62265625 0.32890625 0.03359375 0.04140625
486 0.8640625 0.43046875 0.03125 0.0359375
197 0.80625 0.78515625 0.0390625 0.03828125
687 0.8453125 0.8953125 0.034375 0.0359375
456 0.72109375 0.19375 0.03046875 0.03984375
242 0.1390625 0.82421875 0.028125 0.0359375
265 0.7203125 0.32265625 0.03203125 0.04140625
257 0.67890625 0.4125 0.02890625 0.0453125
641 0.6203125 0.28046875 0.0359375 0.04375
601 0.82734375 0.1125 0.03359375 0.04609375
264 0.8015625 0.96796875 0.0328125 0.04453125
265 0.9046875 0.7546875 0.03125 0.03828125
601 0.72421875 0.565625 0.03515625 0.04375
113 0.17734375 0.890625 0.028125 0.03359375
233 0.2171875 0.9296875 0.02734375 0.0359375
576 0.621875 0.375 0.0359375 0.0375
612 0.81640625 0.5890625 0.028125 0.04140625
477 0.2609375 0.8765625 0.03671875 0.0359375
634 0.228125 0.57265625 0.03984375 0.0421875
295 0.8703125 0.20703125 0.03046875 0.0390625
145 0.6765625 0.24609375 0.028125 0.03984375
347 0.21796875 0.8609375 0.03125 0.03125
257 0.67890625 0.16640625 0.03046875 0.04921875
183 0.82578125 0.15859375 0.02578125 0.03828125
96 0.56484375 0.91640625 0.03203125 0.0453125
514 0.18125 0.81484375 0.0265625 0.0390625
486 0.7703125 0.225 0.0390625 0.03984375
606 0.3640625 0.63203125 0.0296875 0.03828125
645 0.36328125 0.55625 0.03515625 0.03359375
441 0.72265625 0.11171875 0.03203125 0.04375
522 0.678125 0.3328125 0.028125 0.04140625
672 0.1421875 0.75625 0.0265625 0.02734375
212 0.31953125 0.31875 0.0296875 0.03671875
711 0.62421875 0.1921875 0.0296875 0.03984375
233 0.1890625 0.3859375 0.03203125 0.03359375
454 0.278125 0.28828125 0.03125 0.0390625
265 0.77578125 0.10546875 0.034375 0.046875
453 0.22265625 0.75390625 0.0265625 0.0328125
567 0.31796875 0.640625 0.03125 0.03359375
649 0.7203125 0.48515625 0.03203125 0.03671875
166 0.72421875 0.6109375 0.04296875 0.03671875
488 0.32265625 0.46484375 0.03671875 0.040625
433 0.565625 0.50078125 0.028125 0.0359375
183 0.15390625 0.28671875 0.025 0.0359375
322 0.40390625 0.59765625 0.0265625 0.03984375
611 0.275 0.3671875 0.0265625 0.0359375
613 0.478125 0.68359375 0.02421875 0.028125
222 0.15859375 0.18515625 0.02734375 0.03515625
119 0.3609375 0.7109375 0.0265625 0.040625
493 0.56640625 0.771875 0.0265625 0.0390625
601 0.1875 0.521875 0.02421875 0.03359375
482 0.19375 0.24921875 0.0265625 0.03359375
454 0.1921875 0.17890625 0.02578125 0.0359375
567 0.1453125 0.65234375 0.0234375 0.03671875
276 0.475 0.77421875 0.02265625 0.0296875
287 0.215625 0.96484375 0.03359375 0.0328125
79 0.9203125 0.2828125 0.03125 0.0359375
524 0.284375 0.2125 0.0265625 0.0328125
435 0.40234375 0.67734375 0.025 0.034375
280 0.23515625 0.31640625 0.02734375 0.03046875
243 0.8703125 0.06953125 0.034375 0.05234375
126 0.2296875 0.49375 0.02734375 0.0421875
426 0.565625 0.3234375 0.0296875 0.03828125
276 0.32265625 0.2453125 0.02421875 0.0390625
689 0.21796875 0.8265625 0.02109375 0.03203125
453 0.31953125 0.603125 0.02578125 0.03046875
540 0.46953125 0.86953125 0.025 0.03046875
276 0.22109375 0.68515625 0.02578125 0.03828125
567 0.32421875 0.28359375 0.025 0.0359375
453 0.321875 0.3890625 0.02578125 0.03203125
327 0.1578125 0.1453125 0.03203125 0.0453125
82 0.86875 0.27578125 0.0265625 0.025
687 0.7296875 0.959375 0.034375 0.04609375
588 0.37265625 0.24765625 0.028125 0.03515625
531 0.825 0.06953125 0.02890625 0.0359375
587 0.31875 0.53359375 0.03671875 0.03515625
196 0.48125 0.49375 0.02265625 0.03671875
94 0.15 0.53125 0.02421875 0.0453125
453 0.4015625 0.7828125 0.02734375 0.0375
567 0.30546875 0.9578125 0.0234375 0.03671875
24 0.47578125 0.7140625 0.02265625 0.02734375
637 0.196875 0.140625 0.02734375 0.034375
46 0.23984375 0.14921875 0.03203125 0.0484375
365 0.15625 0.40390625 0.0265625 0.03203125
227 0.49296875 0.23203125 0.02109375 0.03359375
163 0.26328125 0.78046875 0.02890625 0.028125
202 0.2578125 0.97421875 0.0265625 0.0328125
183 0.1875 0.5546875 0.02421875 0.028125
365 0.3734375 0.146875 0.021875 0.0296875
439 0.23671875 0.28671875 0.0296875 0.025
12 0.52109375 0.590625 0.028125 0.03515625
553 0.52109375 0.5140625 0.021875 0.03671875
423 0.5203125 0.47421875 0.025 0.03828125
155 0.49375 0.1703125 0.01953125 0.03203125
