435 0.31328125 0.3984375 0.02890625 0.03828125
408 0.1796875 0.79453125 0.0328125 0.0390625
379 0.14140625 0.6640625 0.0265625 0.03828125
696 0.446875 0.475 0.0296875 0.03828125
410 0.7578125 0.4484375 0.028125 0.040625
226 0.17890625 0.42265625 0.0265625 0.03671875
685 0.265625 0.5015625 0.0265625 0.0390625
299 0.1796875 0.38203125 0.02890625 0.0375
491 0.1421875 0.43359375 0.03203125 0.0359375
175 0.76015625 0.2265625 0.02421875 0.040625
60 0.75859375 0.409375 0.02890625 0.03515625
601 0.79921875 0.46796875 0.02421875 0.03515625
334 0.3578125 0.425 0.0296875 0.03828125
163 0.35390625 0.87109375 0.0296875 0.028125
183 0.3109375 0.8078125 0.0296875 0.04296875
369 0.5875 0.30234375 0.0234375 0.034375
274 0.2640625 0.725 0.028125 0.0375
464 0.228125 0.428125 0.03125 0.0421875
54 0.75390625 0.89375 0.028125 0.0359375
601 0.359375 0.58515625 0.025 0.0359375
421 0.3109375 0.84921875 0.03515625 0.0390625
482 0.265625 0.57421875 0.0234375 0.03359375
601 0.80078125 0.72265625 0.02734375 0.0390625
265 0.6265625 0.259375 0.02421875 0.0328125
297 0.22109375 0.634375 0.02734375 0.03984375
42 0.715625 0.51171875 0.021875 0.0359375
192 0.71328125 0.3375 0.02421875 0.0375
607 0.3578125 0.3546875 0.0265625 0.03359375
203 0.8 0.22890625 0.02421875 0.03515625
44 0.75390625 0.65 0.02421875 0.034375
421 0.18203125 0.49609375 0.0296875 0.04140625
437 0.625 0.325 0.025 0.03046875
508 0.31171875 0.61640625 0.0234375 0.03515625
233 0.7609375 0.190625 0.0265625 0.03046875
685 0.3109375 0.73359375 0.0265625 0.03984375
605 0.31328125 0.54921875 0.0265625 0.0390625
192 0.221875 0.85078125 0.02734375 0.03984375
232 0.71484375 0.3734375 0.02421875 0.0328125
601 0.26875 0.16484375 0.0265625 0.03828125
276 0.26015625 0.6875 0.0265625 0.03515625
613 0.8984375 0.23046875 0.03515625 0.03828125
192 0.48203125 0.33203125 0.025 0.03984375
208 0.85078125 0.43671875 0.02578125 0.0359375
561 0.79921875 0.259375 0.0234375 0.0296875
702 0.228125 0.13125 0.03359375 0.0359375
151 0.484375 0.41484375 0.02578125 0.040625
467 0.26875 0.3109375 0.02265625 0.03359375
702 0.140625 0.93984375 0.02734375 0.03828125
526 0.75546875 0.725 0.0265625 0.03984375
422 0.67109375 0.3640625 0.02421875 0.03203125
150 0.40234375 0.51796875 0.02109375 0.0390625
211 0.621875 0.57578125 0.025 0.028125
74 0.26640625 0.7640625 0.0265625 0.03515625
116 0.89296875 0.29765625 0.0265625 0.03515625
453 0.62578125 0.35625 0.0234375 0.02734375
657 0.31015625 0.88828125 0.0296875 0.0296875
558 0.3109375 0.28671875 0.0296875 0.0375
159 0.1796875 0.67421875 0.0234375 0.03671875
207 0.221875 0.809375 0.02265625 0.0390625
601 0.26953125 0.12734375 0.02890625 0.034375
315 0.58359375 0.86640625 0.0203125 0.03046875
443 0.715625 0.6484375 0.0296875 0.03046875
334 0.48359375 0.5265625 0.02890625 0.03359375
74 0.484375 0.646875 0.02109375 0.03359375
495 0.67109375 0.3328125 0.02265625 0.028125
573 0.2265625 0.346875 0.02265625 0.03828125
574 0.17734375 0.83359375 0.02421875 0.0328125
167 0.75234375 0.8609375 0.02421875 0.0296875
421 0.484375 0.68203125 0.02109375 0.03515625
188 0.48359375 0.78203125 0.02265625 0.0328125
673 0.6265625 0.22265625 0.0234375 0.03515625
166 0.1796875 0.63359375 0.0234375 0.03515625
175 0.8484375 0.25625 0.02265625 0.0390625
687 0.89296875 0.1578125 0.0234375 0.03203125
553 0.14140625 0.32734375 0.02578125 0.02734375
340 0.140625 0.62578125 0.021875 0.0375
454 0.7125 0.259375 0.02421875 0.03359375
183 0.625 0.4234375 0.01953125 0.0265625
91 0.71640625 0.2265625 0.02421875 0.028125
421 0.14140625 0.29609375 0.02734375 0.03359375
704 0.6734375 0.68203125 0.02421875 0.03359375
232 0.62109375 0.67265625 0.02109375 0.0328125
495 0.85 0.40234375 0.0203125 0.0296875
659 0.6671875 0.2328125 0.0234375 0.02578125
649 0.62421875 0.54609375 0.0234375 0.03203125
132 0.14140625 0.73125 0.0265625 0.0296875
702 0.35390625 0.12890625 0.025 0.03359375
648 0.2609375 0.8703125 0.02890625 0.03203125
638 0.75078125 0.7921875 0.0234375 0.03515625
65 0.4453125 0.546875 0.025 0.0296875
519 0.225 0.5546875 0.02734375 0.0375
424 0.26953125 0.23671875 0.021875 0.03125
526 0.8484375 0.17734375 0.02421875 0.0390625
495 0.22421875 0.5171875 0.0234375 0.0359375
666 0.7125 0.40703125 0.02109375 0.028125
597 0.1390625 0.90078125 0.02421875 0.03515625
470 0.17578125 0.93515625 0.0234375 0.04296875
73 0.80078125 0.82109375 0.03359375 0.03359375
329 0.4015625 0.2265625 0.021875 0.0328125
456 0.2265625 0.30625 0.0234375 0.04296875
412 0.44453125 0.51328125 0.01953125 0.0328125
51 0.55625 0.4828125 0.0203125 0.0296875
183 0.80078125 0.7546875 0.0203125 0.02421875
553 0.55390625 0.67578125 0.01953125 0.02734375
74 0.44296875 0.1328125 0.02265625 0.03359375
183 0.31328125 0.51484375 0.0265625 0.03046875
665 0.225 0.70625 0.02421875 0.02578125
192 0.55625 0.2046875 0.01953125 0.034375
612 0.79921875 0.428125 0.02734375 0.04296875
183 0.18203125 0.53125 0.0234375 0.028125
54 0.484375 0.7171875 0.0234375 0.03046875
433 0.26171875 0.90703125 0.0265625 0.0359375
385 0.5875 0.1359375 0.021875 0.03125
689 0.4015625 0.18515625 0.0234375 0.04140625
567 0.17890625 0.3171875 0.01953125 0.03515625
531 0.89375 0.2640625 0.021875 0.0296875
475 0.6234375 0.77734375 0.02421875 0.025
3 0.55390625 0.909375 0.02265625 0.02734375
672 0.8 0.85546875 0.0234375 0.0296875
363 0.8 0.2890625 0.02109375 0.03203125
424 0.2640625 0.94375 0.02109375 0.03359375
161 0.85 0.21640625 0.03125 0.03671875
659 0.625 0.12734375 0.025 0.02890625
