649 0.8515625 0.39140625 0.0296875 0.0359375
601 0.36796875 0.6453125 0.0265625 0.03515625
151 0.4140625 0.61640625 0.03125 0.034375
551 0.36875 0.4953125 0.02578125 0.0390625
623 0.3671875 0.6046875 0.028125 0.040625
409 0.415625 0.35 0.0265625 0.034375
573 0.85078125 0.68046875 0.0265625 0.040625
601 0.85078125 0.290625 0.0265625 0.0375
74 0.4546875 0.2453125 0.02421875 0.03359375
385 0.3671875 0.42265625 0.025 0.0359375
702 0.765625 0.2125 0.0265625 0.03359375
513 0.23828125 0.7921875 0.03046875 0.03359375
151 0.36875 0.21015625 0.02578125 0.0328125
334 0.8109375 0.63125 0.0375 0.03671875
601 0.6390625 0.3515625 0.021875 0.0375
74 0.37109375 0.2765625 0.025 0.0328125
433 0.76484375 0.25 0.02421875 0.03203125
711 0.4921875 0.71015625 0.02734375 0.0359375
456 0.19140625 0.21953125 0.028125 0.034375
276 0.2375 0.6171875 0.0265625 0.03515625
74 0.1921875 0.32421875 0.0265625 0.0328125
601 0.19140625 0.62890625 0.02578125 0.03515625
612 0.63828125 0.31484375 0.02265625 0.03359375
601 0.1546875 0.57578125 0.0265625 0.03359375
435 0.6046875 0.38125 0.021875 0.03203125
175 0.80546875 0.3515625 0.02421875 0.03984375
65 0.41640625 0.18984375 0.02734375 0.03515625
324 0.84921875 0.53203125 0.03359375 0.03671875
475 0.60703125 0.4828125 0.02265625 0.0296875
201 0.19140625 0.35859375 0.025 0.03359375
649 0.15703125 0.61171875 0.03125 0.03359375
334 0.853125 0.92265625 0.0375 0.0359375
438 0.32734375 0.275 0.02578125 0.03671875
601 0.60546875 0.68828125 0.02109375 0.0328125
276 0.63984375 0.45859375 0.02265625 0.03359375
192 0.60625 0.65234375 0.021875 0.03359375
687 0.68125 0.3609375 0.02421875 0.034375
74 0.36953125 0.38671875 0.02421875 0.034375
488 0.1546875 0.43203125 0.03125 0.03671875
348 0.63828125 0.584375 0.02109375 0.03828125
366 0.453125 0.2078125 0.02578125 0.04140625
543 0.1921875 0.8578125 0.0265625 0.040625
685 0.7671875 0.746875 0.0234375 0.03828125
649 0.7671875 0.3125 0.028125 0.02890625
543 0.15234375 0.19453125 0.02421875 0.03671875
276 0.60234375 0.81171875 0.021875 0.034375
652 0.81171875 0.83359375 0.0265625 0.03515625
601 0.4921875 0.45078125 0.02109375 0.0375
695 0.49296875 0.3484375 0.02109375 0.03359375
435 0.153125 0.3578125 0.02421875 0.0359375
192 0.85 0.21953125 0.025 0.03515625
60 0.7671875 0.44296875 0.02734375 0.0296875
183 0.15703125 0.8171875 0.02265625 0.03828125
192 0.36953125 0.8609375 0.02421875 0.04140625
558 0.28203125 0.18828125 0.028125 0.028125
92 0.76640625 0.709375 0.0234375 0.0328125
687 0.15546875 0.7765625 0.021875 0.0328125
175 0.23359375 0.90859375 0.02421875 0.04140625
126 0.6796875 0.2640625 0.01953125 0.03046875
435 0.1921875 0.5359375 0.02421875 0.03359375
192 0.23671875 0.75546875 0.02421875 0.034375
175 0.2390625 0.43203125 0.02109375 0.0390625
571 0.85 0.56953125 0.028125 0.0328125
82 0.57578125 0.4140625 0.021875 0.028125
449 0.45703125 0.47890625 0.03203125 0.028125
265 0.60625 0.77734375 0.0234375 0.03203125
250 0.41640625 0.653125 0.028125 0.0328125
108 0.8046875 0.21171875 0.0234375 0.03125
214 0.36953125 0.56640625 0.025 0.0296875
65 0.453125 0.5515625 0.0265625 0.02734375
175 0.76640625 0.88046875 0.02109375 0.0359375
123 0.19296875 0.69140625 0.03046875 0.03046875
90 0.6046875 0.45 0.01953125 0.028125
685 0.15703125 0.64765625 0.02109375 0.03515625
163 0.6796875 0.234375 0.021875 0.02578125
499 0.60390625 0.8453125 0.0203125 0.02734375
277 0.6375 0.1921875 0.02109375 0.034375
74 0.7671875 0.84921875 0.02109375 0.0265625
550 0.853125 0.8203125 0.02734375 0.02421875
232 0.57421875 0.325 0.01953125 0.034375
203 0.4140625 0.95625 0.0234375 0.03828125
648 0.33125 0.16796875 0.03203125 0.0359375
211 0.80625 0.1796875 0.0265625 0.02890625
443 0.15703125 0.91796875 0.0234375 0.0265625
499 0.2328125 0.95546875 0.0234375 0.046875
529 0.453125 0.8984375 0.0265625 0.03671875
313 0.89296875 0.24140625 0.025 0.025
280 0.36875 0.78203125 0.02265625 0.0296875
183 0.19140625 0.66171875 0.0234375 0.025
592 0.7671875 0.34140625 0.02109375 0.02578125
487 0.85234375 0.49609375 0.021875 0.0328125
192 0.721875 0.1890625 0.021875 0.04140625
60 0.7234375 0.25390625 0.03125 0.03046875
433 0.57578125 0.734375 0.01953125 0.0265625
183 0.765625 0.17890625 0.0234375 0.02734375
74 0.57421875 0.67109375 0.01796875 0.03203125
175 0.453125 0.93828125 0.021875 0.04140625
662 0.2390625 0.146875 0.021875 0.03671875
284 0.85078125 0.321875 0.02109375 0.0265625
74 0.57109375 0.20078125 0.01875 0.03046875
183 0.890625 0.2140625 0.0203125 0.02734375
423 0.2390625 0.18203125 0.02265625 0.03046875
435 0.76953125 0.921875 0.02265625 0.0359375
65 0.4140625 0.92109375 0.0265625 0.02421875
23 0.81015625 0.75 0.028125 0.025
435 0.571875 0.23359375 0.0171875 0.0328125
276 0.23828125 0.39375 0.02109375 0.03671875
474 0.8125 0.9265625 0.0265625 0.0375
139 0.6375 0.2515625 0.02109375 0.02421875
552 0.60390625 0.32109375 0.021875 0.021875
102 0.8125 0.88515625 0.03046875 0.0375
