233 0.57578125 0.3640625 0.025 0.03046875
441 0.865625 0.42578125 0.02734375 0.03671875
184 0.8640625 0.32734375 0.0328125 0.0359375
601 0.8640625 0.71484375 0.02734375 0.0359375
601 0.43515625 0.30078125 0.021875 0.0328125
658 0.77421875 0.36796875 0.028125 0.0328125
601 0.3046875 0.8140625 0.025 0.03828125
233 0.43359375 0.51640625 0.02421875 0.02890625
54 0.8203125 0.34375 0.02734375 0.0421875
573 0.859375 0.2953125 0.025 0.028125
687 0.43359375 0.2671875 0.021875 0.03203125
54 0.46484375 0.8046875 0.02265625 0.03359375
561 0.90234375 0.2828125 0.028125 0.03203125
488 0.31875 0.2140625 0.03359375 0.04296875
561 0.23515625 0.46875 0.02421875 0.03515625
313 0.303125 0.91953125 0.03359375 0.03515625
491 0.86484375 0.38984375 0.02890625 0.03125
208 0.2375 0.26015625 0.034375 0.040625
71 0.81953125 0.30546875 0.0296875 0.03125
89 0.390625 0.52421875 0.02578125 0.03203125
474 0.2734375 0.5984375 0.028125 0.03828125
486 0.46796875 0.3578125 0.0234375 0.0359375
632 0.86484375 0.52578125 0.02578125 0.03046875
518 0.26796875 0.7765625 0.02578125 0.0359375
665 0.23203125 0.75546875 0.025 0.03359375
689 0.81640625 0.38359375 0.021875 0.0359375
702 0.61015625 0.240625 0.021875 0.03203125
491 0.7359375 0.43515625 0.034375 0.0359375
192 0.27265625 0.51640625 0.02734375 0.040625
436 0.865625 0.8078125 0.0234375 0.0328125
74 0.23515625 0.50625 0.0234375 0.0359375
475 0.46953125 0.29765625 0.01953125 0.028125
265 0.43515625 0.234375 0.0234375 0.02734375
324 0.9046875 0.48046875 0.03125 0.03046875
601 0.9 0.34375 0.02421875 0.034375
567 0.85859375 0.2109375 0.02265625 0.0328125
411 0.86328125 0.5578125 0.02578125 0.0328125
601 0.73515625 0.809375 0.02421875 0.0328125
422 0.8171875 0.2734375 0.025 0.03203125
232 0.4671875 0.521875 0.02109375 0.03046875
524 0.27265625 0.6671875 0.02890625 0.03359375
688 0.38984375 0.55625 0.0234375 0.03125
623 0.30625 0.74140625 0.0234375 0.03671875
687 0.43125 0.5765625 0.0234375 0.03828125
670 0.73671875 0.83984375 0.028125 0.028125
525 0.9015625 0.62109375 0.025 0.02734375
113 0.26796875 0.92421875 0.02578125 0.03046875
171 0.4328125 0.36328125 0.02109375 0.03125
186 0.775 0.3328125 0.02109375 0.03125
495 0.46875 0.3265625 0.02109375 0.0265625
567 0.65 0.1921875 0.02890625 0.0328125
648 0.3046875 0.778125 0.02109375 0.02890625
368 0.465625 0.578125 0.02109375 0.03046875
435 0.43125 0.6109375 0.0234375 0.0296875
178 0.31484375 0.33359375 0.02265625 0.03359375
505 0.73515625 0.69375 0.0234375 0.03671875
378 0.496875 0.74765625 0.0203125 0.03046875
276 0.43125 0.48515625 0.02421875 0.03046875
649 0.6953125 0.81015625 0.028125 0.03359375
126 0.4328125 0.20234375 0.02109375 0.0328125
428 0.43046875 0.6703125 0.021875 0.02890625
470 0.57890625 0.7859375 0.02265625 0.028125
201 0.69453125 0.871875 0.025 0.0265625
232 0.39375 0.3515625 0.0265625 0.03125
184 0.23515625 0.54375 0.0234375 0.03515625
46 0.73203125 0.4703125 0.03359375 0.034375
499 0.23203125 0.790625 0.021875 0.0296875
475 0.390625 0.459375 0.02109375 0.03203125
224 0.728125 0.21640625 0.02109375 0.03359375
657 0.69609375 0.77890625 0.02578125 0.0265625
183 0.859375 0.240625 0.02265625 0.025
74 0.23515625 0.6484375 0.02421875 0.0328125
38 0.73515625 0.50546875 0.03125 0.0328125
675 0.9046875 0.85703125 0.02421875 0.0328125
276 0.23515625 0.68359375 0.02578125 0.03828125
475 0.57578125 0.55625 0.0203125 0.028125
347 0.69296875 0.525 0.0234375 0.03125
350 0.86484375 0.83828125 0.02890625 0.02734375
514 0.690625 0.4296875 0.0203125 0.0296875
208 0.90234375 0.58984375 0.02109375 0.03125
276 0.690625 0.27734375 0.0265625 0.03046875
428 0.775 0.203125 0.02421875 0.0328125
601 0.3890625 0.76015625 0.02578125 0.0296875
557 0.734375 0.65859375 0.02421875 0.03203125
24 0.64921875 0.22109375 0.02421875 0.02421875
132 0.57421875 0.22265625 0.01953125 0.0234375
495 0.90390625 0.64921875 0.02421875 0.02734375
243 0.3890625 0.61328125 0.021875 0.02734375
435 0.69609375 0.9046875 0.02265625 0.03359375
276 0.8578125 0.178125 0.01953125 0.02734375
526 0.859375 0.26875 0.02265625 0.025
274 0.496875 0.71796875 0.01875 0.0265625
435 0.81875 0.41953125 0.02421875 0.03671875
144 0.5765625 0.39375 0.021875 0.02578125
457 0.86328125 0.46328125 0.0203125 0.034375
467 0.77734375 0.4015625 0.025 0.0328125
677 0.39453125 0.3796875 0.02265625 0.02734375
154 0.73203125 0.3703125 0.02734375 0.0265625
467 0.77578125 0.2671875 0.021875 0.02890625
592 0.50078125 0.54765625 0.01796875 0.0234375
334 0.86328125 0.67734375 0.03125 0.0328125
601 0.49921875 0.521875 0.0171875 0.02734375
55 0.65 0.2859375 0.02265625 0.03359375
433 0.86328125 0.89921875 0.021875 0.0265625
370 0.73359375 0.53359375 0.03125 0.0296875
592 0.271875 0.634375 0.021875 0.02578125
649 0.609375 0.20859375 0.01875 0.028125
347 0.47265625 0.23359375 0.02421875 0.025
197 0.43515625 0.17109375 0.01953125 0.0265625
435 0.38671875 0.9203125 0.025 0.03046875
673 0.8984375 0.14765625 0.02109375 0.0296875
495 0.81796875 0.24296875 0.02734375 0.028125
570 0.6953125 0.48984375 0.03046875 0.03359375
347 0.3578125 0.16875 0.02265625 0.025
433 0.81328125 0.1484375 0.021875 0.028125
183 0.8640625 0.746875 0.02109375 0.025
703 0.35078125 0.5890625 0.02421875 0.03828125
414 0.38828125 0.7296875 0.0265625 0.028125
280 0.578125 0.8390625 0.01953125 0.0265625
