414 0.77734375 0.35546875 0.02734375 0.0296875
601 0.68828125 0.31015625 0.028125 0.03359375
601 0.73515625 0.3828125 0.02734375 0.03515625
513 0.86171875 0.3984375 0.03125 0.03359375
323 0.903125 0.40078125 0.0296875 0.03828125
478 0.609375 0.35078125 0.0234375 0.03046875
634 0.81875 0.34140625 0.0265625 0.03359375
324 0.82109375 0.71875 0.0265625 0.03125
196 0.778125 0.80859375 0.02421875 0.03359375
270 0.77578125 0.51953125 0.02421875 0.0328125
601 0.646875 0.8234375 0.02421875 0.0328125
567 0.18359375 0.728125 0.02421875 0.03359375
233 0.3375 0.31875 0.02421875 0.03359375
638 0.73125 0.221875 0.0265625 0.034375
233 0.82109375 0.75234375 0.028125 0.03203125
194 0.73359375 0.34921875 0.028125 0.028125
73 0.78046875 0.6484375 0.03046875 0.03203125
517 0.734375 0.73984375 0.02734375 0.02734375
703 0.77734375 0.29765625 0.02265625 0.02734375
113 0.7359375 0.70625 0.02578125 0.0359375
238 0.734375 0.83671875 0.0265625 0.034375
73 0.90078125 0.91015625 0.028125 0.0296875
222 0.78125 0.8453125 0.02421875 0.03359375
401 0.7359375 0.50625 0.03203125 0.03046875
526 0.33515625 0.42578125 0.0234375 0.0390625
670 0.81875 0.23984375 0.028125 0.02734375
233 0.3015625 0.3046875 0.02734375 0.0359375
433 0.41640625 0.30390625 0.021875 0.03046875
59 0.64765625 0.36015625 0.02734375 0.0328125
601 0.2171875 0.44296875 0.02578125 0.03671875
232 0.7328125 0.25546875 0.028125 0.03125
401 0.7375 0.44375 0.028125 0.03203125
74 0.82109375 0.85390625 0.02421875 0.03203125
601 0.37421875 0.40234375 0.02421875 0.03515625
369 0.365625 0.7765625 0.0265625 0.0359375
156 0.64609375 0.2296875 0.021875 0.03515625
502 0.64609375 0.3265625 0.02578125 0.03046875
74 0.89921875 0.7609375 0.02109375 0.03515625
460 0.37734375 0.3109375 0.025 0.03359375
338 0.778125 0.4828125 0.0234375 0.034375
612 0.18046875 0.6921875 0.02421875 0.034375
139 0.86171875 0.24296875 0.02578125 0.0296875
159 0.734375 0.90703125 0.03046875 0.02890625
634 0.64609375 0.66796875 0.02578125 0.034375
334 0.77890625 0.38515625 0.03515625 0.028125
634 0.903125 0.4375 0.02265625 0.034375
558 0.81953125 0.91796875 0.02421875 0.02734375
60 0.33984375 0.28359375 0.0296875 0.03203125
232 0.453125 0.41953125 0.021875 0.0328125
120 0.73515625 0.771875 0.025 0.03515625
501 0.6453125 0.565625 0.02890625 0.0296875
222 0.690625 0.61484375 0.02734375 0.034375
601 0.33984375 0.209375 0.02421875 0.03359375
672 0.4515625 0.5171875 0.02109375 0.03125
175 0.3359375 0.35546875 0.0234375 0.03828125
441 0.18359375 0.82890625 0.02734375 0.03671875
524 0.48671875 0.421875 0.021875 0.02890625
276 0.37578125 0.2140625 0.02421875 0.03046875
31 0.37265625 0.4640625 0.025 0.03046875
276 0.37734375 0.178125 0.02421875 0.034375
496 0.77578125 0.553125 0.0234375 0.03046875
689 0.64765625 0.59921875 0.021875 0.03203125
92 0.89765625 0.69375 0.02265625 0.0328125
18 0.60859375 0.49609375 0.02578125 0.02890625
324 0.37109375 0.52890625 0.0296875 0.03203125
276 0.77421875 0.265625 0.02421875 0.03125
404 0.41640625 0.27109375 0.02265625 0.0328125
322 0.18515625 0.2390625 0.0265625 0.0265625
680 0.89765625 0.84921875 0.01953125 0.028125
567 0.18359375 0.43515625 0.0265625 0.03125
409 0.18203125 0.590625 0.0234375 0.034375
467 0.82109375 0.46953125 0.02265625 0.0296875
634 0.81953125 0.9484375 0.0296875 0.03359375
310 0.81796875 0.78828125 0.021875 0.03203125
123 0.48515625 0.6203125 0.021875 0.0328125
567 0.6453125 0.7265625 0.0234375 0.028125
526 0.36484375 0.9046875 0.0265625 0.040625
208 0.21796875 0.7921875 0.0234375 0.03515625
324 0.8984375 0.65859375 0.0265625 0.03515625
495 0.4875 0.36171875 0.01875 0.028125
440 0.690625 0.49296875 0.03671875 0.028125
434 0.81875 0.43828125 0.02265625 0.0296875
711 0.48046875 0.7421875 0.01953125 0.03203125
191 0.21796875 0.66796875 0.02890625 0.0265625
208 0.64765625 0.53515625 0.021875 0.0328125
295 0.3265625 0.79140625 0.02578125 0.03671875
685 0.3671875 0.66953125 0.025 0.0390625
467 0.41171875 0.46953125 0.01953125 0.03046875
422 0.81953125 0.403125 0.02265625 0.03046875
297 0.41171875 0.5015625 0.02265625 0.02890625
191 0.184375 0.528125 0.028125 0.02890625
514 0.21796875 0.6984375 0.02578125 0.03125
433 0.365625 0.81015625 0.02421875 0.028125
516 0.21953125 0.40234375 0.0328125 0.04140625
475 0.9015625 0.2359375 0.02578125 0.02734375
541 0.734375 0.9390625 0.02265625 0.03359375
150 0.60859375 0.58671875 0.02265625 0.0328125
79 0.184375 0.49453125 0.028125 0.03515625
292 0.60859375 0.68671875 0.025 0.02734375
232 0.36875 0.5609375 0.02421875 0.0328125
588 0.21796875 0.7609375 0.02265625 0.025
592 0.64453125 0.6984375 0.02421875 0.025
400 0.64765625 0.39140625 0.025 0.025
495 0.60546875 0.80859375 0.01953125 0.02734375
702 0.36953125 0.62890625 0.03203125 0.040625
632 0.21796875 0.60546875 0.0265625 0.028125
657 0.48515625 0.5078125 0.02265625 0.02734375
428 0.41796875 0.2390625 0.02109375 0.03046875
324 0.30078125 0.26796875 0.02890625 0.03046875
324 0.48515625 0.55859375 0.02109375 0.028125
192 0.6453125 0.19140625 0.021875 0.03671875
521 0.325 0.8296875 0.0234375 0.03671875
369 0.69296875 0.6515625 0.034375 0.03515625
689 0.259375 0.33046875 0.02109375 0.03046875
183 0.22265625 0.2109375 0.02421875 0.0265625
573 0.21484375 0.8546875 0.02578125 0.02890625
592 0.73671875 0.41484375 0.02265625 0.02734375
175 0.778125 0.9453125 0.02265625 0.0390625
183 0.32890625 0.66484375 0.0234375 0.028125
421 0.49140625 0.215625 0.021875 0.02734375
428 0.22265625 0.3015625 0.02578125 0.03671875
232 0.30078125 0.2359375 0.02265625 0.03125
592 0.30234375 0.17421875 0.021875 0.02734375
414 0.61015625 0.7109375 0.02890625 0.02734375
428 0.259375 0.26953125 0.01953125 0.0328125
605 0.48046875 0.80234375 0.0203125 0.03828125
481 0.4890625 0.26875 0.02109375 0.028125
561 0.775 0.203125 0.02890625 0.02890625
674 0.41796875 0.21171875 0.01796875 0.025
702 0.2625 0.2140625 0.0296875 0.02734375
592 0.77265625 0.178125 0.01796875 0.02734375
699 0.69296875 0.68359375 0.03125 0.028125
553 0.02109375 0.50234375 0.03125 0.0375
414 0.02265625 0.5390625 0.0296875 0.03203125
