191 0.21875 0.78828125 0.028125 0.03828125
567 0.18359375 0.7875 0.02734375 0.03359375
181 0.26015625 0.57578125 0.0296875 0.04140625
649 0.15078125 0.3859375 0.03125 0.0390625
516 0.61640625 0.76484375 0.02734375 0.0328125
507 0.22109375 0.43671875 0.02578125 0.040625
601 0.184375 0.46484375 0.03203125 0.03515625
233 0.70859375 0.365625 0.0296875 0.03203125
303 0.2203125 0.871875 0.03125 0.04296875
435 0.221875 0.2984375 0.02578125 0.03828125
232 0.221875 0.6796875 0.03046875 0.03359375
607 0.21875 0.75078125 0.02734375 0.03125
601 0.15 0.459375 0.0265625 0.03671875
481 0.86640625 0.7734375 0.02734375 0.03125
209 0.7484375 0.53828125 0.0296875 0.03203125
227 0.66796875 0.25625 0.03125 0.0328125
275 0.26171875 0.7171875 0.028125 0.0328125
229 0.34609375 0.30078125 0.0234375 0.03359375
334 0.259375 0.8578125 0.03125 0.0328125
664 0.42421875 0.5765625 0.0265625 0.028125
334 0.15 0.4234375 0.028125 0.03359375
192 0.871875 0.28203125 0.0234375 0.03359375
699 0.86953125 0.49765625 0.0234375 0.0328125
209 0.66328125 0.22265625 0.02265625 0.0296875
335 0.86875 0.38046875 0.0265625 0.03203125
324 0.15234375 0.55859375 0.028125 0.03125
60 0.78984375 0.18515625 0.028125 0.028125
232 0.8640625 0.80625 0.02109375 0.03125
673 0.428125 0.27890625 0.0234375 0.03046875
433 0.7859375 0.54375 0.0265625 0.03046875
654 0.66328125 0.3296875 0.02421875 0.02890625
680 0.74765625 0.42421875 0.02421875 0.03046875
495 0.34609375 0.36328125 0.02578125 0.0328125
526 0.42734375 0.3125 0.02265625 0.0328125
232 0.74609375 0.778125 0.02421875 0.0328125
123 0.578125 0.7 0.02421875 0.0328125
470 0.7875 0.27578125 0.0234375 0.03046875
153 0.42421875 0.63046875 0.02265625 0.03359375
433 0.18203125 0.721875 0.025 0.03046875
421 0.8671875 0.659375 0.02734375 0.0296875
677 0.265625 0.2296875 0.02421875 0.03671875
304 0.34609375 0.40078125 0.02890625 0.0359375
601 0.7859375 0.63828125 0.0234375 0.034375
227 0.22421875 0.3953125 0.034375 0.0390625
702 0.2640625 0.15546875 0.0296875 0.03984375
63 0.784375 0.7328125 0.02890625 0.03359375
673 0.7484375 0.3359375 0.0234375 0.03203125
567 0.2234375 0.19140625 0.0234375 0.04140625
211 0.7484375 0.48046875 0.028125 0.0265625
175 0.621875 0.29765625 0.02109375 0.03828125
175 0.66328125 0.29375 0.02109375 0.0390625
601 0.7484375 0.1875 0.02578125 0.03359375
108 0.1515625 0.68828125 0.02109375 0.028125
342 0.34609375 0.61015625 0.02109375 0.03125
567 0.8703125 0.53125 0.02265625 0.03203125
529 0.74296875 0.8484375 0.021875 0.03359375
567 0.26015625 0.434375 0.0265625 0.0296875
312 0.17578125 0.26171875 0.02265625 0.0359375
611 0.15 0.83046875 0.01953125 0.02890625
175 0.42265625 0.5421875 0.021875 0.0359375
324 0.74765625 0.30625 0.0265625 0.02734375
131 0.46484375 0.3109375 0.02265625 0.0296875
297 0.4609375 0.665625 0.0265625 0.0328125
411 0.7890625 0.42734375 0.02421875 0.03203125
638 0.746875 0.50859375 0.02265625 0.03046875
657 0.74609375 0.70625 0.02578125 0.02578125
541 0.18671875 0.49921875 0.03125 0.0328125
202 0.5828125 0.36640625 0.02265625 0.03046875
513 0.78984375 0.15390625 0.0265625 0.03046875
338 0.7453125 0.24296875 0.02578125 0.02734375
152 0.58203125 0.428125 0.02109375 0.028125
527 0.38671875 0.1953125 0.02421875 0.03203125
132 0.62265625 0.19609375 0.021875 0.03125
187 0.86875 0.62265625 0.0234375 0.0390625
175 0.58046875 0.4609375 0.0234375 0.03671875
154 0.74609375 0.64140625 0.02421875 0.02890625
151 0.7875 0.66875 0.02109375 0.02421875
343 0.7828125 0.76328125 0.025 0.0296875
132 0.865625 0.7453125 0.0203125 0.025
601 0.465625 0.340625 0.02109375 0.03046875
175 0.57421875 0.7703125 0.0203125 0.03359375
237 0.2609375 0.6828125 0.028125 0.03046875
232 0.709375 0.403125 0.028125 0.0390625
672 0.22265625 0.15078125 0.02421875 0.03828125
467 0.3875 0.228125 0.01953125 0.03046875
629 0.2625 0.36953125 0.01953125 0.03125
183 0.86953125 0.559375 0.021875 0.0234375
132 0.7875 0.39921875 0.021875 0.025
175 0.46171875 0.54609375 0.02265625 0.034375
437 0.8328125 0.2125 0.0203125 0.03046875
166 0.3015625 0.25078125 0.02421875 0.02421875
417 0.86328125 0.896875 0.0296875 0.03359375
460 0.78671875 0.571875 0.021875 0.03046875
541 0.55 0.1734375 0.01796875 0.03046875
548 0.74921875 0.15546875 0.02578125 0.028125
183 0.74765625 0.215625 0.02109375 0.021875
339 0.784375 0.85078125 0.0265625 0.02421875
