334 0.46640625 0.22109375 0.0296875 0.0328125
632 0.1875 0.3453125 0.0265625 0.0359375
150 0.8703125 0.565625 0.0265625 0.03203125
202 0.7015625 0.35625 0.02578125 0.0328125
526 0.78671875 0.22109375 0.0265625 0.03671875
202 0.340625 0.58046875 0.02578125 0.028125
192 0.384375 0.21484375 0.0265625 0.0359375
39 0.74296875 0.7328125 0.02265625 0.034375
156 0.38125 0.59375 0.0328125 0.034375
564 0.6640625 0.2453125 0.0265625 0.02890625
175 0.384375 0.284375 0.02421875 0.03984375
233 0.184375 0.65390625 0.02265625 0.03046875
704 0.74609375 0.31484375 0.021875 0.02890625
313 0.7828125 0.84453125 0.03359375 0.0328125
218 0.21875 0.659375 0.0234375 0.03046875
24 0.86875 0.6 0.02421875 0.0328125
175 0.86953125 0.4640625 0.0265625 0.0390625
257 0.34140625 0.315625 0.0234375 0.0296875
334 0.87265625 0.39140625 0.03046875 0.03203125
259 0.8296875 0.25078125 0.0265625 0.028125
233 0.1859375 0.78203125 0.0234375 0.02890625
233 0.21953125 0.8125 0.0234375 0.03125
379 0.61796875 0.8015625 0.025 0.03359375
677 0.90625 0.6609375 0.02890625 0.03203125
470 0.21875 0.47578125 0.0203125 0.028125
464 0.78828125 0.153125 0.02890625 0.0328125
459 0.58671875 0.39140625 0.021875 0.03203125
567 0.1875 0.2828125 0.021875 0.03203125
331 0.4640625 0.43515625 0.0265625 0.02578125
513 0.1859375 0.4140625 0.02578125 0.0328125
460 0.2578125 0.38203125 0.0203125 0.0328125
232 0.5 0.421875 0.021875 0.0296875
207 0.21640625 0.56640625 0.0234375 0.0328125
276 0.86875 0.428125 0.02265625 0.03359375
324 0.18515625 0.44609375 0.02421875 0.028125
232 0.1859375 0.68515625 0.02265625 0.0328125
226 0.25546875 0.79765625 0.02265625 0.0328125
567 0.5015625 0.5234375 0.02265625 0.0359375
685 0.37734375 0.70234375 0.02421875 0.03671875
316 0.3015625 0.390625 0.02890625 0.028125
356 0.21796875 0.84375 0.01875 0.028125
232 0.38046875 0.453125 0.02421875 0.0328125
526 0.90546875 0.84140625 0.02890625 0.03046875
276 0.3796875 0.4890625 0.025 0.0359375
212 0.62265625 0.28359375 0.02109375 0.03203125
433 0.78515625 0.31875 0.0234375 0.02890625
540 0.18515625 0.38046875 0.02109375 0.03203125
470 0.7421875 0.6984375 0.0203125 0.0328125
431 0.58125 0.89140625 0.028125 0.03125
327 0.578125 0.8234375 0.0203125 0.02890625
232 0.3765625 0.7390625 0.02421875 0.0359375
232 0.21640625 0.596875 0.02109375 0.028125
601 0.90859375 0.1859375 0.02109375 0.0359375
178 0.2578125 0.44140625 0.021875 0.0296875
92 0.184375 0.47890625 0.0203125 0.0328125
513 0.30234375 0.2765625 0.021875 0.0265625
419 0.49921875 0.7078125 0.0203125 0.03203125
139 0.90859375 0.690625 0.02578125 0.028125
601 0.26328125 0.18828125 0.0234375 0.028125
65 0.3796875 0.56171875 0.02734375 0.02578125
276 0.90546875 0.72421875 0.02578125 0.03359375
175 0.9078125 0.59453125 0.02109375 0.03515625
170 0.78359375 0.6484375 0.02421875 0.0265625
428 0.90859375 0.940625 0.02421875 0.03828125
330 0.78359375 0.52265625 0.02109375 0.03125
183 0.6203125 0.6453125 0.02109375 0.025
334 0.21875 0.690625 0.02734375 0.03125
92 0.78359375 0.7796875 0.02109375 0.03203125
139 0.746875 0.1734375 0.02421875 0.028125
65 0.61953125 0.4859375 0.02578125 0.02421875
424 0.1859375 0.56640625 0.02421875 0.025
347 0.21875 0.87421875 0.0234375 0.028125
588 0.784375 0.4125 0.025 0.03671875
365 0.86953125 0.63125 0.01953125 0.02890625
183 0.18828125 0.31484375 0.0203125 0.025
149 0.65703125 0.928125 0.02578125 0.03515625
65 0.38203125 0.36015625 0.025 0.02421875
315 0.25546875 0.6234375 0.0234375 0.03046875
12 0.7453125 0.56171875 0.0234375 0.025
709 0.18515625 0.7515625 0.01953125 0.03203125
470 0.26015625 0.28046875 0.01953125 0.03125
226 0.70078125 0.28515625 0.0234375 0.03125
150 0.62265625 0.21328125 0.01953125 0.03203125
324 0.25625 0.7046875 0.02421875 0.028125
566 0.2203125 0.1890625 0.01875 0.02890625
65 0.3421875 0.28671875 0.0234375 0.02421875
65 0.7453125 0.34140625 0.0203125 0.025
422 0.18515625 0.534375 0.02265625 0.0328125
470 0.91015625 0.2671875 0.02578125 0.02734375
561 0.74296875 0.7671875 0.0234375 0.034375
189 0.9078125 0.81015625 0.02421875 0.028125
123 0.91015625 0.240625 0.0203125 0.0265625
475 0.34296875 0.4109375 0.0234375 0.02421875
48 0.5828125 0.71328125 0.0234375 0.02421875
212 0.8703125 0.27265625 0.02265625 0.025
404 0.90859375 0.46953125 0.02109375 0.03046875
126 0.90390625 0.75859375 0.0203125 0.03125
428 0.4234375 0.24765625 0.0203125 0.03359375
65 0.58125 0.73984375 0.0234375 0.02421875
331 0.5046875 0.1953125 0.021875 0.028125
95 0.1859375 0.8765625 0.02578125 0.0265625
592 0.50234375 0.55546875 0.02109375 0.02578125
386 0.7015625 0.25078125 0.01953125 0.0359375
315 0.50390625 0.3234375 0.021875 0.025
552 0.6203125 0.7078125 0.028125 0.0234375
505 0.4953125 0.90546875 0.01953125 0.025
183 0.91015625 0.21640625 0.0203125 0.021875
471 0.5875 0.32265625 0.02265625 0.0375
192 0.58828125 0.20078125 0.0234375 0.0359375
529 0.4234375 0.21640625 0.01796875 0.0265625
645 0.30078125 0.3046875 0.0203125 0.03046875
407 0.66171875 0.32109375 0.0234375 0.0328125
248 0.66328125 0.18046875 0.01953125 0.028125
412 0.62421875 0.184375 0.0171875 0.01953125
37 0.70078125 0.2171875 0.015625 0.02578125
220 0.87109375 0.67578125 0.02421875 0.0296875
