334 0.284375 0.74765625 0.02890625 0.03203125
347 0.23828125 0.3578125 0.03046875 0.034375
274 0.61640625 0.3421875 0.025 0.03203125
456 0.24140625 0.68984375 0.02421875 0.03125
387 0.2859375 0.91015625 0.0265625 0.03671875
567 0.85703125 0.21328125 0.0265625 0.03359375
244 0.5765625 0.52421875 0.0234375 0.0328125
226 0.81953125 0.5484375 0.025 0.03671875
549 0.7828125 0.86875 0.028125 0.03046875
573 0.23671875 0.29765625 0.021875 0.03125
699 0.240625 0.39453125 0.02734375 0.0390625
704 0.2390625 0.265625 0.02265625 0.034375
297 0.85859375 0.3171875 0.02578125 0.034375
473 0.21171875 0.86875 0.0296875 0.03359375
233 0.8578125 0.28046875 0.02578125 0.03203125
632 0.77578125 0.22890625 0.028125 0.034375
212 0.8203125 0.5875 0.0265625 0.04140625
357 0.24140625 0.46171875 0.025 0.03515625
192 0.3671875 0.48046875 0.02421875 0.0359375
650 0.28046875 0.51875 0.0234375 0.03359375
315 0.78203125 0.63984375 0.028125 0.03671875
607 0.61953125 0.71328125 0.02734375 0.03671875
404 0.28046875 0.4859375 0.0234375 0.03515625
163 0.2078125 0.56328125 0.0265625 0.03671875
102 0.3703125 0.64140625 0.03125 0.0328125
561 0.20625 0.46953125 0.028125 0.0359375
248 0.82109375 0.48046875 0.02734375 0.028125
667 0.28359375 0.78359375 0.02421875 0.0359375
606 0.2109375 0.83515625 0.02265625 0.0328125
567 0.61953125 0.89375 0.025 0.03359375
540 0.20859375 0.709375 0.0234375 0.03203125
496 0.2796875 0.225 0.02421875 0.028125
667 0.66015625 0.6546875 0.0265625 0.03203125
189 0.28046875 0.28828125 0.02421875 0.028125
667 0.57890625 0.78125 0.02109375 0.03046875
567 0.365625 0.21171875 0.03125 0.0296875
495 0.20390625 0.43203125 0.021875 0.03671875
470 0.65546875 0.4 0.02265625 0.034375
123 0.36640625 0.5796875 0.0234375 0.0359375
573 0.615625 0.51640625 0.02109375 0.03203125
498 0.3671875 0.27734375 0.02421875 0.03203125
32 0.16796875 0.3765625 0.03046875 0.0296875
695 0.24453125 0.8109375 0.021875 0.03671875
433 0.86015625 0.73828125 0.02265625 0.03125
213 0.7359375 0.20703125 0.025 0.0328125
692 0.61640625 0.28046875 0.02265625 0.03125
425 0.28203125 0.68125 0.0234375 0.03046875
226 0.78046875 0.57265625 0.02734375 0.03671875
175 0.40546875 0.35390625 0.02265625 0.03671875
155 0.6171875 0.678125 0.025 0.0296875
551 0.78125 0.89765625 0.03125 0.02890625
212 0.2421875 0.6265625 0.02265625 0.02890625
139 0.20546875 0.33046875 0.028125 0.03203125
615 0.4046875 0.21796875 0.02265625 0.0296875
555 0.7796875 0.5046875 0.02734375 0.028125
113 0.82265625 0.7359375 0.0234375 0.0328125
413 0.659375 0.553125 0.0265625 0.03046875
601 0.73828125 0.2421875 0.02421875 0.03828125
601 0.859375 0.4203125 0.025 0.03671875
175 0.578125 0.46015625 0.02109375 0.03515625
183 0.73984375 0.275 0.021875 0.0265625
132 0.61640625 0.40078125 0.02109375 0.02421875
567 0.77265625 0.14296875 0.025 0.03671875
561 0.7421875 0.30390625 0.02890625 0.02890625
150 0.61484375 0.4828125 0.01953125 0.0328125
501 0.365625 0.678125 0.02421875 0.0359375
132 0.28359375 0.85 0.025 0.028125
677 0.240625 0.59609375 0.02265625 0.0296875
408 0.40859375 0.465625 0.0265625 0.0375
152 0.65859375 0.521875 0.0234375 0.028125
149 0.815625 0.21328125 0.0234375 0.04453125
309 0.82109375 0.6984375 0.0234375 0.03671875
202 0.20390625 0.2359375 0.02265625 0.03359375
243 0.7828125 0.70625 0.02421875 0.0328125
365 0.57890625 0.32890625 0.02109375 0.0296875
175 0.20703125 0.63203125 0.0234375 0.04296875
126 0.859375 0.70546875 0.02265625 0.03125
232 0.4859375 0.2296875 0.0203125 0.03203125
12 0.57734375 0.6890625 0.0203125 0.02890625
404 0.90078125 0.25859375 0.021875 0.03359375
567 0.85859375 0.771875 0.01875 0.02890625
365 0.20390625 0.39765625 0.01875 0.03046875
152 0.40859375 0.81171875 0.02421875 0.03125
711 0.28203125 0.38046875 0.02578125 0.0296875
276 0.40390625 0.1859375 0.02265625 0.03203125
189 0.85625 0.18359375 0.02109375 0.0265625
526 0.9015625 0.36484375 0.025 0.03046875
499 0.69140625 0.3203125 0.01875 0.03671875
152 0.65625 0.8375 0.02421875 0.0265625
704 0.690625 0.25078125 0.0234375 0.03515625
588 0.24375 0.53359375 0.0234375 0.0328125
207 0.65234375 0.15234375 0.02109375 0.03828125
139 0.409375 0.53828125 0.03125 0.03046875
324 0.28203125 0.584375 0.03125 0.0296875
404 0.78125 0.803125 0.02265625 0.03203125
65 0.57734375 0.39375 0.01796875 0.02734375
526 0.1671875 0.29140625 0.02265625 0.025
330 0.24453125 0.7796875 0.02109375 0.03046875
31 0.3640625 0.1828125 0.028125 0.0265625
280 0.61484375 0.14921875 0.01953125 0.02734375
203 0.8234375 0.90703125 0.02421875 0.0375
175 0.2015625 0.19765625 0.02265625 0.04140625
454 0.2015625 0.2703125 0.02265625 0.0359375
702 0.853125 0.13203125 0.021875 0.03125
304 0.8625 0.8359375 0.02578125 0.0375
624 0.86015625 0.509375 0.02734375 0.02265625
377 0.17109375 0.640625 0.0234375 0.02734375
428 0.32109375 0.24921875 0.02109375 0.03203125
529 0.859375 0.80078125 0.0171875 0.0265625
586 0.21328125 0.90625 0.02734375 0.0328125
592 0.578125 0.15625 0.01953125 0.025
677 0.6890625 0.28671875 0.01953125 0.0296875
132 0.578125 0.584375 0.01953125 0.028125
187 0.89921875 0.22265625 0.021875 0.03359375
51 0.44375 0.225 0.01796875 0.025
31 0.24453125 0.9515625 0.0234375 0.03984375
702 0.89765625 0.18984375 0.0203125 0.03671875
146 0.7359375 0.1421875 0.0234375 0.03984375
540 0.209375 0.76796875 0.0203125 0.03046875
189 0.57890625 0.609375 0.021875 0.0234375
