274 0.8 0.22109375 0.02734375 0.034375
520 0.27109375 0.19609375 0.02890625 0.0375
634 0.728125 0.6125 0.03125 0.0390625
634 0.31328125 0.34609375 0.02734375 0.0328125
433 0.315625 0.2546875 0.025 0.03203125
46 0.26796875 0.36640625 0.02421875 0.0390625
404 0.7265625 0.54140625 0.0296875 0.03203125
702 0.353125 0.56796875 0.028125 0.03046875
264 0.721875 0.39765625 0.02578125 0.0359375
309 0.80546875 0.39140625 0.02578125 0.03671875
601 0.7625 0.27890625 0.025 0.03359375
567 0.5953125 0.71796875 0.02265625 0.03359375
601 0.22265625 0.6453125 0.025 0.0359375
295 0.8015625 0.25546875 0.0234375 0.0296875
421 0.80234375 0.31640625 0.02578125 0.03203125
232 0.225 0.778125 0.02578125 0.03515625
623 0.76640625 0.490625 0.025 0.03828125
667 0.63125 0.64453125 0.02578125 0.03203125
221 0.6796875 0.73046875 0.02578125 0.040625
540 0.228125 0.39140625 0.0234375 0.02890625
192 0.18515625 0.64140625 0.02578125 0.040625
192 0.671875 0.3109375 0.02421875 0.03515625
192 0.725 0.43359375 0.0234375 0.0375
402 0.7234375 0.5046875 0.0234375 0.034375
233 0.67578125 0.49453125 0.0265625 0.03203125
333 0.228125 0.328125 0.02265625 0.0328125
276 0.22734375 0.4234375 0.02421875 0.03046875
195 0.31484375 0.184375 0.02265625 0.0328125
526 0.85390625 0.62890625 0.025 0.0359375
209 0.35390625 0.3390625 0.0265625 0.034375
233 0.48203125 0.2265625 0.02265625 0.0328125
673 0.2703125 0.2328125 0.021875 0.0328125
601 0.67578125 0.528125 0.02734375 0.0328125
234 0.39453125 0.6640625 0.028125 0.04140625
443 0.26484375 0.62734375 0.02734375 0.028125
673 0.315625 0.21875 0.021875 0.03359375
126 0.3140625 0.31484375 0.02109375 0.028125
695 0.309375 0.55234375 0.025 0.03359375
304 0.76171875 0.209375 0.02734375 0.040625
183 0.7640625 0.309375 0.02265625 0.028125
315 0.184375 0.678125 0.025 0.0296875
613 0.68125 0.6359375 0.03359375 0.03671875
387 0.39375 0.62421875 0.02734375 0.0375
265 0.31015625 0.51875 0.0265625 0.03203125
475 0.80703125 0.46484375 0.02109375 0.0390625
183 0.265625 0.5640625 0.02265625 0.02734375
324 0.72890625 0.68046875 0.03828125 0.0359375
507 0.596875 0.60546875 0.02734375 0.03203125
192 0.3109375 0.4828125 0.0359375 0.03515625
695 0.76015625 0.171875 0.021875 0.03203125
192 0.590625 0.35546875 0.0203125 0.034375
175 0.80234375 0.3515625 0.02109375 0.03828125
187 0.59609375 0.640625 0.025 0.03515625
183 0.59609375 0.75 0.0234375 0.028125
411 0.7671875 0.7265625 0.021875 0.0359375
632 0.7640625 0.340625 0.028125 0.0328125
175 0.47890625 0.29296875 0.02109375 0.034375
183 0.3546875 0.36953125 0.021875 0.02734375
136 0.18671875 0.3375 0.02265625 0.03828125
308 0.5546875 0.5 0.01953125 0.03671875
81 0.715625 0.13046875 0.02421875 0.03359375
380 0.2703125 0.29765625 0.02109375 0.03515625
340 0.71640625 0.16328125 0.021875 0.03046875
192 0.771875 0.90703125 0.02421875 0.03671875
54 0.1859375 0.1546875 0.0265625 0.03359375
501 0.671875 0.23671875 0.02421875 0.0375
559 0.728125 0.64921875 0.0265625 0.0265625
433 0.84296875 0.1265625 0.02265625 0.0296875
190 0.22265625 0.8828125 0.025 0.0359375
526 0.55625 0.53515625 0.02109375 0.03359375
411 0.8453125 0.2515625 0.021875 0.0328125
167 0.76640625 0.4515625 0.02265625 0.0359375
123 0.4 0.15234375 0.025 0.0359375
123 0.88984375 0.16953125 0.0234375 0.03515625
95 0.1484375 0.31796875 0.03046875 0.02890625
65 0.63125 0.61484375 0.02421875 0.02578125
411 0.18515625 0.571875 0.02265625 0.03359375
202 0.58828125 0.259375 0.01953125 0.02578125
592 0.59296875 0.5171875 0.01953125 0.0328125
192 0.8484375 0.525 0.02421875 0.0375
192 0.1859375 0.89296875 0.02421875 0.03671875
26 0.62890625 0.1859375 0.0234375 0.0265625
411 0.88984375 0.23125 0.02109375 0.0375
389 0.22265625 0.91484375 0.02421875 0.03046875
91 0.84453125 0.18984375 0.02109375 0.03125
280 0.79765625 0.15859375 0.02109375 0.03125
60 0.30625 0.71953125 0.02421875 0.02734375
183 0.3078125 0.65703125 0.0234375 0.02734375
601 0.67890625 0.6671875 0.02421875 0.0265625
324 0.1484375 0.14921875 0.02421875 0.0328125
93 0.625 0.11328125 0.02109375 0.03359375
285 0.67421875 0.4328125 0.028125 0.028125
429 0.7703125 0.871875 0.0234375 0.03046875
711 0.79765625 0.096875 0.02265625 0.03359375
175 0.34609375 0.87890625 0.02578125 0.03671875
365 0.84375 0.1578125 0.01875 0.02890625
232 0.1859375 0.5109375 0.0234375 0.03125
183 0.2234375 0.67890625 0.0234375 0.0265625
552 0.71328125 0.0984375 0.028125 0.02734375
113 0.5515625 0.228125 0.0203125 0.03046875
139 0.1875 0.40390625 0.0265625 0.028125
641 0.184375 0.82109375 0.02109375 0.03828125
365 0.1859375 0.540625 0.01875 0.028125
567 0.5921875 0.54765625 0.01953125 0.02421875
347 0.5859375 0.121875 0.01953125 0.03046875
155 0.38984375 0.87890625 0.0265625 0.0296875
37 0.18359375 0.85859375 0.01796875 0.03203125
440 0.81171875 0.678125 0.025 0.03984375
192 0.81328125 0.8015625 0.02265625 0.03671875
233 0.14921875 0.21640625 0.02578125 0.0328125
232 0.81171875 0.76640625 0.01875 0.03203125
470 0.3875 0.90703125 0.02109375 0.02734375
