539 0.240625 0.675 0.034375 0.03671875
632 0.23671875 0.865625 0.034375 0.04140625
553 0.29140625 0.3703125 0.0296875 0.03671875
185 0.82421875 0.859375 0.03359375 0.03359375
477 0.2890625 0.51484375 0.040625 0.03828125
601 0.3859375 0.32890625 0.0265625 0.03984375
138 0.3375 0.55 0.028125 0.03515625
232 0.6515625 0.746875 0.03125 0.0328125
648 0.2015625 0.24453125 0.0296875 0.03203125
501 0.109375 0.2953125 0.02421875 0.0421875
265 0.65234375 0.77890625 0.0265625 0.0328125
508 0.33515625 0.6921875 0.02578125 0.0328125
186 0.240625 0.59765625 0.028125 0.03359375
632 0.81796875 0.5921875 0.02890625 0.03359375
689 0.24296875 0.28828125 0.03671875 0.040625
420 0.1921875 0.92265625 0.0234375 0.034375
601 0.2359375 0.79453125 0.025 0.0359375
358 0.14921875 0.58125 0.03046875 0.0328125
612 0.8125 0.4796875 0.0265625 0.04453125
474 0.63671875 0.29140625 0.025 0.03671875
297 0.8109375 0.40390625 0.02421875 0.0359375
601 0.815625 0.5234375 0.02421875 0.03671875
592 0.33828125 0.33046875 0.02578125 0.028125
401 0.1484375 0.65 0.02421875 0.03984375
479 0.19609375 0.721875 0.034375 0.03828125
601 0.68203125 0.26640625 0.02265625 0.03828125
453 0.29375 0.29921875 0.0265625 0.0328125
453 0.196875 0.49765625 0.02578125 0.0328125
265 0.33515625 0.625 0.0265625 0.03203125
347 0.65234375 0.71484375 0.028125 0.02890625
421 0.2375 0.75390625 0.025 0.040625
192 0.6953125 0.75625 0.0265625 0.03671875
123 0.825 0.75390625 0.0265625 0.034375
601 0.428125 0.17578125 0.02421875 0.0328125
244 0.42578125 0.38984375 0.0265625 0.0375
574 0.82265625 0.91953125 0.02890625 0.0328125
458 0.19375 0.9609375 0.0375 0.03671875
541 0.19765625 0.34296875 0.028125 0.03828125
650 0.14921875 0.509375 0.021875 0.03203125
404 0.10859375 0.225 0.0234375 0.03359375
163 0.80390625 0.215625 0.02734375 0.03515625
192 0.8234375 0.715625 0.02578125 0.0390625
283 0.14921875 0.8265625 0.0234375 0.03671875
488 0.6984375 0.93203125 0.03046875 0.03984375
453 0.33515625 0.9046875 0.02421875 0.03515625
613 0.678125 0.1875 0.0296875 0.0328125
226 0.76640625 0.27578125 0.02578125 0.04140625
601 0.771875 0.41484375 0.02578125 0.0390625
192 0.153125 0.22265625 0.02421875 0.0375
125 0.640625 0.42890625 0.02421875 0.03671875
411 0.4265625 0.48671875 0.02265625 0.034375
324 0.24609375 0.16953125 0.02890625 0.03515625
702 0.7765625 0.5546875 0.0265625 0.03359375
623 0.646875 0.61796875 0.02265625 0.03671875
673 0.15078125 0.8953125 0.0234375 0.03203125
175 0.69296875 0.7140625 0.02421875 0.03984375
248 0.290625 0.44453125 0.02578125 0.028125
428 0.2890625 0.809375 0.03046875 0.040625
163 0.38046875 0.54375 0.02578125 0.0328125
175 0.72109375 0.26796875 0.025 0.04296875
453 0.38671875 0.2921875 0.025 0.03203125
174 0.34140625 0.21484375 0.021875 0.040625
192 0.65 0.6546875 0.02265625 0.0359375
673 0.64453125 0.54375 0.02578125 0.03671875
175 0.81875 0.67109375 0.02421875 0.040625
175 0.690625 0.490625 0.02578125 0.04296875
192 0.15 0.93515625 0.02265625 0.03828125
677 0.3375 0.5125 0.0234375 0.03125
189 0.2359375 0.90234375 0.025 0.02890625
567 0.69453125 0.86015625 0.02421875 0.03046875
702 0.4171875 0.95390625 0.03125 0.03359375
419 0.19921875 0.17734375 0.02421875 0.03125
209 0.678125 0.22578125 0.02265625 0.0328125
324 0.28984375 0.596875 0.03671875 0.03359375
163 0.51953125 0.40390625 0.02109375 0.03203125
183 0.38359375 0.36875 0.0234375 0.028125
560 0.6390625 0.35859375 0.028125 0.03359375
192 0.7234375 0.31328125 0.02421875 0.04140625
488 0.73125 0.396875 0.03671875 0.03671875
408 0.3875 0.165625 0.02421875 0.0328125
411 0.109375 0.159375 0.0203125 0.03359375
529 0.3328125 0.79921875 0.02109375 0.03046875
276 0.6734375 0.11484375 0.0234375 0.0359375
333 0.6578125 0.91328125 0.0234375 0.03984375
65 0.76484375 0.2078125 0.03046875 0.028125
175 0.58984375 0.20078125 0.02265625 0.040625
246 0.5265625 0.5859375 0.021875 0.03515625
424 0.4296875 0.27578125 0.025 0.03203125
183 0.6828125 0.30234375 0.0203125 0.028125
183 0.7734375 0.44921875 0.021875 0.0265625
206 0.34140625 0.17265625 0.01953125 0.0328125
265 0.3359375 0.86953125 0.02890625 0.03359375
621 0.42890625 0.13984375 0.01875 0.03203125
693 0.1125 0.415625 0.028125 0.05546875
564 0.80234375 0.13984375 0.02109375 0.0359375
175 0.20234375 0.13203125 0.0265625 0.04921875
552 0.37734375 0.91875 0.0296875 0.0234375
192 0.4265625 0.346875 0.02109375 0.03671875
330 0.55078125 0.1734375 0.01953125 0.02890625
183 0.5265625 0.66015625 0.02109375 0.0265625
552 0.82421875 0.88984375 0.0296875 0.02421875
187 0.8015625 0.10078125 0.02265625 0.0375
601 0.525 0.62421875 0.02109375 0.03828125
529 0.71640625 0.15625 0.01953125 0.02734375
183 0.84921875 0.12421875 0.02578125 0.03046875
530 0.46875 0.209375 0.01640625 0.025
