433 0.28671875 0.38046875 0.03828125 0.04140625
334 0.103125 0.8375 0.028125 0.03515625
526 0.103125 0.87890625 0.028125 0.03984375
232 0.2328125 0.584375 0.0296875 0.040625
601 0.18671875 0.71796875 0.02890625 0.04375
497 0.31953125 0.84296875 0.0296875 0.0421875
601 0.2734375 0.72421875 0.03046875 0.040625
324 0.18515625 0.81875 0.03125 0.03203125
89 0.325 0.6265625 0.03125 0.04296875
297 0.1859375 0.63359375 0.028125 0.03828125
431 0.11484375 0.28515625 0.02890625 0.0328125
297 0.27265625 0.68125 0.02890625 0.0375
601 0.803125 0.31015625 0.02734375 0.03515625
212 0.28984375 0.26015625 0.02890625 0.04140625
477 0.334375 0.3796875 0.03359375 0.04140625
553 0.19140625 0.56171875 0.03125 0.02734375
567 0.11015625 0.41953125 0.0265625 0.04375
274 0.1171875 0.209375 0.03046875 0.04140625
233 0.80234375 0.27265625 0.02734375 0.03515625
257 0.23984375 0.36484375 0.0296875 0.0375
613 0.15546875 0.15625 0.0296875 0.04375
428 0.2359375 0.5078125 0.02421875 0.040625
456 0.8109375 0.6171875 0.028125 0.0359375
270 0.2828125 0.46640625 0.0265625 0.04140625
233 0.628125 0.284375 0.02578125 0.03203125
350 0.7671875 0.54921875 0.02890625 0.03203125
183 0.11015625 0.459375 0.0265625 0.0328125
233 0.640625 0.9015625 0.02734375 0.03046875
543 0.31875 0.88984375 0.028125 0.05
287 0.721875 0.35703125 0.0328125 0.03671875
431 0.271875 0.7609375 0.0265625 0.0296875
233 0.725 0.46875 0.0265625 0.0359375
195 0.26640625 0.94765625 0.03046875 0.03671875
428 0.1828125 0.85703125 0.02265625 0.04140625
685 0.10546875 0.76484375 0.025 0.0359375
65 0.24453125 0.32578125 0.03125 0.03046875
601 0.809375 0.6546875 0.02421875 0.03515625
363 0.428125 0.21953125 0.0296875 0.03515625
304 0.246875 0.21328125 0.025 0.03515625
81 0.34296875 0.209375 0.02890625 0.046875
183 0.2390625 0.43984375 0.0265625 0.02734375
606 0.84609375 0.2546875 0.02734375 0.03515625
645 0.80234375 0.234375 0.02890625 0.0328125
276 0.7671875 0.58203125 0.025 0.0328125
685 0.26796875 0.91328125 0.028125 0.03046875
499 0.80625 0.45390625 0.02421875 0.0296875
65 0.19765625 0.3453125 0.02890625 0.03046875
649 0.10703125 0.6640625 0.02265625 0.0328125
350 0.45 0.7875 0.0234375 0.0296875
545 0.63203125 0.51640625 0.02421875 0.040625
499 0.23828125 0.471875 0.025 0.02734375
601 0.76953125 0.73046875 0.02578125 0.0359375
276 0.80390625 0.41953125 0.02265625 0.03359375
287 0.42890625 0.25625 0.0265625 0.03515625
477 0.759375 0.171875 0.03125 0.0375
324 0.63984375 0.8734375 0.0296875 0.028125
677 0.6328125 0.58359375 0.02578125 0.03359375
428 0.19921875 0.265625 0.02421875 0.03984375
270 0.628125 0.3171875 0.02265625 0.03125
451 0.80703125 0.51796875 0.0203125 0.03359375
369 0.58671875 0.2546875 0.021875 0.03515625
475 0.55234375 0.43359375 0.021875 0.0265625
365 0.31875 0.803125 0.02421875 0.03359375
592 0.28828125 0.3421875 0.03359375 0.03125
175 0.15390625 0.2421875 0.0265625 0.04921875
297 0.11015625 0.378125 0.025 0.03671875
183 0.18671875 0.75546875 0.0234375 0.028125
592 0.8109375 0.68828125 0.02421875 0.02734375
60 0.515625 0.65 0.02109375 0.03046875
691 0.58828125 0.21640625 0.02734375 0.034375
65 0.63125 0.55234375 0.02578125 0.0265625
304 0.75859375 0.13515625 0.02421875 0.03203125
453 0.765625 0.45078125 0.0234375 0.028125
460 0.63046875 0.4484375 0.02109375 0.03203125
584 0.6796875 0.415625 0.028125 0.03359375
192 0.30078125 0.1265625 0.03203125 0.04609375
592 0.725 0.546875 0.025 0.02734375
687 0.76484375 0.90078125 0.02265625 0.02734375
428 0.76640625 0.928125 0.02109375 0.025
7 0.71953125 0.2109375 0.02265625 0.0390625
207 0.8 0.1375 0.02109375 0.0390625
105 0.6359375 0.72109375 0.02109375 0.02734375
601 0.515625 0.77421875 0.01953125 0.03203125
665 0.51328125 0.40390625 0.0234375 0.03203125
276 0.20234375 0.14296875 0.02578125 0.0328125
74 0.63515625 0.65546875 0.02265625 0.03046875
74 0.76328125 0.271875 0.0234375 0.02734375
65 0.7640625 0.328125 0.02578125 0.025
298 0.5515625 0.53046875 0.02265625 0.0296875
657 0.6265625 0.18671875 0.02265625 0.028125
65 0.76484375 0.421875 0.01875 0.028125
526 0.634375 0.690625 0.01875 0.0328125
12 0.453125 0.71640625 0.0203125 0.02734375
592 0.515625 0.803125 0.01875 0.02421875
212 0.55078125 0.49765625 0.02109375 0.03359375
428 0.6734375 0.1734375 0.01953125 0.03984375
423 0.51171875 0.36875 0.02109375 0.03203125
248 0.2046875 0.11015625 0.0296875 0.0296875
297 0.31171875 0.93828125 0.02890625 0.04375
113 0.446875 0.875 0.01640625 0.02421875
601 0.4625 0.34453125 0.01953125 0.03359375
624 0.44375 0.93515625 0.0203125 0.028125
110 0.42890625 0.128125 0.0265625 0.02734375
592 0.45546875 0.584375 0.01953125 0.03515625
559 0.45859375 0.44921875 0.01953125 0.03203125
663 0.6375 0.959375 0.02421875 0.0328125
152 0.8125 0.796875 0.02421875 0.0359375
