12 0.321875 0.35234375 0.028125 0.03828125
74 0.32578125 0.24609375 0.03046875 0.040625
334 0.30546875 0.8796875 0.03359375 0.03515625
232 0.23515625 0.30078125 0.02578125 0.034375
274 0.87734375 0.45859375 0.0265625 0.03828125
195 0.2359375 0.20078125 0.02734375 0.03671875
175 0.22890625 0.4515625 0.0265625 0.040625
601 0.7046875 0.20078125 0.02890625 0.03828125
276 0.23515625 0.15859375 0.02578125 0.0375
175 0.18671875 0.35234375 0.02421875 0.040625
350 0.8875 0.85703125 0.02734375 0.03359375
297 0.87421875 0.334375 0.025 0.0359375
187 0.22578125 0.6109375 0.03359375 0.0359375
232 0.18125 0.58046875 0.0265625 0.03515625
632 0.87265625 0.215625 0.0296875 0.03671875
369 0.79453125 0.3890625 0.025 0.0390625
368 0.88203125 0.603125 0.028125 0.03515625
304 0.22578125 0.5734375 0.03671875 0.0359375
460 0.878125 0.41953125 0.0265625 0.03828125
421 0.79609375 0.4296875 0.025 0.03828125
139 0.2359375 0.23671875 0.02578125 0.03125
324 0.18203125 0.54765625 0.028125 0.0328125
266 0.3265625 0.28203125 0.0265625 0.028125
138 0.88125 0.53046875 0.0265625 0.03359375
192 0.74609375 0.28125 0.02578125 0.03984375
567 0.49140625 0.2671875 0.02265625 0.03984375
139 0.57890625 0.20390625 0.02265625 0.03046875
65 0.41484375 0.58828125 0.02734375 0.02890625
54 0.58046875 0.278125 0.02421875 0.03359375
638 0.1421875 0.42109375 0.025 0.03359375
601 0.796875 0.4640625 0.025 0.02734375
232 0.21875 0.83125 0.02265625 0.03359375
561 0.709375 0.27109375 0.02890625 0.03125
459 0.2171875 0.90078125 0.02421875 0.03203125
350 0.2828125 0.28515625 0.0328125 0.03203125
233 0.21953125 0.8671875 0.02421875 0.03203125
123 0.49140625 0.3375 0.02421875 0.03515625
526 0.14609375 0.35 0.03125 0.03515625
175 0.4421875 0.73359375 0.0234375 0.0390625
192 0.32734375 0.17265625 0.02265625 0.0390625
478 0.14765625 0.28671875 0.0234375 0.03671875
324 0.82890625 0.13515625 0.02890625 0.0328125
672 0.25859375 0.92421875 0.02265625 0.0328125
347 0.7453125 0.16640625 0.028125 0.03203125
475 0.49375 0.1953125 0.021875 0.0359375
601 0.2171875 0.9390625 0.02890625 0.0390625
689 0.87890625 0.49609375 0.02265625 0.03203125
496 0.58828125 0.71640625 0.02109375 0.03125
81 0.2703125 0.578125 0.02578125 0.0328125
257 0.7859375 0.125 0.02265625 0.03515625
601 0.58515625 0.559375 0.021875 0.0390625
150 0.27421875 0.49921875 0.0296875 0.03671875
478 0.871875 0.14140625 0.0265625 0.03671875
265 0.753125 0.41875 0.028125 0.0328125
175 0.87578125 0.37421875 0.0265625 0.0453125
207 0.703125 0.16015625 0.0234375 0.04140625
435 0.26328125 0.8515625 0.02265625 0.034375
233 0.83203125 0.17109375 0.02734375 0.0359375
183 0.871875 0.1765625 0.02734375 0.02890625
421 0.31171875 0.72421875 0.028125 0.0265625
495 0.65859375 0.20546875 0.0234375 0.0484375
369 0.625 0.52421875 0.02578125 0.04140625
175 0.41953125 0.17421875 0.02421875 0.03828125
150 0.4484375 0.51953125 0.02265625 0.03671875
207 0.371875 0.18203125 0.0234375 0.04140625
454 0.58515625 0.51875 0.02265625 0.03671875
433 0.6609375 0.28671875 0.02421875 0.03125
232 0.1421875 0.4859375 0.0265625 0.0328125
190 0.21953125 0.75390625 0.021875 0.03984375
297 0.47578125 0.86796875 0.02421875 0.03359375
190 0.65859375 0.121875 0.02421875 0.040625
428 0.61640625 0.20625 0.02265625 0.028125
546 0.58671875 0.6859375 0.021875 0.028125
642 0.58984375 0.7828125 0.0203125 0.03515625
123 0.55390625 0.50703125 0.0234375 0.03828125
1 0.30234375 0.953125 0.021875 0.03984375
81 0.55703125 0.73203125 0.021875 0.03046875
501 0.49453125 0.15703125 0.025 0.03828125
183 0.490625 0.30390625 0.0203125 0.028125
601 0.171875 0.94453125 0.02578125 0.025
109 0.784375 0.090625 0.01953125 0.028125
303 0.8703125 0.10234375 0.028125 0.03984375
37 0.57734375 0.128125 0.01796875 0.03125
593 0.615625 0.1765625 0.0171875 0.02734375
69 0.18125 0.48984375 0.02265625 0.0203125
183 0.190625 0.125 0.02109375 0.02890625
125 0.31328125 0.65859375 0.03125 0.0375
