188 0.2390625 0.221875 0.0296875 0.04296875
561 0.2671875 0.621875 0.02890625 0.0328125
155 0.3609375 0.59765625 0.0328125 0.0453125
188 0.321875 0.43671875 0.02890625 0.03671875
293 0.23515625 0.38984375 0.028125 0.03671875
490 0.315625 0.6921875 0.0359375 0.03671875
510 0.23671875 0.26484375 0.03046875 0.03671875
468 0.2296875 0.53984375 0.03359375 0.03828125
233 0.28125 0.31875 0.028125 0.03359375
153 0.32109375 0.33515625 0.02578125 0.0328125
192 0.77578125 0.48671875 0.0265625 0.0390625
113 0.2859375 0.16640625 0.03671875 0.03984375
601 0.73828125 0.83203125 0.03125 0.03828125
434 0.69453125 0.371875 0.028125 0.040625
175 0.821875 0.60234375 0.0265625 0.04140625
411 0.2234375 0.75390625 0.02890625 0.04375
567 0.23125 0.46640625 0.028125 0.03984375
601 0.69140625 0.909375 0.0265625 0.0359375
685 0.22734375 0.64609375 0.02578125 0.03671875
139 0.2703125 0.6578125 0.0265625 0.03125
664 0.4421875 0.86953125 0.02578125 0.0375
113 0.65078125 0.9015625 0.0359375 0.03828125
100 0.35546875 0.91796875 0.02734375 0.0453125
601 0.45 0.503125 0.0265625 0.0390625
243 0.3640625 0.55234375 0.03125 0.04140625
213 0.3125 0.80546875 0.03046875 0.04140625
312 0.2765625 0.3921875 0.03125 0.03203125
264 0.778125 0.59140625 0.02578125 0.03359375
276 0.821875 0.678125 0.0265625 0.034375
574 0.36015625 0.67421875 0.03125 0.03515625
689 0.68984375 0.77734375 0.02734375 0.0359375
623 0.73359375 0.72265625 0.02578125 0.0421875
408 0.73671875 0.7625 0.0265625 0.03671875
175 0.8234375 0.809375 0.0234375 0.040625
183 0.146875 0.4515625 0.02734375 0.028125
29 0.78359375 0.77734375 0.0375 0.03828125
155 0.36953125 0.2234375 0.0296875 0.034375
387 0.778125 0.525 0.02421875 0.03046875
159 0.73671875 0.28984375 0.03359375 0.03828125
90 0.4171875 0.25078125 0.0265625 0.0328125
297 0.31875 0.36875 0.0265625 0.03125
632 0.6921875 0.875 0.03046875 0.028125
607 0.69296875 0.48203125 0.028125 0.03046875
590 0.821875 0.425 0.03125 0.0359375
481 0.73359375 0.503125 0.02421875 0.0453125
601 0.64765625 0.859375 0.02578125 0.04140625
652 0.23046875 0.60859375 0.0328125 0.03046875
175 0.85859375 0.41171875 0.0234375 0.0375
402 0.30703125 0.91796875 0.02109375 0.034375
232 0.21796875 0.8609375 0.02734375 0.028125
153 0.26875 0.58671875 0.02578125 0.0359375
105 0.73671875 0.93828125 0.0234375 0.03671875
547 0.48671875 0.36171875 0.02421875 0.0359375
183 0.2296875 0.503125 0.02578125 0.028125
150 0.78203125 0.73984375 0.0265625 0.0328125
431 0.45859375 0.21640625 0.0328125 0.0296875
697 0.1484375 0.3765625 0.025 0.040625
365 0.7359375 0.3265625 0.02734375 0.03203125
42 0.69140625 0.63125 0.025 0.04140625
623 0.64921875 0.6796875 0.03046875 0.0390625
192 0.7328125 0.6125 0.02265625 0.03515625
233 0.8609375 0.875 0.02421875 0.03046875
368 0.81875 0.3578125 0.02578125 0.03359375
126 0.1875 0.409375 0.034375 0.04140625
297 0.4015625 0.796875 0.025 0.03359375
88 0.5671875 0.5953125 0.02109375 0.03359375
340 0.5671875 0.51953125 0.025 0.03984375
192 0.69296875 0.33046875 0.0234375 0.0390625
458 0.5359375 0.62109375 0.02265625 0.0359375
601 0.60546875 0.528125 0.02578125 0.03515625
546 0.73203125 0.65 0.021875 0.0359375
612 0.31484375 0.55546875 0.02109375 0.03203125
212 0.1859375 0.2546875 0.02578125 0.03515625
257 0.60703125 0.49296875 0.03125 0.034375
191 0.4546875 0.3203125 0.021875 0.03515625
421 0.6921875 0.58984375 0.025 0.03125
695 0.6078125 0.6328125 0.02421875 0.03046875
54 0.40859375 0.6484375 0.02890625 0.02734375
138 0.68984375 0.14765625 0.03203125 0.03203125
397 0.7328125 0.68359375 0.02109375 0.03203125
344 0.85078125 0.21953125 0.02421875 0.03046875
159 0.725 0.184375 0.02109375 0.03203125
192 0.23984375 0.13984375 0.028125 0.0390625
183 0.69375 0.94609375 0.028125 0.03203125
552 0.821875 0.390625 0.02421875 0.0296875
669 0.48515625 0.4984375 0.02265625 0.03515625
494 0.26640625 0.71796875 0.0234375 0.0296875
24 0.8078125 0.17265625 0.02421875 0.03359375
365 0.81015625 0.20703125 0.02265625 0.03359375
652 0.15078125 0.1765625 0.0265625 0.03515625
280 0.7375 0.86796875 0.02578125 0.03046875
204 0.4 0.83515625 0.02578125 0.03203125
549 0.82421875 0.53359375 0.0265625 0.0359375
189 0.46015625 0.18515625 0.02421875 0.034375
424 0.86171875 0.55234375 0.028125 0.025
307 0.4171875 0.28359375 0.025 0.0328125
65 0.60390625 0.14609375 0.02890625 0.028125
214 0.46015625 0.146875 0.025 0.0359375
189 0.53515625 0.41953125 0.021875 0.02890625
524 0.534375 0.4546875 0.01953125 0.03671875
499 0.18984375 0.13515625 0.02578125 0.03203125
342 0.76640625 0.1984375 0.0234375 0.028125
711 0.53359375 0.34375 0.02109375 0.0359375
689 0.6484375 0.81875 0.02109375 0.03515625
412 0.4875 0.33203125 0.01953125 0.025
170 0.309375 0.84453125 0.0171875 0.03359375
365 0.69296875 0.178125 0.021875 0.03046875
692 0.80859375 0.1390625 0.025 0.0296875
558 0.6078125 0.3140625 0.02734375 0.0390625
175 0.64765625 0.7484375 0.02578125 0.04375
297 0.56484375 0.15 0.021875 0.03515625
25 0.2625 0.86484375 0.01953125 0.0328125
553 0.6046875 0.34921875 0.02109375 0.0296875
433 0.31328125 0.73125 0.0265625 0.0296875
467 0.76640625 0.1671875 0.01953125 0.03125
332 0.39921875 0.9078125 0.02421875 0.03046875
