24 0.846875 0.55234375 0.03046875 0.03515625
601 0.75859375 0.159375 0.02734375 0.03671875
163 0.8921875 0.421875 0.02890625 0.03828125
404 0.3421875 0.4078125 0.0296875 0.04140625
489 0.71640625 0.15703125 0.03125 0.03359375
265 0.76015625 0.35859375 0.028125 0.0359375
226 0.759375 0.48125 0.028125 0.040625
176 0.8921875 0.31484375 0.03046875 0.03515625
601 0.71484375 0.1984375 0.028125 0.04140625
92 0.80078125 0.4328125 0.0265625 0.03515625
664 0.2546875 0.17890625 0.03046875 0.0359375
694 0.63984375 0.91953125 0.0328125 0.04140625
654 0.25234375 0.53359375 0.03359375 0.03203125
137 0.6375 0.73359375 0.02890625 0.03515625
276 0.88984375 0.35234375 0.0265625 0.03359375
601 0.80625 0.80625 0.0265625 0.0375
175 0.8 0.284375 0.02578125 0.0390625
338 0.7234375 0.69765625 0.0296875 0.03515625
708 0.8 0.47578125 0.025 0.040625
601 0.72109375 0.621875 0.02578125 0.040625
324 0.39296875 0.2140625 0.03125 0.034375
3 0.79921875 0.24765625 0.02734375 0.03515625
271 0.8015625 0.62890625 0.02578125 0.03203125
316 0.29453125 0.59375 0.03359375 0.03828125
634 0.290625 0.7046875 0.02578125 0.03046875
65 0.84609375 0.43984375 0.02421875 0.034375
276 0.34296875 0.290625 0.03046875 0.0390625
104 0.16796875 0.6953125 0.028125 0.04140625
626 0.20390625 0.6859375 0.02890625 0.03828125
192 0.16875 0.21328125 0.028125 0.04140625
433 0.20703125 0.38203125 0.02734375 0.0328125
379 0.428125 0.67109375 0.028125 0.0375
265 0.71875 0.34609375 0.028125 0.03359375
265 0.59453125 0.24765625 0.0234375 0.0328125
74 0.72109375 0.58125 0.0265625 0.0359375
334 0.16796875 0.65390625 0.03046875 0.0390625
233 0.890625 0.278125 0.02421875 0.03203125
296 0.80234375 0.59296875 0.021875 0.0328125
411 0.25234375 0.49609375 0.02578125 0.04140625
126 0.2046875 0.253125 0.0265625 0.0390625
456 0.28984375 0.66796875 0.0265625 0.03359375
74 0.42421875 0.74375 0.02421875 0.0328125
428 0.759375 0.28046875 0.02578125 0.040625
428 0.72109375 0.54453125 0.0265625 0.0375
175 0.71640625 0.42734375 0.025 0.04453125
133 0.8921875 0.6734375 0.025 0.03671875
333 0.4703125 0.61015625 0.028125 0.0359375
379 0.33359375 0.80390625 0.0265625 0.0390625
92 0.59296875 0.2140625 0.02265625 0.03359375
428 0.25234375 0.45703125 0.02421875 0.03671875
649 0.59609375 0.39453125 0.028125 0.0296875
435 0.71875 0.4734375 0.02734375 0.03828125
65 0.16640625 0.4703125 0.028125 0.03046875
151 0.7984375 0.2046875 0.0296875 0.0375
287 0.89140625 0.59765625 0.02265625 0.03515625
711 0.4359375 0.221875 0.0234375 0.04609375
347 0.16953125 0.32421875 0.0296875 0.0296875
679 0.67890625 0.93984375 0.0265625 0.03671875
163 0.165625 0.88515625 0.02734375 0.0328125
175 0.80390625 0.7328125 0.02578125 0.0421875
695 0.16640625 0.5453125 0.025 0.0375
191 0.890625 0.80859375 0.0296875 0.03671875
513 0.16875 0.58359375 0.03125 0.0375
265 0.68046875 0.78359375 0.02578125 0.03203125
183 0.715625 0.234375 0.028125 0.0265625
340 0.7640625 0.69765625 0.02578125 0.03359375
453 0.67890625 0.728125 0.021875 0.03203125
313 0.20625 0.56953125 0.028125 0.03828125
350 0.8 0.16484375 0.03359375 0.03828125
65 0.2953125 0.41796875 0.02421875 0.0328125
347 0.29609375 0.5203125 0.03359375 0.03359375
693 0.47265625 0.40703125 0.0234375 0.034375
276 0.2484375 0.71796875 0.02578125 0.0328125
183 0.80703125 0.84140625 0.02421875 0.028125
526 0.25078125 0.5671875 0.03125 0.03046875
347 0.471875 0.46875 0.02421875 0.03046875
553 0.63515625 0.55 0.028125 0.03203125
567 0.34296875 0.21328125 0.025 0.0328125
150 0.29140625 0.63125 0.025 0.03515625
454 0.6796875 0.90078125 0.02734375 0.0359375
433 0.33046875 0.84296875 0.02578125 0.0328125
365 0.678125 0.69765625 0.02109375 0.0296875
464 0.63359375 0.47421875 0.02890625 0.03203125
475 0.42890625 0.63125 0.02578125 0.03359375
404 0.1671875 0.2921875 0.0234375 0.03203125
499 0.4328125 0.45078125 0.02421875 0.0296875
65 0.80390625 0.6609375 0.03515625 0.028125
675 0.88984375 0.77265625 0.02265625 0.03125
688 0.42421875 0.82109375 0.028125 0.0359375
695 0.29296875 0.55625 0.02421875 0.03515625
318 0.72421875 0.90390625 0.0203125 0.03046875
120 0.203125 0.8078125 0.02421875 0.03515625
120 0.678125 0.53125 0.02421875 0.03359375
702 0.47890625 0.178125 0.02734375 0.03203125
79 0.67109375 0.2515625 0.03203125 0.034375
183 0.72265625 0.66171875 0.0234375 0.03125
65 0.16875 0.39375 0.03046875 0.028125
672 0.240625 0.91171875 0.02578125 0.034375
183 0.72265625 0.84765625 0.0265625 0.03671875
36 0.41953125 0.89765625 0.02421875 0.03046875
65 0.46640625 0.67578125 0.02109375 0.03046875
689 0.42421875 0.70859375 0.02265625 0.03046875
456 0.67109375 0.13046875 0.025 0.03671875
675 0.37734375 0.93046875 0.02109375 0.0390625
90 0.20546875 0.496875 0.02109375 0.0328125
333 0.3875 0.51640625 0.0296875 0.040625
1 0.59375 0.2859375 0.01953125 0.0421875
567 0.47578125 0.24140625 0.02109375 0.03203125
175 0.76484375 0.87265625 0.025 0.040625
649 0.25625 0.1390625 0.0265625 0.040625
324 0.2453125 0.79609375 0.02109375 0.0296875
454 0.63515625 0.88046875 0.025 0.03828125
52 0.85 0.790625 0.0203125 0.03203125
280 0.8921875 0.5609375 0.02265625 0.0328125
26 0.85 0.86640625 0.01953125 0.03359375
280 0.253125 0.346875 0.01953125 0.02890625
365 0.46796875 0.64453125 0.01953125 0.02734375
65 0.390625 0.4046875 0.0328125 0.02734375
475 0.46640625 0.78046875 0.025 0.02734375
625 0.63515625 0.65859375 0.02421875 0.04453125
87 0.7578125 0.12421875 0.02421875 0.03359375
159 0.5953125 0.6453125 0.02421875 0.0296875
567 0.39375 0.13828125 0.02421875 0.0390625
27 0.296875 0.48671875 0.03046875 0.0296875
689 0.16484375 0.85234375 0.02265625 0.0296875
689 0.384375 0.66875 0.0234375 0.03359375
341 0.559375 0.2859375 0.01953125 0.03046875
192 0.63203125 0.13828125 0.02265625 0.03515625
257 0.34609375 0.1375 0.025 0.03671875
561 0.16328125 0.91484375 0.028125 0.03046875
256 0.66953125 0.21484375 0.02265625 0.03515625
552 0.7140625 0.12421875 0.02734375 0.0296875
398 0.85 0.903125 0.01953125 0.03671875
136 0.88515625 0.128125 0.02109375 0.0421875
209 0.50703125 0.59453125 0.01875 0.02734375
65 0.509375 0.4234375 0.01953125 0.02734375
8 0.50234375 0.76796875 0.01875 0.028125
37 0.253125 0.31875 0.01796875 0.028125
435 0.7625 0.55234375 0.028125 0.03828125
567 0.509375 0.39375 0.01875 0.02734375
592 0.559375 0.221875 0.0203125 0.0296875
126 0.475 0.30546875 0.01875 0.0328125
126 0.509375 0.30234375 0.0171875 0.028125
578 0.0140625 0.634375 0.028125 0.053125
