437 0.746875 0.190625 0.028125 0.0421875
54 0.8828125 0.8859375 0.028125 0.034375
667 0.6171875 0.31796875 0.028125 0.034375
159 0.6203125 0.58203125 0.03046875 0.040625
623 0.78828125 0.2390625 0.02890625 0.040625
479 0.7515625 0.53984375 0.0328125 0.03515625
411 0.3890625 0.265625 0.0296875 0.04140625
271 0.790625 0.39765625 0.02890625 0.0390625
434 0.21640625 0.2265625 0.03203125 0.0421875
192 0.75390625 0.87421875 0.0296875 0.03359375
598 0.8796875 0.8515625 0.0265625 0.03203125
435 0.3890625 0.346875 0.03125 0.04140625
294 0.7875 0.31953125 0.028125 0.034375
649 0.753125 0.8078125 0.0296875 0.03515625
435 0.2125 0.384375 0.0296875 0.0390625
96 0.259375 0.22421875 0.03203125 0.03984375
60 0.70625 0.84375 0.02890625 0.03203125
454 0.87578125 0.3734375 0.0265625 0.0375
192 0.70390625 0.3890625 0.02578125 0.040625
204 0.871875 0.23515625 0.02890625 0.0328125
369 0.61796875 0.5390625 0.02578125 0.0390625
297 0.70078125 0.59140625 0.02578125 0.03515625
685 0.88359375 0.92421875 0.028125 0.03828125
633 0.215625 0.34453125 0.03125 0.0359375
667 0.25234375 0.415625 0.028125 0.0359375
20 0.7859375 0.15546875 0.0265625 0.03515625
673 0.79140625 0.55390625 0.02578125 0.03515625
287 0.2140625 0.30546875 0.03046875 0.0390625
146 0.703125 0.65546875 0.02421875 0.03671875
175 0.8796875 0.8140625 0.02265625 0.0390625
233 0.203125 0.7125 0.028125 0.03359375
214 0.39140625 0.18046875 0.03046875 0.04140625
176 0.20390625 0.75078125 0.03046875 0.04140625
51 0.6203125 0.42421875 0.02734375 0.028125
340 0.7953125 0.8859375 0.0265625 0.0296875
132 0.16640625 0.68671875 0.02890625 0.03671875
192 0.7515625 0.64765625 0.0234375 0.03671875
324 0.203125 0.678125 0.028125 0.03515625
324 0.30234375 0.28984375 0.03046875 0.03515625
441 0.1671875 0.65 0.02578125 0.03359375
189 0.4625 0.73828125 0.0234375 0.04296875
167 0.46015625 0.7796875 0.02265625 0.03828125
649 0.475 0.25546875 0.02890625 0.03671875
254 0.70078125 0.265625 0.028125 0.040625
489 0.58515625 0.63671875 0.028125 0.03046875
175 0.78828125 0.27890625 0.0265625 0.0421875
318 0.69765625 0.18671875 0.02265625 0.03203125
49 0.7953125 0.915625 0.02265625 0.02734375
698 0.88046875 0.4890625 0.02421875 0.0296875
297 0.66171875 0.84375 0.02265625 0.03359375
561 0.2546875 0.49296875 0.03125 0.04609375
350 0.3890625 0.3890625 0.03671875 0.03671875
216 0.58359375 0.74375 0.0234375 0.0328125
601 0.16953125 0.51484375 0.0234375 0.0359375
567 0.45859375 0.884375 0.02421875 0.03828125
54 0.29609375 0.54453125 0.0296875 0.0359375
327 0.75 0.57421875 0.028125 0.02734375
276 0.61953125 0.78125 0.02421875 0.03515625
233 0.6671875 0.9359375 0.02421875 0.034375
347 0.83125 0.20390625 0.0296875 0.04140625
120 0.471875 0.32890625 0.02109375 0.040625
126 0.58359375 0.7828125 0.0265625 0.03984375
649 0.30390625 0.40234375 0.034375 0.040625
288 0.2046875 0.6453125 0.02265625 0.0328125
515 0.88046875 0.74375 0.0234375 0.0328125
514 0.6171875 0.20859375 0.0234375 0.03046875
495 0.346875 0.1953125 0.025 0.034375
421 0.61640625 0.175 0.0265625 0.0328125
232 0.20390625 0.61171875 0.0234375 0.03359375
487 0.58125 0.53671875 0.0203125 0.03359375
166 0.37734375 0.7359375 0.02421875 0.028125
270 0.5796875 0.38984375 0.025 0.0265625
209 0.87109375 0.16796875 0.02421875 0.03125
304 0.46484375 0.66171875 0.02265625 0.03515625
381 0.1671875 0.9390625 0.028125 0.0359375
378 0.16875 0.4765625 0.025 0.03828125
7 0.58203125 0.7078125 0.01875 0.03203125
470 0.7078125 0.9125 0.02265625 0.03515625
287 0.61875 0.6203125 0.01953125 0.03046875
120 0.7859375 0.11484375 0.025 0.03671875
453 0.29609375 0.5078125 0.02734375 0.03671875
606 0.16953125 0.5546875 0.02421875 0.0390625
233 0.28515625 0.87890625 0.02890625 0.034375
368 0.4984375 0.61328125 0.02265625 0.0390625
711 0.303125 0.25234375 0.021875 0.03515625
67 0.753125 0.73671875 0.03125 0.025
189 0.21015625 0.47265625 0.02265625 0.03125
545 0.54765625 0.40859375 0.021875 0.0375
499 0.38125 0.6578125 0.02265625 0.0328125
188 0.496875 0.65390625 0.02109375 0.03671875
175 0.29140625 0.5859375 0.0265625 0.03828125
192 0.45703125 0.85078125 0.02109375 0.0265625
12 0.1640625 0.796875 0.02578125 0.0296875
276 0.2890625 0.62265625 0.025 0.03671875
170 0.2859375 0.7140625 0.01953125 0.03671875
688 0.171875 0.28046875 0.0234375 0.0390625
372 0.49453125 0.8453125 0.021875 0.0296875
658 0.4953125 0.809375 0.0203125 0.034375
126 0.1734375 0.16875 0.02109375 0.03515625
504 0.1734375 0.3609375 0.02265625 0.03359375
552 0.4984375 0.58203125 0.0203125 0.0265625
424 0.87421875 0.26953125 0.021875 0.0328125
495 0.19921875 0.9421875 0.02578125 0.03359375
424 0.175 0.134375 0.01875 0.03203125
475 0.2875 0.67734375 0.02578125 0.028125
103 0.0140625 0.57734375 0.028125 0.0578125
324 0.4921875 0.928125 0.01953125 0.0359375
