561 0.2390625 0.34921875 0.03125 0.0453125
392 0.796875 0.46328125 0.03671875 0.040625
387 0.70390625 0.22890625 0.0296875 0.0375
601 0.1515625 0.278125 0.02890625 0.0359375
191 0.1125 0.50234375 0.0296875 0.0375
237 0.28828125 0.23046875 0.02890625 0.03671875
674 0.153125 0.4296875 0.03125 0.04296875
54 0.709375 0.7546875 0.03203125 0.0390625
643 0.7953125 0.25703125 0.028125 0.040625
649 0.19453125 0.41015625 0.0296875 0.046875
347 0.1140625 0.37421875 0.0296875 0.03359375
136 0.7484375 0.3671875 0.02734375 0.0421875
363 0.36484375 0.78828125 0.03359375 0.0359375
601 0.19296875 0.61328125 0.03046875 0.03828125
302 0.14921875 0.8859375 0.0328125 0.0359375
507 0.8390625 0.1953125 0.028125 0.040625
526 0.11328125 0.54453125 0.0296875 0.040625
499 0.240625 0.2328125 0.03671875 0.0359375
313 0.84296875 0.63515625 0.04140625 0.0359375
276 0.153125 0.23984375 0.02578125 0.03359375
667 0.36875 0.63046875 0.028125 0.03828125
434 0.2796875 0.4234375 0.02734375 0.03359375
257 0.7921875 0.67734375 0.02890625 0.0328125
105 0.70390625 0.35078125 0.02890625 0.0390625
410 0.11328125 0.42109375 0.02890625 0.04765625
192 0.665625 0.87109375 0.0296875 0.0375
702 0.79375 0.21171875 0.02734375 0.040625
601 0.53515625 0.2953125 0.02421875 0.03671875
396 0.7484375 0.17734375 0.028125 0.0390625
39 0.70625 0.51484375 0.02890625 0.040625
271 0.1921875 0.75234375 0.0296875 0.0390625
649 0.3328125 0.2734375 0.025 0.0359375
332 0.19609375 0.33515625 0.0265625 0.03359375
404 0.7921875 0.6375 0.025 0.040625
81 0.84296875 0.725 0.03515625 0.04609375
8 0.4109375 0.2546875 0.02578125 0.0359375
304 0.1921875 0.7890625 0.0328125 0.0328125
196 0.5734375 0.884375 0.02421875 0.0359375
702 0.66015625 0.18046875 0.0359375 0.03359375
163 0.79375 0.1703125 0.02890625 0.0390625
601 0.5734375 0.2265625 0.02421875 0.03984375
202 0.19375 0.45703125 0.02890625 0.0375
76 0.1125 0.7953125 0.025 0.03828125
50 0.75234375 0.72578125 0.0296875 0.0359375
316 0.70078125 0.16015625 0.03046875 0.03828125
271 0.240625 0.19765625 0.0296875 0.03359375
435 0.328125 0.528125 0.02265625 0.0328125
513 0.2796875 0.53515625 0.0265625 0.03125
113 0.11484375 0.275 0.0265625 0.03671875
458 0.66015625 0.428125 0.03125 0.04296875
196 0.53515625 0.63203125 0.0265625 0.0390625
262 0.1140625 0.74921875 0.03203125 0.04375
433 0.11015625 0.8734375 0.0265625 0.03515625
81 0.74765625 0.13515625 0.0265625 0.040625
324 0.3734375 0.23203125 0.025 0.0359375
685 0.15234375 0.5171875 0.0265625 0.04296875
203 0.23671875 0.46640625 0.028125 0.04375
526 0.15078125 0.58515625 0.02421875 0.03046875
9 0.19296875 0.5421875 0.0296875 0.034375
454 0.36484375 0.7515625 0.02421875 0.0328125
621 0.659375 0.32265625 0.02578125 0.03828125
186 0.28203125 0.38515625 0.0234375 0.03828125
443 0.19296875 0.57734375 0.03125 0.0296875
160 0.2375 0.42578125 0.0265625 0.0328125
92 0.75078125 0.8875 0.03203125 0.03046875
592 0.3203125 0.8890625 0.02890625 0.02734375
424 0.19453125 0.36953125 0.02109375 0.0296875
492 0.57109375 0.54296875 0.025 0.034375
324 0.409375 0.4265625 0.0265625 0.0296875
232 0.19921875 0.18984375 0.025 0.03515625
453 0.5734375 0.36328125 0.02265625 0.028125
435 0.36953125 0.590625 0.025 0.03515625
271 0.15390625 0.121875 0.0296875 0.0375
615 0.53671875 0.59375 0.0234375 0.03359375
189 0.70703125 0.59765625 0.03125 0.03046875
650 0.5375 0.7875 0.02265625 0.0375
175 0.4046875 0.8640625 0.02421875 0.03984375
704 0.109375 0.915625 0.02578125 0.04609375
702 0.659375 0.359375 0.03046875 0.02890625
592 0.19296875 0.6484375 0.0265625 0.0265625
255 0.3640625 0.86171875 0.021875 0.04140625
175 0.36875 0.54765625 0.0234375 0.04140625
176 0.79609375 0.09140625 0.0359375 0.040625
467 0.28203125 0.4609375 0.02109375 0.03125
254 0.18984375 0.82265625 0.0296875 0.0328125
648 0.11484375 0.234375 0.02265625 0.03515625
248 0.14765625 0.73984375 0.0296875 0.025
54 0.74921875 0.4109375 0.03125 0.0390625
615 0.5734375 0.7140625 0.021875 0.03515625
276 0.56875 0.43828125 0.02890625 0.03828125
646 0.65859375 0.290625 0.02578125 0.028125
453 0.5375 0.71015625 0.02265625 0.0328125
702 0.57421875 0.9171875 0.0265625 0.03046875
37 0.4078125 0.7828125 0.02265625 0.03203125
552 0.57421875 0.8515625 0.02421875 0.0265625
257 0.7078125 0.79375 0.0375 0.0359375
702 0.41171875 0.15390625 0.02734375 0.03046875
702 0.44375 0.5453125 0.02421875 0.03671875
244 0.571875 0.6453125 0.0203125 0.0296875
386 0.6125 0.2078125 0.021875 0.04140625
139 0.409375 0.6265625 0.0265625 0.03046875
601 0.53671875 0.74609375 0.02421875 0.03359375
526 0.534375 0.4515625 0.0203125 0.03046875
514 0.65859375 0.38984375 0.02890625 0.03515625
163 0.40859375 0.534375 0.02734375 0.0265625
372 0.44609375 0.4359375 0.02265625 0.034375
552 0.1890625 0.89140625 0.0296875 0.0265625
65 0.146875 0.92421875 0.02890625 0.0296875
350 0.5375 0.90703125 0.0296875 0.03515625
58 0.44921875 0.2734375 0.01875 0.0328125
702 0.7 0.0953125 0.0296875 0.03671875
456 0.41171875 0.184375 0.0203125 0.025
65 0.41328125 0.121875 0.02890625 0.028125
307 0.53359375 0.1109375 0.02109375 0.03359375
424 0.23828125 0.2703125 0.02265625 0.03125
202 0.45 0.2046875 0.02109375 0.03515625
65 0.45 0.16953125 0.02109375 0.02734375
335 0.84609375 0.5453125 0.03359375 0.05625
