246 0.79765625 0.29296875 0.03671875 0.0375
643 0.75625 0.2515625 0.0296875 0.03203125
271 0.2890625 0.4234375 0.03203125 0.046875
96 0.7109375 0.1875 0.0328125 0.03515625
227 0.896875 0.7296875 0.03359375 0.040625
476 0.7140625 0.3734375 0.03046875 0.03828125
44 0.71171875 0.296875 0.0265625 0.0390625
274 0.84375 0.175 0.03046875 0.0375
324 0.75625 0.65625 0.0296875 0.0359375
622 0.33359375 0.440625 0.040625 0.04140625
177 0.24765625 0.16171875 0.03203125 0.046875
460 0.203125 0.5296875 0.0328125 0.0390625
210 0.8515625 0.44296875 0.03515625 0.03359375
669 0.2859375 0.2421875 0.03046875 0.03828125
649 0.46171875 0.246875 0.03125 0.03515625
271 0.20390625 0.57421875 0.03125 0.0421875
54 0.3328125 0.15625 0.03125 0.04609375
192 0.19921875 0.39921875 0.02890625 0.04140625
233 0.24453125 0.33984375 0.02890625 0.040625
226 0.6703125 0.52734375 0.02890625 0.040625
156 0.7140625 0.2578125 0.034375 0.03359375
271 0.20390625 0.69765625 0.02890625 0.0390625
632 0.85234375 0.6640625 0.03046875 0.0328125
512 0.89765625 0.6484375 0.03125 0.0390625
226 0.80390625 0.63828125 0.02421875 0.0359375
280 0.80625 0.6734375 0.0265625 0.03203125
601 0.62578125 0.55859375 0.0265625 0.03515625
226 0.89453125 0.45234375 0.021875 0.0390625
435 0.7546875 0.2859375 0.02421875 0.034375
423 0.6625 0.2296875 0.02421875 0.0359375
573 0.7546875 0.32265625 0.02578125 0.03046875
227 0.896875 0.275 0.03203125 0.03671875
453 0.80234375 0.46484375 0.02421875 0.03203125
453 0.33125 0.40078125 0.03125 0.0328125
44 0.159375 0.209375 0.02734375 0.0390625
496 0.4609375 0.1546875 0.0265625 0.04453125
641 0.33671875 0.63359375 0.0390625 0.046875
460 0.20078125 0.1859375 0.028125 0.040625
341 0.66875 0.65078125 0.02890625 0.03671875
44 0.84921875 0.47734375 0.028125 0.03515625
598 0.8484375 0.8859375 0.0265625 0.0328125
592 0.62578125 0.59453125 0.02734375 0.028125
454 0.62265625 0.35390625 0.02578125 0.0328125
601 0.2453125 0.83203125 0.02734375 0.0328125
648 0.84765625 0.515625 0.0296875 0.03359375
695 0.46015625 0.33359375 0.025 0.034375
175 0.66640625 0.32890625 0.025 0.03984375
568 0.67109375 0.6890625 0.0265625 0.0328125
151 0.79921875 0.14296875 0.02890625 0.028125
49 0.28828125 0.51484375 0.03359375 0.040625
65 0.75625 0.3546875 0.0296875 0.028125
175 0.66796875 0.47890625 0.02421875 0.0453125
146 0.4171875 0.15703125 0.025 0.040625
66 0.24296875 0.6375 0.034375 0.03515625
454 0.846875 0.81796875 0.02734375 0.03359375
453 0.80625 0.88359375 0.025 0.0296875
268 0.4609375 0.37109375 0.02578125 0.03125
499 0.8953125 0.31015625 0.025 0.02890625
365 0.2859375 0.3765625 0.02578125 0.040625
12 0.803125 0.60390625 0.0234375 0.0265625
274 0.80078125 0.3609375 0.02578125 0.0265625
601 0.6265625 0.91484375 0.025 0.0359375
397 0.8046875 0.825 0.0265625 0.02890625
453 0.85 0.40859375 0.0234375 0.03203125
453 0.46328125 0.81328125 0.025 0.03671875
183 0.590625 0.83125 0.02265625 0.0265625
619 0.590625 0.38046875 0.02421875 0.0328125
324 0.24296875 0.6046875 0.02890625 0.02734375
329 0.62421875 0.846875 0.02421875 0.0328125
401 0.49921875 0.52890625 0.025 0.03515625
132 0.85 0.9171875 0.02421875 0.025
324 0.8953125 0.91328125 0.034375 0.03359375
248 0.8046875 0.85390625 0.025 0.0234375
233 0.58828125 0.30625 0.02578125 0.0328125
57 0.2015625 0.1046875 0.03828125 0.04296875
553 0.5546875 0.20234375 0.02109375 0.03125
453 0.4984375 0.28046875 0.01953125 0.0296875
552 0.159375 0.13515625 0.03125 0.0265625
186 0.33125 0.28359375 0.028125 0.03984375
592 0.58515625 0.12578125 0.021875 0.0296875
276 0.49609375 0.1859375 0.02265625 0.0328125
448 0.2875 0.16171875 0.03203125 0.0296875
248 0.625 0.87734375 0.025 0.0234375
460 0.8890625 0.10078125 0.02265625 0.03203125
453 0.4984375 0.78515625 0.021875 0.03203125
529 0.58828125 0.90546875 0.02421875 0.0359375
404 0.49609375 0.115625 0.01953125 0.03203125
214 0.625 0.71015625 0.02265625 0.0421875
257 0.8 0.39375 0.03359375 0.034375
