225 0.78359375 0.234375 0.0359375 0.05078125
608 0.7828125 0.50625 0.0359375 0.03671875
672 0.69140625 0.3515625 0.03359375 0.0390625
276 0.640625 0.28203125 0.028125 0.03359375
76 0.78203125 0.18359375 0.03671875 0.0421875
316 0.63984375 0.39140625 0.02890625 0.03671875
378 0.559375 0.25625 0.02890625 0.034375
273 0.68515625 0.6328125 0.034375 0.0390625
257 0.73671875 0.29921875 0.02734375 0.040625
304 0.68984375 0.46640625 0.0296875 0.03046875
567 0.871875 0.5390625 0.034375 0.040625
175 0.73515625 0.38125 0.02578125 0.04765625
711 0.871875 0.578125 0.03125 0.03984375
188 0.64140625 0.4734375 0.028125 0.0390625
397 0.73359375 0.64609375 0.0328125 0.0359375
695 0.20390625 0.875 0.02890625 0.03359375
44 0.5953125 0.4703125 0.028125 0.03984375
520 0.82734375 0.6265625 0.03359375 0.04140625
188 0.64140625 0.63203125 0.028125 0.0421875
342 0.7796875 0.63515625 0.02890625 0.0375
411 0.86953125 0.759375 0.03125 0.03671875
192 0.33671875 0.72578125 0.02734375 0.0421875
327 0.1359375 0.22109375 0.03046875 0.040625
186 0.63828125 0.43203125 0.028125 0.03671875
60 0.3796875 0.734375 0.02734375 0.03671875
558 0.690625 0.13515625 0.03125 0.03828125
151 0.203125 0.909375 0.0296875 0.03515625
601 0.25 0.61328125 0.0296875 0.03671875
188 0.73671875 0.2546875 0.028125 0.04296875
243 0.684375 0.89765625 0.0265625 0.03203125
567 0.45546875 0.7546875 0.02578125 0.03671875
297 0.33515625 0.684375 0.02734375 0.0359375
632 0.690625 0.20390625 0.0296875 0.03359375
341 0.34375 0.45625 0.02421875 0.04140625
65 0.69140625 0.2375 0.03359375 0.028125
496 0.63984375 0.74609375 0.0265625 0.040625
334 0.30078125 0.32578125 0.0296875 0.03671875
385 0.38515625 0.42421875 0.02421875 0.0390625
631 0.459375 0.48046875 0.0234375 0.03515625
692 0.2953125 0.71328125 0.02734375 0.040625
568 0.7359375 0.50390625 0.025 0.03671875
689 0.775 0.84375 0.0265625 0.0359375
192 0.38671875 0.38046875 0.025 0.040625
140 0.64140625 0.59453125 0.0328125 0.03203125
529 0.728125 0.73359375 0.02421875 0.0390625
74 0.25703125 0.296875 0.028125 0.04140625
192 0.203125 0.83671875 0.02578125 0.0375
192 0.87578125 0.384375 0.025 0.04375
529 0.296875 0.403125 0.025 0.04375
501 0.5546875 0.46484375 0.025 0.02734375
119 0.41953125 0.84609375 0.025 0.03828125
396 0.346875 0.19765625 0.0234375 0.04140625
673 0.42109375 0.68671875 0.0234375 0.0359375
347 0.171875 0.23984375 0.03125 0.040625
276 0.209375 0.23359375 0.028125 0.04140625
347 0.5953125 0.4359375 0.025 0.02734375
94 0.68359375 0.86484375 0.02421875 0.03359375
120 0.86875 0.721875 0.02265625 0.034375
54 0.7296875 0.86953125 0.03125 0.0390625
65 0.6921875 0.509375 0.03359375 0.04453125
74 0.20546875 0.68515625 0.028125 0.02734375
175 0.42109375 0.47109375 0.02265625 0.0421875
711 0.38984375 0.15859375 0.0234375 0.040625
175 0.5578125 0.29375 0.02265625 0.03828125
324 0.86953125 0.853125 0.02421875 0.034375
613 0.384375 0.26953125 0.025 0.034375
324 0.4578125 0.63984375 0.02421875 0.0390625
601 0.25078125 0.5796875 0.0296875 0.028125
561 0.4578125 0.68125 0.02265625 0.03359375
149 0.5578125 0.54375 0.02578125 0.04375
330 0.38046875 0.77109375 0.021875 0.0328125
470 0.25546875 0.3703125 0.02734375 0.03203125
601 0.2609375 0.178125 0.02734375 0.0359375
269 0.45546875 0.86484375 0.02421875 0.0359375
65 0.24296875 0.85546875 0.02265625 0.025
232 0.421875 0.56953125 0.025 0.0359375
689 0.2421875 0.82421875 0.01875 0.03125
188 0.875 0.33984375 0.025 0.0421875
545 0.78125 0.103125 0.0328125 0.04375
443 0.2890625 0.89375 0.03046875 0.02734375
208 0.59921875 0.11328125 0.03046875 0.04140625
460 0.20625 0.6203125 0.02421875 0.0375
443 0.34375 0.3046875 0.025 0.028125
222 0.24921875 0.64765625 0.02421875 0.0296875
706 0.8265625 0.41328125 0.034375 0.02890625
188 0.4625 0.31015625 0.02109375 0.0390625
441 0.559375 0.14453125 0.02421875 0.03984375
441 0.45859375 0.51640625 0.02421875 0.0328125
460 0.29921875 0.3640625 0.02265625 0.03359375
567 0.21015625 0.41953125 0.02890625 0.0328125
248 0.33671875 0.90625 0.02890625 0.025
552 0.5578125 0.3578125 0.02578125 0.025
37 0.20546875 0.65546875 0.01953125 0.03046875
667 0.87421875 0.1046875 0.028125 0.03671875
183 0.45703125 0.790625 0.02265625 0.03203125
192 0.45859375 0.55546875 0.02265625 0.0421875
347 0.38515625 0.2328125 0.02265625 0.03671875
408 0.52109375 0.578125 0.021875 0.03671875
166 0.16875 0.28046875 0.021875 0.02734375
155 0.68515625 0.9328125 0.0234375 0.0359375
711 0.87578125 0.2234375 0.0296875 0.0453125
146 0.13125 0.14375 0.0234375 0.0375
669 0.33828125 0.8 0.028125 0.04453125
244 0.3453125 0.115625 0.02421875 0.0328125
132 0.55703125 0.21796875 0.02109375 0.03515625
689 0.87421875 0.265625 0.02109375 0.0296875
126 0.20703125 0.45390625 0.02421875 0.0328125
192 0.16875 0.11953125 0.025 0.0390625
501 0.13203125 0.18046875 0.02578125 0.0359375
55 0.26171875 0.140625 0.028125 0.034375
450 0.7765625 0.9125 0.03203125 0.02421875
537 0.734375 0.1015625 0.02421875 0.03125
12 0.46171875 0.2359375 0.02109375 0.028125
81 0.7765625 0.9390625 0.0296875 0.03671875
8 0.8265625 0.09921875 0.02265625 0.03203125
408 0.46328125 0.1296875 0.021875 0.03359375
170 0.425 0.23359375 0.0203125 0.03515625
460 0.3375 0.765625 0.03125 0.028125
14 0.69765625 0.0296875 0.02578125 0.02578125
