452 0.1421875 0.82890625 0.02734375 0.04296875
456 0.31171875 0.7265625 0.03125 0.03671875
687 0.21640625 0.89296875 0.02578125 0.03828125
419 0.87734375 0.55390625 0.03046875 0.03671875
558 0.14609375 0.871875 0.03125 0.0359375
369 0.146875 0.57734375 0.02734375 0.040625
678 0.353125 0.73203125 0.02890625 0.0390625
475 0.178125 0.803125 0.025 0.03671875
347 0.88203125 0.66328125 0.028125 0.034375
491 0.5703125 0.3796875 0.03046875 0.0359375
227 0.31171875 0.63828125 0.02890625 0.0421875
185 0.2203125 0.78984375 0.0328125 0.0328125
632 0.30625 0.85078125 0.025 0.0328125
408 0.36640625 0.184375 0.0328125 0.034375
623 0.40234375 0.4234375 0.0265625 0.03984375
621 0.18046875 0.765625 0.0296875 0.0296875
379 0.8734375 0.24765625 0.028125 0.03671875
80 0.14765625 0.5390625 0.03515625 0.03125
109 0.1453125 0.75546875 0.0265625 0.03046875
652 0.84453125 0.61015625 0.0296875 0.0328125
260 0.18046875 0.5375 0.028125 0.04375
79 0.44765625 0.46484375 0.028125 0.040625
334 0.615625 0.83515625 0.03359375 0.03359375
652 0.315625 0.4875 0.0296875 0.03359375
363 0.23046875 0.33359375 0.03359375 0.03984375
503 0.440625 0.69921875 0.02578125 0.03671875
60 0.21640625 0.93046875 0.028125 0.0359375
421 0.1859375 0.459375 0.02734375 0.0421875
421 0.18828125 0.41640625 0.03359375 0.034375
334 0.27578125 0.31953125 0.03515625 0.03671875
260 0.14609375 0.50546875 0.0265625 0.03828125
248 0.178125 0.8375 0.028125 0.02734375
532 0.6078125 0.44921875 0.02890625 0.03515625
695 0.27734375 0.18515625 0.028125 0.040625
444 0.69609375 0.21640625 0.03046875 0.0359375
153 0.3546875 0.53203125 0.0265625 0.03515625
202 0.4421875 0.58359375 0.02578125 0.03984375
155 0.14765625 0.65078125 0.0265625 0.03359375
338 0.44453125 0.50546875 0.0265625 0.03515625
567 0.696875 0.32890625 0.0265625 0.03203125
471 0.35234375 0.69375 0.028125 0.034375
589 0.8765625 0.32265625 0.0296875 0.0390625
89 0.14609375 0.68828125 0.02265625 0.0390625
573 0.40234375 0.503125 0.02578125 0.04140625
155 0.1828125 0.49765625 0.028125 0.03359375
57 0.60390625 0.34765625 0.0265625 0.0296875
437 0.31796875 0.1109375 0.03125 0.0421875
483 0.44140625 0.54140625 0.0265625 0.03828125
208 0.6125 0.796875 0.02265625 0.0390625
365 0.7015625 0.4015625 0.0296875 0.0421875
309 0.75234375 0.8953125 0.0265625 0.0390625
233 0.26953125 0.53984375 0.02734375 0.03515625
561 0.40390625 0.5421875 0.02890625 0.03515625
649 0.884375 0.88515625 0.0265625 0.03515625
495 0.66015625 0.73203125 0.028125 0.03359375
470 0.17890625 0.578125 0.02578125 0.03515625
421 0.7453125 0.48515625 0.02734375 0.0359375
652 0.146875 0.61640625 0.021875 0.03203125
552 0.21796875 0.825 0.0265625 0.0296875
152 0.23046875 0.26171875 0.02890625 0.0359375
334 0.22578125 0.6078125 0.034375 0.040625
363 0.74921875 0.7203125 0.0359375 0.03828125
350 0.8390625 0.496875 0.02421875 0.03828125
175 0.703125 0.78125 0.025 0.03828125
192 0.35859375 0.4515625 0.02578125 0.04140625
561 0.31953125 0.15234375 0.0234375 0.03671875
601 0.6578125 0.6953125 0.02421875 0.03828125
702 0.82890625 0.14609375 0.03046875 0.03671875
172 0.75078125 0.82578125 0.03125 0.03515625
623 0.48203125 0.50390625 0.02265625 0.03671875
227 0.653125 0.375 0.040625 0.0453125
209 0.7484375 0.56875 0.0296875 0.0375
623 0.1484375 0.4234375 0.02578125 0.04140625
227 0.48046875 0.5421875 0.02421875 0.03671875
74 0.78828125 0.1421875 0.02734375 0.0390625
514 0.746875 0.5265625 0.02421875 0.03828125
162 0.23125 0.18828125 0.0265625 0.0328125
146 0.6984375 0.36328125 0.02265625 0.03671875
545 0.5640625 0.20234375 0.0234375 0.0359375
689 0.70234375 0.43828125 0.0265625 0.03203125
346 0.48046875 0.659375 0.025 0.03203125
304 0.275 0.2359375 0.0328125 0.046875
495 0.66171875 0.81015625 0.028125 0.03359375
460 0.6109375 0.7140625 0.028125 0.03359375
24 0.60859375 0.48203125 0.0265625 0.0265625
475 0.69453125 0.18046875 0.02890625 0.02734375
499 0.22890625 0.40703125 0.02421875 0.03046875
443 0.78515625 0.18046875 0.02734375 0.0296875
191 0.22890625 0.37109375 0.02421875 0.03515625
470 0.3453125 0.90234375 0.028125 0.0328125
164 0.3484375 0.82109375 0.02578125 0.04296875
280 0.57109375 0.65078125 0.02109375 0.03046875
589 0.44921875 0.1921875 0.02421875 0.0390625
153 0.18359375 0.2765625 0.02578125 0.03671875
499 0.3125 0.559375 0.02421875 0.03203125
192 0.47890625 0.6953125 0.021875 0.0359375
695 0.3140625 0.45078125 0.02109375 0.0359375
555 0.84453125 0.715625 0.02109375 0.028125
81 0.59921875 0.20703125 0.025 0.03046875
209 0.7484375 0.790625 0.0296875 0.0328125
362 0.753125 0.9328125 0.02265625 0.03125
443 0.3453125 0.934375 0.02890625 0.0296875
51 0.74140625 0.2671875 0.02578125 0.03046875
526 0.6609375 0.8453125 0.02578125 0.03203125
184 0.646875 0.33828125 0.0296875 0.03359375
467 0.56640625 0.2703125 0.025 0.02890625
428 0.14765625 0.465625 0.02265625 0.0421875
315 0.61171875 0.6390625 0.028125 0.0296875
163 0.87109375 0.13359375 0.0265625 0.03671875
404 0.1890625 0.109375 0.02578125 0.04375
113 0.4765625 0.87265625 0.021875 0.03515625
135 0.571875 0.71953125 0.01953125 0.025
475 0.875 0.284375 0.02578125 0.028125
132 0.3875 0.93203125 0.02265625 0.03359375
561 0.74140625 0.3015625 0.02421875 0.0390625
698 0.61171875 0.6765625 0.0234375 0.0421875
324 0.14921875 0.3421875 0.0296875 0.0328125
83 0.53125 0.340625 0.0203125 0.03203125
74 0.53359375 0.375 0.0203125 0.0328125
207 0.534375 0.58984375 0.01953125 0.03046875
166 0.86796875 0.09765625 0.0234375 0.03046875
212 0.56640625 0.303125 0.02421875 0.03359375
30 0.8328125 0.2890625 0.0234375 0.021875
579 0.00703125 0.52109375 0.01328125 0.0515625
