363 0.28203125 0.7203125 0.03984375 0.040625
242 0.121875 0.86640625 0.02890625 0.03515625
207 0.2765625 0.43671875 0.0296875 0.040625
203 0.19921875 0.71953125 0.03125 0.0390625
124 0.8 0.7609375 0.0328125 0.04140625
334 0.1203125 0.68359375 0.0296875 0.03515625
415 0.32890625 0.51015625 0.034375 0.04609375
334 0.79921875 0.83359375 0.0375 0.03671875
437 0.153125 0.4421875 0.02890625 0.03515625
334 0.23671875 0.59765625 0.03515625 0.03828125
456 0.1578125 0.78515625 0.02890625 0.03984375
431 0.84609375 0.44296875 0.03046875 0.034375
363 0.11328125 0.41875 0.03125 0.04375
567 0.15703125 0.74453125 0.0296875 0.03203125
324 0.23984375 0.8171875 0.028125 0.0328125
192 0.84140625 0.22734375 0.02734375 0.04140625
363 0.2375 0.55546875 0.0359375 0.0421875
496 0.40859375 0.22578125 0.02890625 0.04375
297 0.84296875 0.55546875 0.02890625 0.03671875
226 0.2359375 0.4078125 0.0265625 0.040625
388 0.196875 0.75703125 0.0296875 0.03203125
601 0.625 0.2796875 0.02734375 0.0390625
163 0.7546875 0.8609375 0.02734375 0.0359375
649 0.846875 0.36875 0.03203125 0.034375
224 0.19609375 0.640625 0.0265625 0.04296875
192 0.79609375 0.8734375 0.04140625 0.03828125
659 0.1546875 0.68203125 0.0265625 0.0296875
369 0.8453125 0.759375 0.02734375 0.03828125
363 0.19375 0.50546875 0.0375 0.0390625
421 0.84609375 0.66953125 0.025 0.0375
192 0.23828125 0.74609375 0.025 0.03984375
347 0.67109375 0.44140625 0.03359375 0.03828125
313 0.190625 0.265625 0.028125 0.03828125
276 0.27890625 0.64921875 0.02734375 0.034375
1 0.18984375 0.22421875 0.028125 0.04453125
81 0.578125 0.409375 0.03125 0.04609375
601 0.4203125 0.815625 0.025 0.04140625
198 0.190625 0.18359375 0.0296875 0.0375
233 0.75546875 0.48203125 0.02890625 0.03359375
289 0.75390625 0.7078125 0.03046875 0.04296875
526 0.3296875 0.821875 0.03125 0.03359375
455 0.12109375 0.82578125 0.025 0.0390625
150 0.19375 0.54921875 0.02734375 0.0421875
623 0.278125 0.315625 0.025 0.0390625
233 0.625 0.4859375 0.02734375 0.0359375
453 0.2390625 0.7078125 0.02578125 0.03203125
453 0.234375 0.3359375 0.02578125 0.03359375
274 0.66796875 0.36484375 0.02578125 0.0359375
529 0.2375 0.88515625 0.028125 0.0359375
546 0.4125 0.39140625 0.0296875 0.03984375
5 0.6265625 0.559375 0.03359375 0.03515625
44 0.7578125 0.41015625 0.02578125 0.040625
643 0.27890625 0.35625 0.02421875 0.0421875
702 0.628125 0.628125 0.034375 0.0328125
489 0.66875 0.40234375 0.034375 0.034375
454 0.2296875 0.2203125 0.021875 0.0390625
454 0.228125 0.1796875 0.0265625 0.03515625
561 0.8453125 0.82734375 0.02890625 0.03203125
634 0.20390625 0.87578125 0.02578125 0.03203125
601 0.23671875 0.44453125 0.028125 0.03203125
497 0.80078125 0.6265625 0.02734375 0.03671875
60 0.8453125 0.51796875 0.0265625 0.03828125
233 0.5375 0.24609375 0.02421875 0.03046875
369 0.66796875 0.58828125 0.0265625 0.03828125
248 0.32578125 0.28046875 0.028125 0.0296875
257 0.7984375 0.4015625 0.02734375 0.034375
454 0.84296875 0.26875 0.028125 0.03671875
334 0.44921875 0.19609375 0.02890625 0.03359375
673 0.6671875 0.28359375 0.02421875 0.03359375
347 0.75859375 0.228125 0.03203125 0.0359375
526 0.53515625 0.75703125 0.02578125 0.02578125
109 0.11328125 0.509375 0.02578125 0.04296875
150 0.803125 0.209375 0.0265625 0.0359375
209 0.8 0.475 0.02109375 0.0359375
12 0.625 0.31640625 0.0265625 0.028125
232 0.80078125 0.3625 0.02421875 0.03515625
192 0.71640625 0.21328125 0.03046875 0.04453125
347 0.80078125 0.79765625 0.028125 0.02734375
150 0.2734375 0.23671875 0.0234375 0.03671875
553 0.7578125 0.265625 0.02421875 0.03515625
433 0.53828125 0.49296875 0.02421875 0.034375
65 0.115625 0.60390625 0.02265625 0.0390625
499 0.71484375 0.17265625 0.0265625 0.02890625
26 0.1453125 0.225 0.02109375 0.02734375
391 0.84375 0.79375 0.02265625 0.025
248 0.84375 0.334375 0.028125 0.02734375
411 0.2765625 0.13828125 0.02734375 0.0359375
424 0.1109375 0.3796875 0.0203125 0.03203125
263 0.40546875 0.13828125 0.0296875 0.0359375
419 0.14921875 0.3578125 0.025 0.04140625
175 0.18984375 0.140625 0.02578125 0.0421875
192 0.5359375 0.17421875 0.02109375 0.0390625
183 0.421875 0.85234375 0.021875 0.02734375
687 0.80078125 0.134375 0.02890625 0.03828125
397 0.71328125 0.13515625 0.028125 0.0375
662 0.2046875 0.953125 0.03203125 0.03203125
352 0.50546875 0.521875 0.02265625 0.03359375
601 0.15859375 0.9359375 0.028125 0.03125
575 0.32890625 0.66484375 0.03671875 0.0421875
540 0.5046875 0.25703125 0.02109375 0.0328125
391 0.19296875 0.365625 0.02109375 0.02421875
65 0.79609375 0.94609375 0.03125 0.0265625
458 0.3265625 0.42890625 0.0234375 0.03984375
207 0.50390625 0.59921875 0.01953125 0.03828125
424 0.19140625 0.3375 0.02265625 0.0296875
623 0.1234375 0.94140625 0.02421875 0.0421875
126 0.83984375 0.1578125 0.01953125 0.0265625
189 0.45390625 0.75390625 0.02109375 0.0390625
689 0.3703125 0.16875 0.021875 0.03046875
462 0.453125 0.71328125 0.021875 0.040625
552 0.5359375 0.13828125 0.02421875 0.028125
552 0.57578125 0.1796875 0.0265625 0.02734375
435 0.625 0.81875 0.02890625 0.03203125
65 0.75625 0.13203125 0.02578125 0.03203125
166 0.45078125 0.53671875 0.02265625 0.03046875
