677 0.73984375 0.85234375 0.0265625 0.0390625
363 0.28671875 0.7609375 0.0328125 0.03828125
334 0.2859375 0.68046875 0.02890625 0.03515625
573 0.3296875 0.8390625 0.02734375 0.03828125
126 0.77265625 0.40078125 0.02734375 0.0421875
540 0.77890625 0.80390625 0.02734375 0.0359375
672 0.7703125 0.2828125 0.02734375 0.03828125
573 0.28515625 0.7203125 0.02421875 0.04140625
260 0.421875 0.46875 0.02578125 0.0359375
601 0.28515625 0.58046875 0.0265625 0.0375
44 0.28515625 0.36015625 0.028125 0.0390625
702 0.28515625 0.64375 0.03125 0.034375
533 0.6046875 0.60859375 0.0265625 0.03515625
601 0.4234375 0.5390625 0.02265625 0.0359375
334 0.565625 0.6125 0.0265625 0.03515625
428 0.33359375 0.5453125 0.0296875 0.03671875
497 0.86640625 0.75234375 0.0234375 0.0359375
454 0.32734375 0.7984375 0.0265625 0.03984375
6 0.7265625 0.15 0.02734375 0.034375
477 0.33125 0.90859375 0.0390625 0.03671875
135 0.37421875 0.2265625 0.02734375 0.025
553 0.73125 0.39140625 0.0296875 0.028125
421 0.375 0.65625 0.02734375 0.0375
434 0.77109375 0.43671875 0.028125 0.03515625
474 0.46484375 0.53671875 0.0234375 0.03515625
421 0.9125 0.86875 0.02421875 0.03046875
567 0.28671875 0.90546875 0.0265625 0.03359375
404 0.16796875 0.8609375 0.0265625 0.0359375
274 0.565625 0.76171875 0.02578125 0.0328125
481 0.3765625 0.16484375 0.03046875 0.0328125
685 0.64140625 0.3796875 0.0234375 0.0359375
552 0.78046875 0.86796875 0.028125 0.02734375
87 0.684375 0.30234375 0.0296875 0.034375
229 0.56640625 0.725 0.02265625 0.03515625
515 0.6921875 0.5765625 0.03671875 0.0421875
453 0.33203125 0.31640625 0.02265625 0.03046875
319 0.28359375 0.3234375 0.02578125 0.0328125
287 0.6859375 0.378125 0.03359375 0.03828125
601 0.603125 0.4359375 0.02421875 0.0390625
453 0.9109375 0.65703125 0.02421875 0.0328125
309 0.9078125 0.36484375 0.02265625 0.03515625
623 0.56640625 0.45 0.02421875 0.040625
226 0.4671875 0.65625 0.02265625 0.03359375
191 0.815625 0.18046875 0.028125 0.0265625
414 0.1671875 0.821875 0.0234375 0.03828125
276 0.86484375 0.678125 0.02421875 0.03515625
487 0.72890625 0.3265625 0.01953125 0.03046875
86 0.903125 0.25625 0.028125 0.034375
175 0.3328125 0.46484375 0.02578125 0.04375
454 0.42109375 0.4296875 0.025 0.0390625
227 0.8609375 0.22109375 0.025 0.0390625
12 0.33203125 0.346875 0.0265625 0.025
113 0.28359375 0.21640625 0.0234375 0.03203125
497 0.284375 0.1375 0.02578125 0.0390625
658 0.60390625 0.328125 0.02578125 0.03828125
424 0.728125 0.29453125 0.02109375 0.03046875
94 0.1671875 0.6796875 0.02265625 0.028125
433 0.28359375 0.8375 0.0234375 0.03515625
60 0.1671875 0.5875 0.02734375 0.034375
623 0.64296875 0.5953125 0.0296875 0.0421875
365 0.865625 0.71484375 0.01953125 0.0328125
365 0.46640625 0.5953125 0.02265625 0.03125
330 0.46640625 0.625 0.0203125 0.02890625
183 0.28515625 0.6140625 0.0234375 0.0265625
65 0.465625 0.5671875 0.025 0.025
632 0.16171875 0.21171875 0.02734375 0.03203125
209 0.60625 0.83203125 0.0234375 0.0359375
276 0.60625 0.915625 0.02421875 0.034375
233 0.171875 0.96015625 0.0265625 0.0359375
244 0.91015625 0.690625 0.02109375 0.02734375
514 0.33203125 0.21875 0.0234375 0.034375
214 0.37578125 0.690625 0.021875 0.0296875
514 0.240625 0.1421875 0.02578125 0.0328125
365 0.284375 0.440625 0.02265625 0.0359375
601 0.56171875 0.23984375 0.02265625 0.0390625
12 0.3296875 0.13828125 0.0265625 0.0359375
341 0.56640625 0.64921875 0.0234375 0.0375
209 0.284375 0.51640625 0.02265625 0.03515625
507 0.63828125 0.20390625 0.02578125 0.03515625
280 0.37578125 0.621875 0.03046875 0.03203125
677 0.16171875 0.48125 0.02734375 0.03671875
65 0.72890625 0.22109375 0.025 0.02890625
489 0.37734375 0.5421875 0.0234375 0.0359375
665 0.5640625 0.27578125 0.01953125 0.028125
424 0.6015625 0.290625 0.01953125 0.03203125
561 0.6765625 0.1234375 0.02734375 0.03359375
503 0.60546875 0.36640625 0.025 0.03671875
37 0.640625 0.44609375 0.02265625 0.03125
526 0.37578125 0.3234375 0.028125 0.0359375
674 0.56484375 0.54921875 0.02109375 0.03203125
232 0.60703125 0.88203125 0.02265625 0.0328125
347 0.375 0.13046875 0.021875 0.03046875
424 0.375 0.19765625 0.0234375 0.028125
674 0.9 0.14765625 0.02265625 0.03046875
307 0.16640625 0.61875 0.02421875 0.025
114 0.49921875 0.246875 0.0203125 0.0328125
529 0.46640625 0.175 0.02734375 0.03203125
220 0.33203125 0.4203125 0.0296875 0.04140625
139 0.425 0.33984375 0.0296875 0.03125
72 0.203125 0.19609375 0.03046875 0.0296875
183 0.42578125 0.5703125 0.0234375 0.025
609 0.5015625 0.146875 0.0203125 0.03203125
