567 0.32421875 0.35 0.03125 0.03984375
649 0.3234375 0.38984375 0.03046875 0.0390625
363 0.36796875 0.41953125 0.040625 0.0421875
252 0.2765625 0.32578125 0.0296875 0.04140625
334 0.1859375 0.6453125 0.03125 0.0359375
601 0.275 0.45 0.02890625 0.0390625
514 0.2734375 0.40390625 0.03125 0.04375
362 0.32109375 0.715625 0.03203125 0.040625
667 0.75625 0.31875 0.03125 0.03828125
105 0.84375 0.76484375 0.0296875 0.03515625
453 0.32109375 0.75625 0.028125 0.03671875
632 0.234375 0.309375 0.03046875 0.034375
334 0.84609375 0.878125 0.0296875 0.03359375
192 0.8875 0.6125 0.0265625 0.0421875
453 0.1859375 0.71796875 0.028125 0.0328125
601 0.765625 0.67109375 0.0296875 0.04296875
460 0.4609375 0.44375 0.0296875 0.034375
482 0.32578125 0.20078125 0.02890625 0.0375
522 0.4140625 0.7078125 0.02890625 0.04921875
708 0.80390625 0.57890625 0.03359375 0.0421875
318 0.14765625 0.8015625 0.0296875 0.03203125
454 0.84609375 0.53046875 0.03046875 0.03828125
113 0.3203125 0.8390625 0.03046875 0.0359375
683 0.3234375 0.478125 0.02890625 0.040625
601 0.18515625 0.75390625 0.0265625 0.03828125
600 0.88515625 0.31953125 0.02890625 0.04140625
44 0.36640625 0.7078125 0.02734375 0.03828125
196 0.71640625 0.490625 0.02734375 0.0453125
652 0.14296875 0.4375 0.028125 0.0390625
643 0.72421875 0.9 0.02890625 0.0328125
271 0.63125 0.571875 0.0296875 0.03984375
499 0.41953125 0.2390625 0.0265625 0.03515625
192 0.84375 0.83828125 0.02578125 0.03828125
470 0.88671875 0.36484375 0.028125 0.0390625
146 0.1875 0.37109375 0.02421875 0.04140625
526 0.41640625 0.34375 0.0234375 0.03203125
287 0.80625 0.69765625 0.03515625 0.04140625
662 0.89296875 0.79375 0.02421875 0.0390625
421 0.14609375 0.35546875 0.02734375 0.03671875
131 0.32109375 0.87734375 0.0296875 0.034375
105 0.1484375 0.76484375 0.021875 0.03515625
411 0.4140625 0.45703125 0.02578125 0.03671875
441 0.840625 0.1796875 0.03046875 0.0453125
140 0.3234375 0.5984375 0.03359375 0.03125
433 0.146875 0.6265625 0.02421875 0.0359375
705 0.41484375 0.41953125 0.03203125 0.03125
423 0.41328125 0.49453125 0.02578125 0.0375
151 0.36640625 0.67109375 0.0265625 0.0328125
491 0.58671875 0.24765625 0.02734375 0.04296875
13 0.4171875 0.78515625 0.0296875 0.03203125
687 0.36328125 0.91328125 0.0296875 0.0453125
696 0.67421875 0.55625 0.02890625 0.0421875
232 0.8453125 0.2921875 0.0265625 0.03359375
192 0.1453125 0.16484375 0.02578125 0.040625
453 0.3671875 0.78671875 0.02578125 0.0328125
558 0.75390625 0.14296875 0.0265625 0.03671875
144 0.8875 0.40625 0.0234375 0.03359375
677 0.84609375 0.6921875 0.0234375 0.03359375
192 0.36328125 0.82734375 0.02421875 0.04296875
139 0.753125 0.17734375 0.02421875 0.0296875
435 0.84609375 0.80078125 0.0234375 0.03359375
334 0.4171875 0.82421875 0.03359375 0.0359375
166 0.89296875 0.75703125 0.02890625 0.0296875
65 0.22890625 0.46640625 0.02421875 0.02890625
491 0.15 0.9359375 0.02890625 0.0328125
365 0.14765625 0.6640625 0.0203125 0.03359375
132 0.6765625 0.64453125 0.0296875 0.040625
514 0.72109375 0.859375 0.028125 0.04375
541 0.18515625 0.33671875 0.0296875 0.03203125
604 0.70859375 0.1046875 0.0328125 0.03984375
163 0.84296875 0.2578125 0.028125 0.0296875
252 0.234375 0.225 0.0265625 0.0328125
558 0.8859375 0.57109375 0.02578125 0.03671875
424 0.18671875 0.53671875 0.03125 0.028125
19 0.7125 0.27734375 0.025 0.04921875
114 0.459375 0.52421875 0.025 0.03828125
203 0.146875 0.39453125 0.02734375 0.03828125
237 0.23046875 0.56953125 0.0296875 0.03515625
402 0.6765625 0.74140625 0.02421875 0.03515625
419 0.80234375 0.65546875 0.021875 0.0375
124 0.8453125 0.6125 0.02421875 0.0453125
470 0.88046875 0.09921875 0.028125 0.0421875
566 0.83984375 0.1328125 0.028125 0.03515625
44 0.49453125 0.59609375 0.02109375 0.03828125
196 0.66328125 0.10625 0.02890625 0.03984375
702 0.6796875 0.9296875 0.02421875 0.0328125
680 0.71875 0.5765625 0.02109375 0.03046875
456 0.62578125 0.32265625 0.02734375 0.0390625
274 0.671875 0.3015625 0.02578125 0.03359375
105 0.14296875 0.12421875 0.02421875 0.03515625
649 0.6265625 0.1109375 0.03359375 0.03828125
453 0.49453125 0.52578125 0.0203125 0.0328125
175 0.79453125 0.25078125 0.02578125 0.04609375
529 0.721875 0.7828125 0.02265625 0.03515625
561 0.18984375 0.81484375 0.028125 0.03125
11 0.49453125 0.55859375 0.01875 0.03046875
183 0.18671875 0.7890625 0.025 0.0265625
232 0.49453125 0.4078125 0.0203125 0.03515625
489 0.54765625 0.278125 0.021875 0.0390625
37 0.2359375 0.15390625 0.0296875 0.03515625
276 0.8375 0.09375 0.02265625 0.03203125
