601 0.17265625 0.36328125 0.02890625 0.040625
154 0.21640625 0.375 0.03046875 0.04140625
623 0.26171875 0.2625 0.02734375 0.040625
428 0.21171875 0.628125 0.028125 0.04140625
334 0.2546875 0.871875 0.03671875 0.0359375
379 0.1734375 0.31796875 0.02890625 0.0421875
649 0.6671875 0.815625 0.0296875 0.03671875
516 0.8796875 0.6828125 0.03359375 0.0421875
252 0.88125 0.72578125 0.0296875 0.04140625
436 0.17109375 0.65546875 0.03125 0.03359375
659 0.83359375 0.2046875 0.0375 0.04609375
491 0.1734375 0.5765625 0.0359375 0.0390625
649 0.8328125 0.25234375 0.03203125 0.040625
677 0.7921875 0.5265625 0.03359375 0.04140625
567 0.61640625 0.43515625 0.028125 0.04375
601 0.703125 0.4046875 0.03359375 0.04453125
486 0.78515625 0.38359375 0.0296875 0.04375
54 0.7453125 0.33828125 0.0296875 0.0453125
601 0.21015625 0.85078125 0.025 0.03515625
601 0.13359375 0.72734375 0.02734375 0.03203125
233 0.7515625 0.83046875 0.03046875 0.034375
204 0.353125 0.6234375 0.0296875 0.03203125
350 0.79296875 0.6953125 0.03203125 0.03515625
428 0.88203125 0.8796875 0.0328125 0.034375
368 0.88125 0.76875 0.0296875 0.04140625
183 0.2125 0.73515625 0.028125 0.03203125
183 0.21171875 0.88359375 0.02734375 0.02734375
324 0.709375 0.78828125 0.03046875 0.03359375
601 0.621875 0.71484375 0.0265625 0.03984375
60 0.83203125 0.4734375 0.028125 0.0328125
601 0.66015625 0.428125 0.028125 0.04453125
226 0.7921875 0.8578125 0.028125 0.0359375
192 0.703125 0.2765625 0.02734375 0.0421875
233 0.83046875 0.15234375 0.0296875 0.046875
401 0.78515625 0.33984375 0.0265625 0.03984375
183 0.17265625 0.40234375 0.02734375 0.02890625
334 0.665625 0.69765625 0.03515625 0.03515625
65 0.4390625 0.725 0.0265625 0.03515625
406 0.83515625 0.771875 0.0234375 0.03984375
183 0.21796875 0.33125 0.02890625 0.03125
601 0.65859375 0.28359375 0.0265625 0.04140625
139 0.70859375 0.7125 0.02734375 0.03359375
276 0.43515625 0.83359375 0.02421875 0.034375
470 0.2609375 0.3765625 0.02890625 0.03515625
658 0.17421875 0.6953125 0.03046875 0.0421875
233 0.66796875 0.88984375 0.02890625 0.0328125
601 0.88046875 0.84453125 0.0296875 0.034375
672 0.6125 0.153125 0.028125 0.04375
347 0.7890625 0.42265625 0.03984375 0.034375
411 0.34765625 0.91796875 0.0296875 0.04140625
175 0.1359375 0.2015625 0.02578125 0.04140625
674 0.2640625 0.15234375 0.025 0.03203125
184 0.784375 0.26328125 0.02734375 0.0421875
428 0.78515625 0.30234375 0.0265625 0.0359375
60 0.253125 0.93984375 0.0359375 0.0359375
689 0.6140625 0.19453125 0.028125 0.03515625
74 0.66328125 0.50546875 0.02734375 0.0359375
677 0.69921875 0.159375 0.028125 0.0375
188 0.578125 0.646875 0.02421875 0.03984375
276 0.6515625 0.15 0.025 0.034375
346 0.39453125 0.84765625 0.028125 0.03515625
173 0.74375 0.178125 0.03046875 0.03125
302 0.1765625 0.16328125 0.0375 0.0328125
126 0.475 0.3890625 0.02578125 0.03828125
437 0.35625 0.16171875 0.0265625 0.03359375
406 0.53828125 0.56875 0.0265625 0.03984375
24 0.88125 0.57109375 0.028125 0.03515625
423 0.3515625 0.3828125 0.03046875 0.04140625
265 0.26484375 0.1171875 0.0296875 0.0359375
226 0.5359375 0.68046875 0.02421875 0.0359375
324 0.21328125 0.6625 0.03203125 0.02578125
665 0.66328125 0.46953125 0.02421875 0.03046875
186 0.878125 0.2984375 0.025 0.0375
192 0.65625 0.23671875 0.0265625 0.04453125
226 0.47578125 0.50625 0.0234375 0.03828125
645 0.3109375 0.29921875 0.0375 0.03203125
324 0.83046875 0.40234375 0.02265625 0.02734375
564 0.70234375 0.45703125 0.028125 0.0515625
623 0.87734375 0.18203125 0.03125 0.040625
652 0.478125 0.54296875 0.02421875 0.03125
12 0.66328125 0.63125 0.028125 0.028125
635 0.475 0.690625 0.025 0.03671875
529 0.7078125 0.6765625 0.02265625 0.0328125
159 0.88046875 0.4171875 0.03046875 0.04375
387 0.1765625 0.12578125 0.03125 0.04375
313 0.43671875 0.65859375 0.0328125 0.0328125
44 0.7109375 0.9109375 0.028125 0.0390625
538 0.35390625 0.30234375 0.02421875 0.0296875
65 0.62265625 0.75390625 0.025 0.0296875
324 0.1328125 0.125 0.034375 0.0359375
27 0.57265625 0.23671875 0.025 0.02734375
559 0.7421875 0.146875 0.02734375 0.028125
491 0.62734375 0.91171875 0.0296875 0.034375
324 0.3515625 0.553125 0.03125 0.02734375
264 0.7 0.2359375 0.02890625 0.03359375
486 0.21171875 0.51953125 0.02734375 0.04453125
333 0.4359375 0.91171875 0.0265625 0.04296875
188 0.534375 0.29296875 0.02109375 0.0375
552 0.396875 0.815625 0.0265625 0.0265625
443 0.16953125 0.89921875 0.0296875 0.02734375
78 0.653125 0.11328125 0.025 0.03359375
412 0.4015625 0.50234375 0.02734375 0.02578125
674 0.2546875 0.80546875 0.03359375 0.03359375
324 0.478125 0.57734375 0.02109375 0.03359375
475 0.58046875 0.91875 0.02734375 0.0375
254 0.39921875 0.74765625 0.028125 0.03203125
37 0.8328125 0.73671875 0.02109375 0.03046875
186 0.221875 0.12421875 0.02890625 0.03125
379 0.6984375 0.1140625 0.0265625 0.04453125
412 0.21328125 0.8078125 0.02890625 0.0453125
552 0.47265625 0.86640625 0.02421875 0.028125
113 0.475 0.32109375 0.02265625 0.03515625
592 0.47421875 0.79296875 0.01953125 0.03203125
74 0.7 0.19765625 0.0265625 0.0359375
655 0.4 0.40390625 0.025 0.0265625
552 0.4 0.56796875 0.0265625 0.0265625
397 0.47734375 0.253125 0.02109375 0.03671875
