698 0.334375 0.32890625 0.03671875 0.04453125
60 0.15390625 0.8890625 0.03359375 0.03515625
429 0.196875 0.3375 0.03046875 0.040625
233 0.15 0.3625 0.0296875 0.03828125
313 0.24296875 0.16171875 0.03671875 0.03515625
645 0.60078125 0.25703125 0.0328125 0.03671875
324 0.115625 0.825 0.03125 0.034375
65 0.1984375 0.29921875 0.0296875 0.03671875
702 0.19765625 0.45859375 0.0296875 0.03671875
411 0.153125 0.6609375 0.03046875 0.0390625
601 0.6875 0.26015625 0.0296875 0.0421875
159 0.29296875 0.51640625 0.03515625 0.03359375
313 0.24375 0.753125 0.0359375 0.03515625
601 0.60390625 0.36484375 0.02734375 0.040625
601 0.2453125 0.47734375 0.03359375 0.03828125
192 0.61015625 0.68515625 0.02578125 0.04296875
351 0.64140625 0.34375 0.02734375 0.03828125
163 0.1984375 0.41640625 0.028125 0.03828125
183 0.6828125 0.1625 0.03046875 0.04609375
657 0.73046875 0.303125 0.03359375 0.0375
467 0.7421875 0.83203125 0.028125 0.0359375
276 0.24375 0.8703125 0.028125 0.0359375
203 0.771875 0.33046875 0.028125 0.04765625
276 0.3828125 0.83125 0.0296875 0.03515625
324 0.11328125 0.646875 0.0296875 0.034375
146 0.24296875 0.59296875 0.0359375 0.03828125
702 0.290625 0.8703125 0.0328125 0.03046875
131 0.8578125 0.14609375 0.03203125 0.040625
419 0.24453125 0.7921875 0.02734375 0.0375
151 0.7328125 0.39375 0.0296875 0.04765625
645 0.7765625 0.4671875 0.0359375 0.03828125
123 0.1984375 0.19140625 0.02734375 0.03046875
611 0.85390625 0.275 0.0265625 0.0328125
125 0.6390625 0.16328125 0.03125 0.03828125
623 0.696875 0.77265625 0.03125 0.0359375
324 0.7671875 0.115625 0.034375 0.034375
232 0.28984375 0.59453125 0.028125 0.0359375
489 0.24453125 0.403125 0.02890625 0.03515625
139 0.65078125 0.6140625 0.02890625 0.0328125
276 0.24140625 0.4390625 0.02734375 0.03359375
421 0.2890625 0.63203125 0.0265625 0.03359375
276 0.60625 0.6453125 0.0265625 0.03515625
277 0.85703125 0.10625 0.0296875 0.0359375
60 0.8171875 0.234375 0.034375 0.03515625
259 0.33671875 0.57265625 0.034375 0.03359375
553 0.784375 0.7078125 0.03203125 0.0390625
604 0.11015625 0.21328125 0.028125 0.034375
678 0.65390625 0.68203125 0.03125 0.0390625
408 0.77265625 0.378125 0.028125 0.0453125
611 0.33828125 0.7609375 0.028125 0.0328125
149 0.24453125 0.6703125 0.02890625 0.040625
601 0.42421875 0.48671875 0.028125 0.040625
175 0.5640625 0.33515625 0.0265625 0.03671875
297 0.28828125 0.3 0.02734375 0.0328125
431 0.60625 0.484375 0.028125 0.03359375
677 0.7875 0.83125 0.0296875 0.0375
568 0.196875 0.72734375 0.03046875 0.03515625
381 0.828125 0.8078125 0.03359375 0.03359375
202 0.29140625 0.1890625 0.02578125 0.0390625
711 0.15234375 0.621875 0.02578125 0.03359375
397 0.2421875 0.3671875 0.025 0.03359375
645 0.73984375 0.86796875 0.028125 0.0328125
649 0.784375 0.74765625 0.03359375 0.03515625
424 0.29140625 0.4828125 0.03515625 0.02890625
328 0.19375 0.76953125 0.025 0.03984375
209 0.24375 0.19921875 0.028125 0.03203125
276 0.2890625 0.44921875 0.03359375 0.03359375
328 0.1484375 0.284375 0.0234375 0.03828125
612 0.11015625 0.36796875 0.025 0.04375
649 0.821875 0.59921875 0.02890625 0.03046875
601 0.60859375 0.5609375 0.0296875 0.0328125
125 0.53125 0.56796875 0.0234375 0.03359375
315 0.1515625 0.7390625 0.025 0.03671875
334 0.33359375 0.16484375 0.02578125 0.03828125
81 0.73828125 0.6859375 0.0265625 0.04140625
344 0.3828125 0.15390625 0.0296875 0.040625
209 0.7796875 0.54453125 0.02734375 0.03359375
178 0.7015625 0.8859375 0.028125 0.03828125
652 0.1546875 0.58046875 0.0296875 0.0359375
568 0.15078125 0.7765625 0.02109375 0.0328125
385 0.1484375 0.321875 0.02578125 0.03515625
561 0.109375 0.4515625 0.02421875 0.034375
499 0.82421875 0.73515625 0.028125 0.0328125
146 0.6921875 0.5984375 0.025 0.03671875
276 0.196875 0.49609375 0.02421875 0.03359375
588 0.34140625 0.72734375 0.02890625 0.028125
404 0.69296875 0.4109375 0.034375 0.03359375
184 0.74296875 0.90234375 0.028125 0.03515625
563 0.7796875 0.5046875 0.03671875 0.0359375
239 0.7296875 0.3453125 0.02421875 0.0421875
456 0.86640625 0.68203125 0.02578125 0.0328125
187 0.24296875 0.63125 0.02734375 0.03359375
623 0.61015625 0.76640625 0.02421875 0.0390625
317 0.82890625 0.90234375 0.02890625 0.04140625
548 0.1140625 0.32421875 0.03125 0.0359375
24 0.86953125 0.803125 0.02578125 0.03203125
192 0.1171875 0.9375 0.0265625 0.040625
330 0.73671875 0.55625 0.02265625 0.0359375
141 0.69453125 0.66875 0.0265625 0.03515625
420 0.1953125 0.84296875 0.02265625 0.03046875
685 0.33515625 0.1234375 0.0265625 0.040625
559 0.4234375 0.59140625 0.028125 0.03359375
531 0.53671875 0.7890625 0.02109375 0.03125
248 0.865625 0.61015625 0.028125 0.028125
552 0.290625 0.1546875 0.025 0.0265625
674 0.5296875 0.4796875 0.02265625 0.04140625
538 0.4609375 0.69921875 0.02265625 0.03828125
503 0.33671875 0.41015625 0.03125 0.03828125
365 0.6484375 0.58203125 0.02265625 0.0296875
276 0.42109375 0.16328125 0.028125 0.03671875
139 0.24453125 0.90390625 0.0265625 0.0265625
435 0.5609375 0.1046875 0.02421875 0.03671875
696 0.3828125 0.30234375 0.02890625 0.028125
365 0.69453125 0.63125 0.0234375 0.0328125
365 0.528125 0.3953125 0.02265625 0.0359375
77 0.11484375 0.68046875 0.02890625 0.0265625
276 0.78671875 0.871875 0.03046875 0.03515625
119 0.15 0.16171875 0.0265625 0.03515625
126 0.6 0.2921875 0.0203125 0.03203125
233 0.42265625 0.125 0.02578125 0.0359375
702 0.14921875 0.12421875 0.03046875 0.0375
568 0.4609375 0.471875 0.02109375 0.0359375
148 0.8546875 0.06875 0.03359375 0.03828125
706 0.521875 0.10859375 0.0265625 0.02734375
226 0.4609375 0.36328125 0.02265625 0.03828125
689 0.6890625 0.375 0.02578125 0.0359375
424 0.1140625 0.25078125 0.03359375 0.02734375
368 0.59921875 0.18203125 0.02578125 0.03984375
170 0.52578125 0.28125 0.0203125 0.03671875
132 0.459375 0.8953125 0.01953125 0.0421875
540 0.115625 0.9015625 0.0296875 0.028125
126 0.73828125 0.728125 0.0234375 0.0359375
27 0.38125 0.11484375 0.025 0.02890625
183 0.63828125 0.128125 0.02890625 0.02890625
677 0.5390625 0.8953125 0.02578125 0.0390625
591 0.15 0.43828125 0.0265625 0.04375
183 0.28828125 0.71328125 0.03046875 0.0359375
81 0.64453125 0.3859375 0.03125 0.0453125
402 0.8125 0.109375 0.025 0.03671875
431 0.46015625 0.13203125 0.02421875 0.03359375
