632 0.3109375 0.290625 0.03125 0.0359375
454 0.2671875 0.20625 0.03046875 0.0390625
570 0.13828125 0.41640625 0.03203125 0.03671875
93 0.25859375 0.52421875 0.03125 0.0390625
192 0.26484375 0.321875 0.0265625 0.040625
518 0.2203125 0.32734375 0.02890625 0.0375
649 0.2109375 0.87734375 0.0359375 0.03515625
601 0.77734375 0.1859375 0.03203125 0.0453125
518 0.265625 0.28203125 0.0265625 0.03359375
334 0.78203125 0.46328125 0.03125 0.0359375
421 0.25078125 0.8875 0.0265625 0.0359375
491 0.82265625 0.409375 0.0328125 0.04296875
673 0.21328125 0.49765625 0.028125 0.03671875
460 0.21171875 0.7609375 0.02734375 0.040625
551 0.38984375 0.5765625 0.02734375 0.0328125
667 0.22265625 0.25078125 0.0296875 0.0390625
613 0.21875 0.41015625 0.0375 0.0390625
601 0.3109375 0.215625 0.0296875 0.0421875
491 0.1359375 0.35078125 0.03125 0.03671875
334 0.653125 0.5140625 0.03125 0.0390625
503 0.21328125 0.6078125 0.02734375 0.03984375
74 0.78125 0.42421875 0.02734375 0.0359375
601 0.17421875 0.28984375 0.028125 0.0390625
276 0.13203125 0.70625 0.028125 0.03359375
210 0.21015625 0.79921875 0.028125 0.03671875
434 0.12734375 0.84296875 0.025 0.03046875
677 0.78984375 0.86640625 0.0265625 0.040625
79 0.34375 0.6796875 0.0328125 0.03671875
276 0.17578125 0.1765625 0.03203125 0.040625
324 0.2671875 0.165625 0.02734375 0.0390625
582 0.43671875 0.559375 0.03203125 0.03828125
275 0.64296875 0.18203125 0.02578125 0.0390625
470 0.42578125 0.8640625 0.02421875 0.0328125
601 0.4375 0.459375 0.0265625 0.02734375
159 0.60859375 0.46640625 0.02421875 0.03203125
55 0.61484375 0.5390625 0.025 0.0390625
698 0.26015625 0.48359375 0.028125 0.03828125
623 0.56796875 0.26796875 0.02265625 0.0359375
456 0.25859375 0.59921875 0.02734375 0.03359375
526 0.12890625 0.81171875 0.025 0.0265625
456 0.309375 0.33046875 0.02265625 0.0359375
694 0.81875 0.36875 0.03046875 0.0359375
223 0.21484375 0.53515625 0.03125 0.0359375
424 0.26640625 0.2453125 0.02265625 0.03515625
233 0.60546875 0.190625 0.025 0.0328125
404 0.42734375 0.8984375 0.02578125 0.0328125
113 0.60703125 0.271875 0.0234375 0.040625
421 0.2078125 0.95390625 0.02734375 0.0421875
276 0.64609375 0.290625 0.0265625 0.03359375
601 0.56953125 0.37109375 0.0234375 0.0390625
183 0.4296875 0.7265625 0.02265625 0.040625
364 0.4765625 0.3609375 0.0265625 0.03046875
437 0.69453125 0.32265625 0.034375 0.03359375
204 0.6421875 0.14296875 0.02578125 0.03515625
327 0.175 0.25 0.0296875 0.03046875
232 0.253125 0.75 0.02421875 0.0390625
184 0.8703125 0.4734375 0.03125 0.034375
491 0.13203125 0.93984375 0.03125 0.03828125
569 0.7828125 0.56796875 0.03203125 0.02890625
435 0.6078125 0.3515625 0.02421875 0.0375
526 0.871875 0.36484375 0.02734375 0.03203125
54 0.475 0.5265625 0.02421875 0.040625
80 0.2578125 0.63359375 0.03671875 0.0296875
183 0.3109375 0.25546875 0.02265625 0.03203125
74 0.21171875 0.83828125 0.028125 0.03671875
57 0.8203125 0.29609375 0.02578125 0.0296875
276 0.7859375 0.78828125 0.02578125 0.03984375
632 0.6453125 0.2515625 0.025 0.03515625
634 0.1328125 0.52109375 0.021875 0.0328125
665 0.778125 0.22734375 0.025 0.03203125
654 0.57421875 0.49765625 0.0296875 0.02890625
175 0.65 0.40078125 0.025 0.04453125
237 0.65625 0.7484375 0.028125 0.03203125
674 0.56953125 0.3046875 0.02265625 0.03359375
437 0.13515625 0.24609375 0.02578125 0.0390625
183 0.1328125 0.5546875 0.02265625 0.028125
114 0.871875 0.51328125 0.028125 0.03828125
332 0.29609375 0.7609375 0.0234375 0.03046875
132 0.690625 0.28359375 0.02421875 0.03515625
689 0.2625 0.40078125 0.02109375 0.03046875
359 0.7796875 0.38984375 0.02421875 0.03046875
499 0.5734375 0.5296875 0.02265625 0.0296875
454 0.34609375 0.55390625 0.0234375 0.03828125
191 0.36015625 0.1703125 0.0359375 0.03203125
232 0.3953125 0.471875 0.021875 0.0296875
696 0.8703125 0.403125 0.021875 0.03828125
601 0.73203125 0.1078125 0.0296875 0.04296875
649 0.825 0.47734375 0.034375 0.03671875
276 0.6078125 0.3921875 0.02421875 0.034375
245 0.790625 0.9078125 0.02578125 0.02890625
558 0.13671875 0.1703125 0.03203125 0.04453125
183 0.57109375 0.4078125 0.0234375 0.03046875
514 0.871875 0.68203125 0.0296875 0.04140625
74 0.78671875 0.6046875 0.03515625 0.03984375
424 0.2921875 0.8328125 0.02109375 0.028125
287 0.471875 0.60234375 0.021875 0.03359375
347 0.81328125 0.096875 0.03125 0.03515625
592 0.475 0.39140625 0.0234375 0.025
601 0.5375 0.45546875 0.0203125 0.03203125
427 0.3828125 0.86328125 0.0234375 0.0265625
549 0.825 0.55234375 0.02578125 0.0421875
654 0.65703125 0.79375 0.028125 0.04921875
592 0.58125 0.86640625 0.02578125 0.03203125
335 0.534375 0.28046875 0.02109375 0.025
592 0.47890625 0.25546875 0.02265625 0.0296875
175 0.646875 0.103125 0.0328125 0.046875
346 0.73359375 0.1484375 0.02890625 0.0296875
427 0.38984375 0.64921875 0.02578125 0.02734375
166 0.5765625 0.7109375 0.02265625 0.025
427 0.134375 0.38359375 0.0234375 0.0265625
637 0.815625 0.13203125 0.028125 0.03359375
475 0.8296875 0.8109375 0.025 0.03046875
433 0.47890625 0.15234375 0.02109375 0.0296875
336 0.6859375 0.11171875 0.02421875 0.0421875
43 0.4734375 0.69921875 0.021875 0.03203125
25 0.3953125 0.4046875 0.0203125 0.0234375
307 0.5421875 0.62421875 0.0203125 0.025
427 0.12890625 0.9078125 0.02265625 0.02421875
404 0.87265625 0.78359375 0.03125 0.046875
51 0.4796875 0.21953125 0.0203125 0.03125
460 0.47890625 0.18203125 0.01953125 0.0296875
427 0.82265625 0.4453125 0.02421875 0.02578125
37 0.4453125 0.1625 0.025 0.03046875
324 0.5453125 0.8890625 0.0203125 0.03359375
