645 0.21953125 0.25 0.03359375 0.0359375
701 0.30859375 0.21015625 0.03125 0.04375
601 0.3046875 0.38046875 0.0296875 0.0390625
192 0.17265625 0.35234375 0.02578125 0.040625
176 0.22109375 0.2875 0.034375 0.03359375
701 0.78515625 0.51015625 0.03125 0.04140625
265 0.2609375 0.42265625 0.0265625 0.03828125
601 0.64921875 0.2625 0.03046875 0.03671875
334 0.5765625 0.39921875 0.03125 0.03359375
274 0.215625 0.39375 0.0265625 0.03828125
561 0.7875 0.4359375 0.03125 0.03671875
80 0.73671875 0.19453125 0.025 0.03515625
54 0.1375 0.43515625 0.02578125 0.03671875
454 0.17265625 0.2703125 0.0296875 0.0390625
175 0.17265625 0.31015625 0.02578125 0.04140625
92 0.2609375 0.384375 0.02734375 0.03828125
363 0.74765625 0.61953125 0.03515625 0.040625
150 0.21328125 0.546875 0.0265625 0.04296875
214 0.66484375 0.63515625 0.0296875 0.03359375
639 0.74296875 0.46796875 0.028125 0.0375
334 0.60859375 0.18203125 0.02734375 0.03671875
350 0.74609375 0.50859375 0.03203125 0.03671875
207 0.25546875 0.6203125 0.0296875 0.040625
667 0.1765625 0.159375 0.03046875 0.0328125
702 0.39453125 0.53125 0.02734375 0.034375
153 0.25625 0.578125 0.0265625 0.03828125
612 0.79296875 0.70859375 0.02578125 0.03828125
408 0.21640625 0.328125 0.021875 0.03671875
233 0.7390625 0.34453125 0.02421875 0.03671875
342 0.7390625 0.38359375 0.02421875 0.0421875
289 0.303125 0.57109375 0.03359375 0.04375
688 0.82734375 0.50546875 0.02578125 0.0359375
275 0.79375 0.74765625 0.028125 0.0359375
567 0.30546875 0.34375 0.02734375 0.03359375
126 0.7953125 0.85078125 0.02578125 0.0328125
287 0.17109375 0.509375 0.0296875 0.0359375
428 0.8671875 0.23046875 0.02421875 0.03671875
233 0.21328125 0.6265625 0.028125 0.03515625
460 0.30390625 0.4953125 0.02734375 0.0375
621 0.1734375 0.19140625 0.0265625 0.0328125
643 0.25546875 0.8140625 0.0265625 0.0390625
441 0.1765625 0.115625 0.03125 0.04609375
192 0.7046875 0.55 0.025 0.04140625
214 0.61328125 0.4578125 0.02421875 0.03515625
561 0.3578125 0.1859375 0.0296875 0.0328125
642 0.69921875 0.35625 0.0296875 0.03671875
99 0.39453125 0.6046875 0.02578125 0.0328125
570 0.1359375 0.39375 0.0296875 0.0390625
601 0.8234375 0.29296875 0.02578125 0.03828125
685 0.70625 0.59453125 0.02265625 0.0375
175 0.73984375 0.4265625 0.02421875 0.0421875
232 0.81953125 0.17890625 0.025 0.0390625
239 0.828125 0.58671875 0.02421875 0.034375
113 0.396875 0.43046875 0.028125 0.03203125
635 0.6140625 0.49453125 0.02109375 0.0359375
66 0.73671875 0.22890625 0.02421875 0.028125
60 0.78984375 0.61640625 0.0296875 0.0296875
139 0.39453125 0.840625 0.0265625 0.0328125
567 0.73359375 0.11796875 0.02265625 0.03671875
175 0.66015625 0.59453125 0.02265625 0.0421875
160 0.70390625 0.475 0.0265625 0.0265625
297 0.7078125 0.7015625 0.0265625 0.03515625
276 0.5796875 0.6875 0.0234375 0.03359375
373 0.56875 0.1375 0.025 0.03515625
649 0.359375 0.11171875 0.03359375 0.03515625
175 0.71328125 0.81171875 0.025 0.040625
601 0.69140625 0.14765625 0.025 0.0390625
82 0.2140625 0.71015625 0.02734375 0.0328125
693 0.65625 0.48203125 0.02109375 0.0421875
564 0.2640625 0.178125 0.02578125 0.03671875
553 0.696875 0.29296875 0.0296875 0.028125
175 0.7484375 0.7375 0.025 0.0421875
183 0.82421875 0.3296875 0.02265625 0.0296875
324 0.309375 0.28359375 0.03203125 0.0359375
280 0.6609375 0.5578125 0.02265625 0.03046875
346 0.8359375 0.83984375 0.02265625 0.02890625
689 0.21640625 0.16875 0.02421875 0.040625
611 0.57890625 0.61640625 0.02109375 0.028125
192 0.625 0.86796875 0.02109375 0.0359375
552 0.65546875 0.41328125 0.028125 0.02734375
601 0.475 0.584375 0.02265625 0.0359375
657 0.134375 0.26015625 0.02265625 0.02421875
673 0.70703125 0.63046875 0.02265625 0.0328125
499 0.25625 0.7765625 0.0265625 0.03203125
552 0.74453125 0.54375 0.028125 0.03046875
155 0.74453125 0.578125 0.0234375 0.03515625
276 0.13203125 0.190625 0.0265625 0.03515625
80 0.2640625 0.21953125 0.03125 0.04453125
704 0.8328125 0.67734375 0.0234375 0.0390625
297 0.4734375 0.478125 0.02265625 0.0328125
552 0.61796875 0.63046875 0.02734375 0.025
491 0.66953125 0.82265625 0.025 0.04375
677 0.6703125 0.86796875 0.02265625 0.04140625
175 0.6984375 0.3953125 0.025 0.04296875
280 0.17265625 0.54609375 0.0234375 0.03515625
120 0.6640625 0.671875 0.025 0.0265625
315 0.4734375 0.753125 0.0234375 0.0296875
37 0.66796875 0.740625 0.02421875 0.03046875
65 0.134375 0.359375 0.02265625 0.0265625
601 0.83125 0.621875 0.0296875 0.028125
613 0.4765625 0.54453125 0.025 0.03359375
424 0.2109375 0.93359375 0.02265625 0.03203125
472 0.625 0.8328125 0.02265625 0.028125
657 0.4765625 0.31796875 0.01875 0.02734375
500 0.64453125 0.08046875 0.028125 0.03359375
24 0.4765625 0.34765625 0.0171875 0.02890625
549 0.62421875 0.903125 0.01953125 0.03203125
139 0.4 0.11328125 0.0296875 0.03515625
665 0.47265625 0.878125 0.01953125 0.02734375
146 0.74921875 0.6609375 0.02890625 0.03984375
397 0.53984375 0.4046875 0.0234375 0.034375
233 0.7125 0.90625 0.0296875 0.034375
493 0.47421875 0.78359375 0.02109375 0.02890625
126 0.47578125 0.2859375 0.02109375 0.0328125
65 0.47578125 0.1203125 0.0203125 0.02421875
432 0.25078125 0.92578125 0.021875 0.03515625
414 0.4765625 0.18046875 0.0171875 0.028125
348 0.00546875 0.57890625 0.01015625 0.05234375
15 0.6921875 0.01171875 0.028125 0.0234375
