387 0.86171875 0.26328125 0.03828125 0.040625
334 0.26484375 0.778125 0.0328125 0.0390625
334 0.18046875 0.83828125 0.03125 0.03515625
435 0.18359375 0.5265625 0.028125 0.0390625
271 0.3109375 0.82578125 0.0328125 0.04453125
649 0.1859375 0.41640625 0.03125 0.03671875
641 0.26640625 0.8203125 0.0296875 0.040625
601 0.778125 0.61171875 0.028125 0.0453125
274 0.309375 0.6703125 0.034375 0.04140625
408 0.56328125 0.48671875 0.02734375 0.0390625
474 0.26640625 0.51171875 0.02578125 0.03671875
21 0.8640625 0.4984375 0.03125 0.03515625
515 0.14375 0.7859375 0.0265625 0.03984375
79 0.3046875 0.86953125 0.034375 0.0359375
338 0.2671875 0.55390625 0.028125 0.04453125
365 0.8140625 0.1703125 0.03125 0.0390625
601 0.225 0.5109375 0.03046875 0.04296875
163 0.68984375 0.6296875 0.0296875 0.0359375
192 0.86953125 0.8125 0.02734375 0.0390625
163 0.18046875 0.79921875 0.028125 0.03984375
288 0.81484375 0.2453125 0.0265625 0.0390625
561 0.321875 0.1921875 0.02890625 0.04375
324 0.8671875 0.85 0.0328125 0.03359375
458 0.64375 0.39921875 0.0375 0.03984375
529 0.77109375 0.4078125 0.02421875 0.040625
54 0.23046875 0.2765625 0.0296875 0.04140625
54 0.6890625 0.5328125 0.03046875 0.0375
44 0.86640625 0.73359375 0.025 0.040625
264 0.26484375 0.93671875 0.02890625 0.0421875
384 0.178125 0.9046875 0.0265625 0.0328125
657 0.78125 0.7625 0.0296875 0.03203125
334 0.8265625 0.63203125 0.034375 0.03984375
668 0.60390625 0.68203125 0.02890625 0.03046875
695 0.1828125 0.56875 0.025 0.0421875
328 0.8234375 0.67421875 0.028125 0.040625
187 0.18828125 0.309375 0.02578125 0.03515625
615 0.44609375 0.23046875 0.02421875 0.03828125
226 0.72734375 0.28125 0.03359375 0.04375
460 0.6421875 0.440625 0.0265625 0.03828125
297 0.640625 0.48046875 0.028125 0.0375
276 0.81796875 0.41875 0.0265625 0.0359375
155 0.14453125 0.38203125 0.0265625 0.03828125
491 0.82421875 0.5875 0.03046875 0.04453125
120 0.825 0.715625 0.0265625 0.0390625
289 0.7828125 0.846875 0.028125 0.0390625
387 0.14921875 0.22109375 0.0265625 0.03671875
167 0.5984375 0.459375 0.02265625 0.0390625
79 0.81015625 0.13046875 0.03125 0.0375
10 0.81484375 0.2078125 0.03125 0.03203125
674 0.309375 0.74765625 0.0296875 0.03671875
601 0.56171875 0.3484375 0.02578125 0.03671875
561 0.64921875 0.6625 0.034375 0.0375
126 0.8640625 0.4578125 0.03125 0.03984375
444 0.60546875 0.7203125 0.02578125 0.03515625
350 0.684375 0.3453125 0.03515625 0.03671875
175 0.8203125 0.5 0.02578125 0.0421875
454 0.7671875 0.31640625 0.0296875 0.04296875
60 0.59765625 0.42109375 0.025 0.034375
366 0.68359375 0.309375 0.02734375 0.0390625
328 0.76640625 0.36328125 0.0234375 0.04296875
649 0.22890625 0.4265625 0.03125 0.03125
77 0.6015625 0.53203125 0.0265625 0.0359375
282 0.4078125 0.15078125 0.0265625 0.0328125
81 0.82734375 0.81953125 0.02578125 0.03359375
132 0.18203125 0.60703125 0.02265625 0.0296875
672 0.653125 0.88671875 0.02578125 0.03515625
699 0.4421875 0.521875 0.0265625 0.03125
698 0.22890625 0.153125 0.028125 0.03984375
276 0.309375 0.59296875 0.0296875 0.0390625
427 0.65859375 0.9234375 0.0390625 0.0359375
444 0.634375 0.09921875 0.03125 0.04921875
18 0.646875 0.77265625 0.0234375 0.03046875
65 0.31640625 0.259375 0.025 0.028125
297 0.5578125 0.28125 0.02265625 0.03359375
568 0.5640625 0.615625 0.0234375 0.034375
163 0.225 0.7640625 0.03359375 0.0453125
495 0.56640625 0.76953125 0.021875 0.03359375
328 0.76875 0.2734375 0.03046875 0.03515625
287 0.14453125 0.675 0.025 0.03515625
276 0.64765625 0.703125 0.02890625 0.03671875
192 0.2734375 0.15 0.02265625 0.0421875
120 0.3140625 0.5078125 0.02265625 0.03671875
233 0.87109375 0.91171875 0.03046875 0.0359375
65 0.22578125 0.38828125 0.021875 0.03203125
658 0.565625 0.72734375 0.025 0.04375
257 0.55546875 0.20390625 0.021875 0.0359375
248 0.8640625 0.65625 0.02734375 0.0265625
601 0.15 0.15 0.02734375 0.0421875
276 0.59609375 0.49609375 0.0234375 0.0328125
350 0.7671875 0.0890625 0.02890625 0.03671875
552 0.26953125 0.4765625 0.0296875 0.0265625
401 0.52890625 0.521875 0.02421875 0.03046875
623 0.14453125 0.8734375 0.02890625 0.04453125
424 0.55859375 0.31328125 0.02109375 0.03046875
368 0.31328125 0.55234375 0.02890625 0.04296875
330 0.14375 0.56328125 0.01953125 0.03203125
385 0.60078125 0.571875 0.028125 0.03515625
163 0.23125 0.1140625 0.03046875 0.0390625
561 0.30859375 0.94375 0.03359375 0.0328125
192 0.6328125 0.14609375 0.02421875 0.040625
244 0.63828125 0.35625 0.03125 0.0390625
65 0.72421875 0.209375 0.028125 0.0265625
264 0.67578125 0.11953125 0.0328125 0.0390625
559 0.68359375 0.41953125 0.03125 0.03359375
206 0.8640625 0.5359375 0.021875 0.0328125
552 0.3140625 0.36875 0.03046875 0.02734375
113 0.5296875 0.63125 0.02109375 0.03671875
60 0.4765625 0.621875 0.0234375 0.03515625
65 0.68828125 0.49765625 0.03203125 0.02734375
621 0.5875 0.10546875 0.02265625 0.03359375
498 0.47734375 0.73046875 0.02109375 0.03203125
111 0.82734375 0.878125 0.02265625 0.021875
445 0.35859375 0.421875 0.02890625 0.03046875
601 0.3140625 0.47265625 0.03046875 0.028125
690 0.68984375 0.5953125 0.0328125 0.025
132 0.47578125 0.546875 0.0203125 0.03515625
8 0.2734375 0.11015625 0.0265625 0.0328125
693 0.478125 0.32578125 0.0234375 0.03671875
526 0.82890625 0.90859375 0.0265625 0.0328125
82 0.3234375 0.1515625 0.02890625 0.03125
