334 0.26484375 0.31796875 0.03515625 0.0390625
350 0.86953125 0.35625 0.03515625 0.034375
421 0.60390625 0.60625 0.0296875 0.0421875
102 0.775 0.2265625 0.0328125 0.04140625
553 0.73359375 0.4328125 0.03671875 0.03828125
601 0.68359375 0.159375 0.0296875 0.040625
645 0.3078125 0.58515625 0.03671875 0.03671875
404 0.175 0.2421875 0.03125 0.04375
347 0.56015625 0.3265625 0.0296875 0.0359375
421 0.12890625 0.8375 0.03203125 0.04140625
606 0.13359375 0.19921875 0.03515625 0.0453125
102 0.26015625 0.50390625 0.0328125 0.03984375
257 0.68828125 0.3609375 0.0359375 0.03671875
567 0.82578125 0.4546875 0.0296875 0.03984375
324 0.69140625 0.49296875 0.0359375 0.03984375
708 0.72734375 0.175 0.028125 0.040625
227 0.86640625 0.27578125 0.02890625 0.040625
274 0.778125 0.4078125 0.0328125 0.04453125
184 0.69609375 0.66328125 0.034375 0.0359375
144 0.1296875 0.53046875 0.0296875 0.040625
459 0.21171875 0.83046875 0.02578125 0.0390625
201 0.7453125 0.80390625 0.0265625 0.03671875
573 0.60390625 0.64765625 0.02734375 0.03828125
475 0.865625 0.1578125 0.02734375 0.03828125
192 0.30703125 0.5421875 0.02890625 0.04140625
226 0.784375 0.58359375 0.028125 0.040625
361 0.64375 0.3328125 0.028125 0.04453125
188 0.69140625 0.5375 0.028125 0.0421875
324 0.175 0.1953125 0.03515625 0.0390625
80 0.653125 0.690625 0.02578125 0.034375
175 0.6359375 0.2453125 0.0265625 0.04609375
383 0.828125 0.71640625 0.02421875 0.03359375
297 0.63515625 0.20234375 0.02734375 0.03671875
192 0.690625 0.44765625 0.028125 0.04375
183 0.12890625 0.41015625 0.0265625 0.04453125
708 0.3953125 0.34609375 0.02890625 0.0453125
188 0.70390625 0.815625 0.0265625 0.03828125
206 0.784375 0.72109375 0.02421875 0.0390625
151 0.59765625 0.36953125 0.02578125 0.0421875
389 0.396875 0.44375 0.0296875 0.03359375
175 0.7421875 0.7140625 0.0265625 0.0453125
603 0.77265625 0.15546875 0.02734375 0.0328125
366 0.30859375 0.46328125 0.02734375 0.0390625
601 0.396875 0.48515625 0.02734375 0.04296875
433 0.78671875 0.68046875 0.03046875 0.03828125
567 0.128125 0.61328125 0.0265625 0.04140625
601 0.21640625 0.5890625 0.02890625 0.03203125
601 0.1734375 0.54375 0.03125 0.0453125
514 0.128125 0.8796875 0.028125 0.0375
497 0.39296875 0.66640625 0.02734375 0.0390625
144 0.7296875 0.21328125 0.0296875 0.02734375
183 0.82734375 0.48984375 0.02421875 0.0265625
649 0.82734375 0.5203125 0.03046875 0.03203125
558 0.171875 0.90859375 0.028125 0.034375
434 0.13125 0.45234375 0.028125 0.0328125
702 0.875 0.78671875 0.028125 0.0328125
186 0.225 0.16953125 0.03671875 0.04609375
334 0.69921875 0.70390625 0.03359375 0.0390625
324 0.30234375 0.6734375 0.02734375 0.04453125
192 0.30859375 0.34609375 0.028125 0.04453125
214 0.34765625 0.684375 0.028125 0.034375
363 0.53359375 0.57421875 0.02890625 0.03828125
113 0.1296875 0.334375 0.0265625 0.03828125
225 0.29609375 0.95859375 0.0296875 0.0375
601 0.4375 0.5859375 0.03046875 0.03359375
552 0.215625 0.62265625 0.02734375 0.03046875
183 0.77890625 0.446875 0.0265625 0.03125
226 0.31171875 0.15234375 0.02578125 0.0421875
149 0.53359375 0.80390625 0.025 0.03828125
546 0.72734375 0.13515625 0.02890625 0.0390625
204 0.43984375 0.271875 0.025 0.040625
233 0.534375 0.64453125 0.02421875 0.034375
559 0.1265625 0.76328125 0.0296875 0.0328125
232 0.64765625 0.48671875 0.03515625 0.03359375
192 0.2578125 0.9 0.02421875 0.0421875
602 0.30703125 0.30390625 0.0265625 0.03671875
65 0.26484375 0.428125 0.0296875 0.02578125
132 0.30859375 0.42734375 0.02578125 0.03125
649 0.3125 0.19609375 0.03046875 0.03671875
170 0.21953125 0.51484375 0.0265625 0.03359375
192 0.2234375 0.2984375 0.02265625 0.040625
704 0.559375 0.3671875 0.02265625 0.03984375
183 0.13125 0.65234375 0.028125 0.03515625
431 0.47421875 0.26796875 0.0265625 0.028125
183 0.38671875 0.78046875 0.0265625 0.03515625
65 0.2125 0.78984375 0.0203125 0.034375
192 0.12734375 0.928125 0.0265625 0.04921875
665 0.59453125 0.18828125 0.02265625 0.02890625
702 0.6890625 0.25625 0.03125 0.03046875
214 0.26796875 0.12109375 0.028125 0.04765625
423 0.2640625 0.2 0.0296875 0.034375
601 0.471875 0.53203125 0.0265625 0.03203125
423 0.3484375 0.5328125 0.02265625 0.03828125
186 0.6515625 0.64921875 0.02109375 0.0359375
623 0.52890625 0.42421875 0.02109375 0.03671875
289 0.2109375 0.90234375 0.02421875 0.03125
692 0.7078125 0.8890625 0.03515625 0.03828125
685 0.134375 0.11953125 0.02734375 0.0421875
623 0.5328125 0.684375 0.02265625 0.03828125
344 0.46875 0.80234375 0.021875 0.03046875
280 0.4328125 0.871875 0.02265625 0.03203125
368 0.65 0.57265625 0.02890625 0.028125
421 0.6359375 0.10234375 0.02578125 0.04296875
601 0.22109375 0.4421875 0.0265625 0.03203125
192 0.39609375 0.39609375 0.025 0.04921875
702 0.8609375 0.08828125 0.02734375 0.03359375
183 0.47421875 0.45625 0.02265625 0.02734375
496 0.3984375 0.125 0.0265625 0.04375
498 0.56328125 0.4671875 0.0265625 0.03828125
695 0.475 0.16015625 0.0203125 0.03203125
577 0.171875 0.94375 0.02578125 0.0359375
313 0.30859375 0.271875 0.0296875 0.02578125
290 0.7703125 0.0859375 0.02421875 0.0296875
280 0.43828125 0.1234375 0.02109375 0.03125
681 0.87578125 0.7484375 0.03046875 0.03359375
443 0.475 0.1296875 0.02265625 0.0265625
386 0.52421875 0.19609375 0.01953125 0.03671875
16 0.3203125 0.04375 0.021875 0.0265625
