192 0.16640625 0.32890625 0.03515625 0.0390625
514 0.71640625 0.2984375 0.03671875 0.0421875
334 0.25234375 0.47890625 0.03828125 0.03984375
476 0.2953125 0.2875 0.03125 0.03984375
601 0.7625 0.35234375 0.02890625 0.040625
601 0.16171875 0.49453125 0.028125 0.04140625
518 0.6328125 0.48203125 0.0375 0.0421875
491 0.85234375 0.21953125 0.03359375 0.0421875
471 0.121875 0.41796875 0.0296875 0.04375
126 0.7625 0.45625 0.03125 0.04296875
146 0.640625 0.85625 0.03203125 0.03515625
601 0.3390625 0.2671875 0.0296875 0.04140625
601 0.12265625 0.53125 0.0265625 0.0390625
192 0.20625 0.32890625 0.02890625 0.04296875
601 0.73125 0.7265625 0.0296875 0.0390625
601 0.6765625 0.54140625 0.02890625 0.04140625
533 0.67578125 0.425 0.03515625 0.03984375
601 0.671875 0.3125 0.03046875 0.04453125
150 0.16171875 0.646875 0.0265625 0.0421875
126 0.20546875 0.371875 0.02578125 0.04140625
113 0.640625 0.75546875 0.0265625 0.0359375
389 0.76796875 0.646875 0.03125 0.03671875
92 0.1640625 0.45078125 0.02734375 0.0375
623 0.378125 0.82890625 0.0265625 0.040625
309 0.63203125 0.52578125 0.02890625 0.0421875
584 0.671875 0.2671875 0.0296875 0.040625
74 0.34296875 0.17734375 0.0296875 0.03828125
521 0.20703125 0.284375 0.02890625 0.0421875
192 0.6859375 0.8609375 0.0265625 0.0421875
488 0.1625 0.78125 0.03125 0.0390625
568 0.37890625 0.76015625 0.02578125 0.03671875
304 0.16171875 0.86875 0.02734375 0.0390625
601 0.421875 0.4078125 0.0234375 0.0390625
435 0.20234375 0.865625 0.0265625 0.03828125
529 0.1640625 0.209375 0.025 0.04140625
601 0.58515625 0.553125 0.0265625 0.04140625
192 0.68046875 0.65703125 0.0265625 0.040625
492 0.77734375 0.925 0.03125 0.04765625
649 0.7109375 0.16640625 0.03203125 0.0375
601 0.68828125 0.90234375 0.02890625 0.0328125
177 0.57734375 0.28359375 0.02578125 0.04140625
245 0.42109375 0.8296875 0.02421875 0.03203125
24 0.625 0.315625 0.03671875 0.04140625
192 0.2015625 0.821875 0.0265625 0.040625
175 0.753125 0.184375 0.0234375 0.0390625
488 0.690625 0.940625 0.034375 0.040625
74 0.1234375 0.4921875 0.0234375 0.03671875
183 0.634375 0.603125 0.028125 0.0453125
601 0.73203125 0.9359375 0.03046875 0.03671875
526 0.384375 0.3765625 0.0265625 0.0328125
333 0.20859375 0.12890625 0.03046875 0.04453125
540 0.80390625 0.2890625 0.03359375 0.03203125
601 0.5390625 0.3140625 0.02421875 0.03828125
192 0.24375 0.84296875 0.0265625 0.0453125
183 0.7625 0.3890625 0.028125 0.0265625
504 0.25390625 0.328125 0.03046875 0.02734375
704 0.25546875 0.2015625 0.03125 0.04921875
215 0.54453125 0.49140625 0.02421875 0.03828125
477 0.71953125 0.4546875 0.028125 0.03828125
74 0.5421875 0.38125 0.02421875 0.03203125
567 0.6203125 0.13046875 0.02890625 0.04375
245 0.12265625 0.159375 0.025 0.02890625
302 0.1609375 0.56875 0.034375 0.034375
433 0.159375 0.90625 0.02421875 0.03125
601 0.82109375 0.8046875 0.025 0.0375
365 0.45546875 0.565625 0.02109375 0.0359375
183 0.3828125 0.340625 0.02421875 0.0328125
592 0.82421875 0.8390625 0.028125 0.02734375
514 0.37578125 0.90234375 0.025 0.04296875
183 0.4203125 0.67734375 0.0234375 0.03203125
183 0.62265625 0.16953125 0.02578125 0.0296875
540 0.728125 0.9015625 0.02421875 0.0296875
350 0.42265625 0.44453125 0.0234375 0.03046875
81 0.165625 0.125 0.0265625 0.03984375
681 0.8109375 0.55 0.0296875 0.0328125
322 0.71953125 0.41875 0.0296875 0.02890625
534 0.3828125 0.16875 0.0296875 0.0375
76 0.54140625 0.415625 0.02265625 0.03359375
81 0.45703125 0.31640625 0.02109375 0.02890625
649 0.5828125 0.46953125 0.02421875 0.0390625
72 0.38046875 0.67890625 0.03046875 0.02734375
553 0.5859375 0.5921875 0.02578125 0.02734375
280 0.55625 0.79609375 0.02421875 0.0265625
297 0.53671875 0.27421875 0.021875 0.034375
453 0.75234375 0.11328125 0.025 0.0359375
453 0.71328125 0.253125 0.028125 0.04375
280 0.45703125 0.34765625 0.02109375 0.03515625
412 0.54765625 0.63046875 0.01953125 0.03203125
149 0.1609375 0.946875 0.02265625 0.0453125
183 0.54140625 0.34921875 0.021875 0.028125
183 0.55234375 0.73125 0.01953125 0.025
474 0.45703125 0.8109375 0.02265625 0.03515625
574 0.79765625 0.11171875 0.02578125 0.0328125
634 0.45859375 0.1765625 0.021875 0.03515625
177 0.72734375 0.83515625 0.0234375 0.03203125
276 0.1203125 0.12109375 0.02265625 0.0390625
632 0.25390625 0.1609375 0.028125 0.0296875
601 0.54609375 0.528125 0.021875 0.0296875
657 0.4578125 0.7359375 0.02109375 0.0296875
435 0.64375 0.93203125 0.028125 0.04140625
427 0.85 0.25625 0.021875 0.0265625
470 0.20078125 0.60390625 0.02578125 0.0375
280 0.775 0.803125 0.02578125 0.0296875
505 0.1609375 0.53515625 0.02578125 0.03203125
286 0.8640625 0.934375 0.03046875 0.03046875
187 0.80234375 0.18203125 0.0296875 0.034375
601 0.84921875 0.1453125 0.02734375 0.0265625
113 0.725 0.5421875 0.0296875 0.04765625
526 0.5125 0.4875 0.02109375 0.028125
592 0.51953125 0.77265625 0.01953125 0.02734375
183 0.575 0.17734375 0.02421875 0.02734375
183 0.66328125 0.12421875 0.02734375 0.04140625
