390 0.8546875 0.29609375 0.03359375 0.040625
419 0.80859375 0.49375 0.03125 0.03515625
233 0.715625 0.19296875 0.02890625 0.034375
213 0.7640625 0.70859375 0.03125 0.0359375
333 0.71796875 0.56484375 0.0296875 0.0359375
685 0.2703125 0.36171875 0.02734375 0.0359375
163 0.27109375 0.2484375 0.03046875 0.0359375
227 0.85625 0.38046875 0.03046875 0.0390625
643 0.81015625 0.596875 0.0265625 0.040625
601 0.71640625 0.38046875 0.0265625 0.0375
540 0.1390625 0.3984375 0.03046875 0.03203125
429 0.26953125 0.321875 0.028125 0.03984375
401 0.71796875 0.30234375 0.02890625 0.03515625
273 0.58828125 0.80625 0.02734375 0.040625
526 0.7234375 0.82578125 0.02890625 0.0375
567 0.18203125 0.26875 0.025 0.03984375
649 0.5796875 0.31875 0.02890625 0.0328125
96 0.85234375 0.2546875 0.028125 0.0390625
640 0.71953125 0.7375 0.028125 0.0390625
155 0.67265625 0.31796875 0.028125 0.03359375
649 0.76171875 0.3625 0.028125 0.04375
54 0.6328125 0.5921875 0.02734375 0.03515625
491 0.85859375 0.67109375 0.028125 0.03671875
175 0.62421875 0.29921875 0.0265625 0.0375
687 0.765625 0.89453125 0.02578125 0.03359375
54 0.13984375 0.575 0.02890625 0.03515625
196 0.4375 0.24453125 0.028125 0.0390625
662 0.5421875 0.41171875 0.02578125 0.04765625
649 0.140625 0.7078125 0.03125 0.03515625
282 0.31171875 0.709375 0.03515625 0.0421875
421 0.75703125 0.159375 0.02890625 0.0390625
601 0.35859375 0.271875 0.0265625 0.0390625
601 0.80703125 0.34140625 0.03359375 0.0296875
189 0.72109375 0.78203125 0.028125 0.0421875
120 0.57890625 0.28203125 0.02421875 0.03515625
232 0.2703125 0.39765625 0.0265625 0.0359375
605 0.859375 0.890625 0.0234375 0.03359375
209 0.80703125 0.23203125 0.0234375 0.03203125
150 0.7609375 0.63515625 0.0234375 0.0421875
665 0.6234375 0.3703125 0.02421875 0.028125
153 0.8078125 0.159375 0.02578125 0.03828125
405 0.85625 0.515625 0.02890625 0.0453125
38 0.86015625 0.60546875 0.03515625 0.03359375
453 0.31484375 0.37578125 0.0265625 0.0296875
567 0.1390625 0.6140625 0.02578125 0.0421875
183 0.7171875 0.4171875 0.02734375 0.03046875
245 0.359375 0.4640625 0.02421875 0.02734375
499 0.54296875 0.36640625 0.025 0.03359375
421 0.1375 0.78828125 0.02421875 0.040625
338 0.71796875 0.65234375 0.025 0.0390625
276 0.35546875 0.2296875 0.0234375 0.03828125
80 0.271875 0.165625 0.03515625 0.0296875
297 0.621875 0.265625 0.02421875 0.03359375
404 0.43984375 0.68671875 0.0234375 0.03203125
267 0.31484375 0.303125 0.028125 0.0296875
329 0.2671875 0.584375 0.028125 0.0328125
454 0.265625 0.4390625 0.03359375 0.040625
513 0.8140625 0.71171875 0.03359375 0.0421875
601 0.26015625 0.94140625 0.03125 0.040625
634 0.30859375 0.66484375 0.02578125 0.03671875
601 0.14140625 0.23359375 0.02734375 0.040625
192 0.54453125 0.68671875 0.02421875 0.03828125
470 0.265625 0.478125 0.028125 0.03359375
601 0.39921875 0.70859375 0.02265625 0.03515625
324 0.71328125 0.1140625 0.03046875 0.03828125
411 0.80859375 0.375 0.02734375 0.034375
573 0.63671875 0.92265625 0.0296875 0.03515625
643 0.80703125 0.1171875 0.02734375 0.040625
634 0.57734375 0.24765625 0.02265625 0.0296875
202 0.315625 0.52734375 0.0265625 0.03359375
487 0.63046875 0.55546875 0.025 0.03515625
237 0.4 0.63046875 0.02421875 0.0375
470 0.22734375 0.2140625 0.02421875 0.03359375
553 0.85703125 0.71171875 0.021875 0.03359375
605 0.7578125 0.11875 0.03046875 0.03671875
276 0.54296875 0.25625 0.0265625 0.03359375
112 0.39765625 0.8578125 0.02265625 0.03125
183 0.1375 0.83046875 0.021875 0.03046875
126 0.35234375 0.8 0.0265625 0.040625
552 0.140625 0.540625 0.028125 0.02734375
596 0.6359375 0.69453125 0.02890625 0.028125
183 0.13984375 0.27265625 0.0234375 0.028125
371 0.86015625 0.93359375 0.0265625 0.0421875
601 0.13984375 0.9578125 0.02734375 0.03671875
681 0.4359375 0.51953125 0.02265625 0.03203125
592 0.22890625 0.1328125 0.028125 0.034375
496 0.4359375 0.4828125 0.02265625 0.03828125
592 0.35703125 0.60546875 0.02265625 0.02734375
4 0.5484375 0.84375 0.021875 0.0421875
424 0.84765625 0.11328125 0.02578125 0.02734375
72 0.18515625 0.17109375 0.02890625 0.0390625
453 0.3515625 0.946875 0.0265625 0.03671875
248 0.43984375 0.20859375 0.0265625 0.0296875
51 0.140625 0.67578125 0.02578125 0.0234375
414 0.31171875 0.5921875 0.02890625 0.02421875
561 0.471875 0.57421875 0.0171875 0.02734375
324 0.471875 0.6828125 0.0171875 0.02890625
71 0.146875 0.134375 0.0296875 0.04296875
402 0.14140625 0.165625 0.01953125 0.03203125
65 0.4703125 0.21171875 0.0171875 0.02734375
