313 0.32265625 0.528125 0.034375 0.03515625
227 0.23046875 0.35234375 0.03671875 0.0375
496 0.6390625 0.490625 0.03125 0.04375
81 0.23046875 0.5765625 0.03125 0.0421875
410 0.10078125 0.54921875 0.03203125 0.04296875
421 0.27734375 0.38671875 0.02890625 0.0359375
477 0.1828125 0.721875 0.0359375 0.04140625
601 0.725 0.52734375 0.0328125 0.0421875
334 0.18671875 0.20703125 0.0359375 0.03828125
196 0.13984375 0.56953125 0.028125 0.0390625
300 0.2765625 0.653125 0.03515625 0.0328125
601 0.371875 0.525 0.028125 0.03984375
192 0.27734375 0.5703125 0.028125 0.04375
506 0.36875 0.4046875 0.028125 0.0390625
105 0.321875 0.36484375 0.028125 0.0328125
276 0.72890625 0.6375 0.028125 0.0359375
74 0.80625 0.265625 0.0265625 0.034375
150 0.140625 0.65390625 0.0296875 0.03515625
227 0.18359375 0.58125 0.03046875 0.0375
27 0.8625 0.7921875 0.0265625 0.0328125
179 0.27421875 0.7265625 0.02890625 0.034375
592 0.27890625 0.5296875 0.028125 0.028125
389 0.14296875 0.2296875 0.025 0.03828125
39 0.18359375 0.4015625 0.02734375 0.0328125
153 0.36875 0.7921875 0.0296875 0.03828125
150 0.859375 0.63359375 0.02890625 0.03984375
93 0.8609375 0.75390625 0.025 0.03671875
613 0.14296875 0.45078125 0.02890625 0.0359375
530 0.22734375 0.4609375 0.0265625 0.0359375
440 0.18046875 0.83515625 0.0265625 0.03828125
125 0.7203125 0.35546875 0.03046875 0.04765625
702 0.80703125 0.46015625 0.0265625 0.03515625
192 0.18359375 0.87734375 0.0296875 0.040625
617 0.81875 0.74765625 0.0359375 0.03828125
232 0.67890625 0.35 0.028125 0.040625
404 0.7640625 0.43125 0.028125 0.0453125
470 0.68828125 0.66640625 0.03046875 0.03828125
454 0.80625 0.41953125 0.03046875 0.0390625
60 0.68203125 0.471875 0.02890625 0.034375
354 0.2296875 0.71640625 0.03828125 0.03984375
209 0.140625 0.4890625 0.02578125 0.03203125
601 0.865625 0.884375 0.0265625 0.03515625
333 0.690625 0.7078125 0.02890625 0.03984375
440 0.18125 0.54140625 0.025 0.0359375
435 0.56015625 0.83203125 0.025 0.03671875
183 0.85546875 0.5125 0.025 0.040625
601 0.5515625 0.4015625 0.0296875 0.0390625
167 0.63359375 0.36875 0.03671875 0.040625
453 0.23046875 0.85234375 0.02421875 0.03046875
233 0.6859375 0.50703125 0.03046875 0.0328125
649 0.36953125 0.3671875 0.0265625 0.03125
669 0.6421875 0.66171875 0.0265625 0.04140625
60 0.8546875 0.4375 0.02890625 0.03984375
435 0.10234375 0.31015625 0.02578125 0.03515625
204 0.3703125 0.8953125 0.02734375 0.03203125
334 0.32421875 0.44375 0.0296875 0.040625
609 0.63125 0.2875 0.0296875 0.04765625
592 0.23046875 0.53671875 0.02890625 0.028125
667 0.64765625 0.7390625 0.03203125 0.03671875
334 0.8046875 0.23046875 0.0265625 0.0328125
192 0.18359375 0.50078125 0.025 0.040625
151 0.7671875 0.4828125 0.03203125 0.05234375
147 0.68359375 0.4328125 0.025 0.03828125
474 0.81875 0.85859375 0.034375 0.04609375
310 0.18046875 0.36484375 0.02578125 0.034375
673 0.68125 0.39296875 0.0265625 0.0359375
183 0.1421875 0.26796875 0.02578125 0.0296875
183 0.734375 0.8546875 0.02421875 0.0296875
613 0.85859375 0.55234375 0.028125 0.0359375
435 0.8078125 0.3765625 0.025 0.040625
542 0.1046875 0.921875 0.02578125 0.0328125
102 0.67890625 0.30859375 0.03125 0.0390625
654 0.10234375 0.196875 0.02734375 0.04140625
139 0.6359375 0.4078125 0.02890625 0.03359375
423 0.55625 0.63203125 0.02734375 0.0359375
552 0.73359375 0.82265625 0.0265625 0.03125
159 0.865625 0.7140625 0.02890625 0.0328125
192 0.10078125 0.353125 0.025 0.04296875
567 0.4484375 0.56015625 0.0265625 0.03046875
545 0.84453125 0.225 0.02734375 0.03671875
479 0.546875 0.1625 0.02578125 0.03671875
679 0.23046875 0.15390625 0.03125 0.04453125
368 0.1015625 0.678125 0.0234375 0.03671875
505 0.76328125 0.3890625 0.028125 0.03203125
496 0.14140625 0.81640625 0.0234375 0.0375
74 0.71953125 0.27421875 0.02734375 0.03359375
214 0.27265625 0.8359375 0.02890625 0.03046875
175 0.103125 0.71875 0.02578125 0.04296875
144 0.1421875 0.33828125 0.025 0.03046875
433 0.18359375 0.7640625 0.0265625 0.03359375
189 0.86484375 0.8515625 0.0265625 0.028125
300 0.10625 0.959375 0.028125 0.03515625
605 0.6875 0.621875 0.028125 0.04453125
114 0.45078125 0.6359375 0.021875 0.0359375
428 0.5890625 0.28125 0.0265625 0.0421875
155 0.84453125 0.18515625 0.02734375 0.03828125
708 0.36875 0.93046875 0.0234375 0.03359375
192 0.84609375 0.26875 0.02578125 0.04609375
183 0.7578125 0.25390625 0.0265625 0.03046875
214 0.18359375 0.68203125 0.02265625 0.03125
592 0.23046875 0.38671875 0.0296875 0.0265625
232 0.72421875 0.44453125 0.0265625 0.04140625
232 0.73515625 0.8890625 0.02578125 0.0359375
315 0.27578125 0.3109375 0.0390625 0.03359375
628 0.5484375 0.24765625 0.02109375 0.03671875
183 0.55390625 0.4375 0.025 0.028125
496 0.36953125 0.96328125 0.0234375 0.03203125
276 0.66953125 0.15078125 0.02578125 0.0375
81 0.85 0.346875 0.02421875 0.040625
183 0.7171875 0.2390625 0.0265625 0.03046875
495 0.45078125 0.67265625 0.021875 0.0328125
26 0.10234375 0.859375 0.01953125 0.0328125
689 0.58359375 0.1625 0.02421875 0.03828125
183 0.86640625 0.91796875 0.0265625 0.0296875
44 0.45078125 0.78515625 0.0234375 0.034375
552 0.1859375 0.24296875 0.03125 0.028125
567 0.79921875 0.10625 0.028125 0.03359375
497 0.45 0.4140625 0.0203125 0.0390625
175 0.5484375 0.31640625 0.0234375 0.0421875
592 0.10390625 0.88984375 0.02265625 0.021875
59 0.36953125 0.26171875 0.03515625 0.04140625
132 0.44921875 0.346875 0.02109375 0.0296875
0 0.44921875 0.52265625 0.021875 0.040625
304 0.14140625 0.1625 0.025 0.0421875
114 0.5609375 0.91171875 0.025 0.040625
69 0.10234375 0.58515625 0.02578125 0.02421875
397 0.76328125 0.35625 0.0328125 0.03359375
553 0.18359375 0.46953125 0.0234375 0.0234375
428 0.7546875 0.17578125 0.02421875 0.03828125
163 0.6703125 0.11484375 0.028125 0.028125
74 0.40859375 0.15390625 0.02734375 0.0359375
332 0.44765625 0.271875 0.0234375 0.03828125
592 0.2296875 0.7546875 0.028125 0.02734375
592 0.22890625 0.1921875 0.02734375 0.02578125
65 0.44921875 0.45078125 0.02109375 0.02421875
411 0.44921875 0.23359375 0.02109375 0.03671875
480 0.5046875 0.14375 0.0234375 0.03359375
385 0.8390625 0.10234375 0.0234375 0.03203125
679 0.45 0.4828125 0.021875 0.03828125
119 0.51640625 0.52421875 0.02421875 0.03828125
37 0.75234375 0.140625 0.0203125 0.028125
183 0.4125 0.30546875 0.025 0.03125
220 0.5625 0.87109375 0.02421875 0.0359375
