601 0.178125 0.5484375 0.03125 0.03984375
545 0.271875 0.30078125 0.02890625 0.034375
389 0.17578125 0.73671875 0.03125 0.03359375
594 0.17734375 0.4671875 0.03046875 0.03828125
601 0.13828125 0.34921875 0.03046875 0.04140625
155 0.275 0.2671875 0.0296875 0.0328125
276 0.18125 0.34765625 0.03046875 0.0421875
613 0.13359375 0.80390625 0.03203125 0.03515625
613 0.09609375 0.46328125 0.0296875 0.0359375
60 0.0921875 0.61953125 0.0296875 0.0359375
435 0.18359375 0.26015625 0.02890625 0.0390625
189 0.13359375 0.46484375 0.0296875 0.04609375
545 0.1734375 0.69765625 0.0296875 0.03515625
327 0.26875 0.63203125 0.0328125 0.0421875
545 0.17734375 0.4265625 0.02890625 0.0359375
632 0.0890625 0.81015625 0.03125 0.03515625
545 0.0921875 0.5046875 0.0296875 0.03984375
524 0.5890625 0.3171875 0.028125 0.03359375
601 0.27265625 0.340625 0.028125 0.040625
613 0.26875 0.52421875 0.0296875 0.03359375
545 0.16953125 0.8015625 0.02890625 0.03828125
567 0.36640625 0.43125 0.028125 0.03828125
558 0.77890625 0.85625 0.02421875 0.03359375
12 0.0953125 0.425 0.028125 0.0359375
483 0.73046875 0.49921875 0.0296875 0.0328125
315 0.8640625 0.7421875 0.02890625 0.0328125
276 0.1296875 0.6484375 0.0265625 0.03515625
65 0.74140625 0.82109375 0.03046875 0.0296875
227 0.8203125 0.59921875 0.03125 0.040625
475 0.3609375 0.5984375 0.03515625 0.0359375
192 0.80703125 0.26015625 0.028125 0.04375
301 0.2671875 0.59296875 0.02890625 0.03359375
35 0.8046875 0.2171875 0.028125 0.04140625
660 0.13203125 0.6859375 0.02734375 0.034375
601 0.7671875 0.40390625 0.0265625 0.0390625
695 0.40546875 0.52109375 0.0265625 0.040625
276 0.6421875 0.5859375 0.03359375 0.03828125
601 0.73671875 0.715625 0.0265625 0.0421875
105 0.821875 0.63984375 0.0265625 0.03671875
611 0.1296875 0.875 0.02734375 0.028125
479 0.77734375 0.78046875 0.02578125 0.03125
166 0.63359375 0.31875 0.03125 0.03046875
192 0.09296875 0.54765625 0.02734375 0.0390625
411 0.403125 0.903125 0.02890625 0.03046875
526 0.72578125 0.46015625 0.0265625 0.0359375
587 0.7328125 0.63515625 0.02890625 0.03671875
222 0.35859375 0.8203125 0.02890625 0.03984375
675 0.55390625 0.503125 0.0265625 0.0359375
568 0.734375 0.67421875 0.025 0.03359375
673 0.409375 0.28046875 0.02578125 0.03828125
631 0.265625 0.7359375 0.0265625 0.0375
186 0.13359375 0.50546875 0.028125 0.03125
175 0.62578125 0.203125 0.025 0.040625
192 0.72265625 0.3171875 0.025 0.040625
470 0.40859375 0.353125 0.02421875 0.03359375
674 0.1359375 0.27578125 0.02890625 0.0359375
611 0.09375 0.34609375 0.02421875 0.0328125
163 0.1390625 0.31015625 0.028125 0.03359375
183 0.73828125 0.75546875 0.0265625 0.028125
390 0.096875 0.21640625 0.02890625 0.03828125
192 0.82421875 0.81015625 0.02578125 0.0390625
422 0.821875 0.721875 0.02734375 0.03671875
130 0.77109375 0.4765625 0.028125 0.03046875
120 0.63203125 0.27890625 0.028125 0.0375
254 0.35703125 0.8609375 0.028125 0.0328125
233 0.81796875 0.559375 0.028125 0.03359375
673 0.1390625 0.23671875 0.02734375 0.03671875
581 0.678125 0.26796875 0.0265625 0.0390625
232 0.09453125 0.58359375 0.02578125 0.0296875
679 0.84921875 0.25859375 0.0265625 0.0390625
470 0.0875 0.88671875 0.02421875 0.03671875
80 0.634375 0.39375 0.03046875 0.04296875
51 0.77890625 0.709375 0.0265625 0.0265625
560 0.7203125 0.2734375 0.0265625 0.0375
698 0.65859375 0.91015625 0.0296875 0.03046875
561 0.403125 0.93828125 0.0265625 0.03828125
79 0.75859375 0.19375 0.02890625 0.03671875
601 0.2625 0.81640625 0.02421875 0.03984375
657 0.7265625 0.4234375 0.02421875 0.03203125
47 0.740625 0.78515625 0.02890625 0.028125
192 0.403125 0.71484375 0.0265625 0.046875
79 0.64921875 0.73828125 0.03046875 0.04140625
90 0.725 0.3546875 0.028125 0.02734375
421 0.86640625 0.9234375 0.02578125 0.04140625
707 0.35625 0.93046875 0.028125 0.04140625
401 0.4421875 0.41171875 0.02265625 0.0390625
119 0.13046875 0.94375 0.028125 0.0375
189 0.43828125 0.70234375 0.0234375 0.040625
120 0.6375 0.4734375 0.02734375 0.040625
567 0.44140625 0.59765625 0.02421875 0.03359375
631 0.1703125 0.940625 0.0296875 0.04375
424 0.72578125 0.3890625 0.021875 0.034375
163 0.36640625 0.39296875 0.03203125 0.02734375
568 0.865625 0.8859375 0.0203125 0.03125
428 0.8625 0.62109375 0.02421875 0.03828125
245 0.80859375 0.29921875 0.02421875 0.03125
34 0.7765625 0.64375 0.021875 0.0390625
8 0.546875 0.25078125 0.02578125 0.0421875
245 0.85390625 0.33671875 0.0265625 0.0296875
481 0.846875 0.21640625 0.028125 0.0359375
592 0.521875 0.70703125 0.028125 0.0390625
526 0.09609375 0.2765625 0.02421875 0.03046875
248 0.35703125 0.89375 0.02890625 0.02578125
623 0.86171875 0.66171875 0.02421875 0.040625
545 0.1859375 0.175 0.0265625 0.0390625
424 0.259375 0.953125 0.02421875 0.0328125
127 0.58828125 0.2375 0.02890625 0.03125
592 0.2640625 0.85 0.0265625 0.0234375
702 0.80234375 0.14375 0.03046875 0.03359375
284 0.546875 0.28828125 0.0234375 0.02890625
428 0.2734375 0.19765625 0.02265625 0.03359375
183 0.440625 0.63203125 0.02109375 0.02890625
631 0.50859375 0.20234375 0.02421875 0.03828125
526 0.23359375 0.23515625 0.0265625 0.03359375
355 0.74453125 0.9375 0.028125 0.0390625
153 0.4390625 0.7390625 0.02109375 0.0296875
404 0.44375 0.225 0.01953125 0.02734375
592 0.09765625 0.13515625 0.02734375 0.034375
401 0.44375 0.25625 0.01875 0.0328125
391 0.43984375 0.76796875 0.0203125 0.0265625
189 0.8609375 0.51796875 0.02421875 0.0265625
457 0.8421875 0.140625 0.0265625 0.03203125
489 0.81171875 0.41171875 0.025 0.04453125
183 0.759375 0.11875 0.02421875 0.02890625
166 0.78125 0.928125 0.02265625 0.0296875
404 0.625 0.1265625 0.0234375 0.034375
192 0.7625 0.32265625 0.028125 0.0421875
529 0.2734375 0.1640625 0.02265625 0.028125
183 0.8015625 0.1125 0.0265625 0.02578125
