227 0.30234375 0.70703125 0.03984375 0.04453125
297 0.346875 0.709375 0.0328125 0.0390625
235 0.12890625 0.88828125 0.02734375 0.0328125
612 0.12421875 0.35 0.03125 0.04296875
433 0.209375 0.759375 0.0296875 0.040625
233 0.21171875 0.80390625 0.03203125 0.040625
456 0.16796875 0.78828125 0.03125 0.03984375
677 0.1671875 0.86640625 0.0296875 0.0359375
190 0.69453125 0.26484375 0.034375 0.04375
481 0.70390625 0.84453125 0.03203125 0.0390625
428 0.29765625 0.903125 0.025 0.03828125
344 0.21328125 0.8453125 0.03203125 0.03671875
297 0.659375 0.7171875 0.03125 0.0390625
632 0.2984375 0.8265625 0.0328125 0.0390625
404 0.21015625 0.48046875 0.0296875 0.04765625
279 0.65625 0.46640625 0.03515625 0.04453125
662 0.875 0.4140625 0.0296875 0.0390625
368 0.8734375 0.796875 0.0265625 0.03671875
567 0.3484375 0.35234375 0.02734375 0.040625
227 0.74609375 0.86484375 0.02890625 0.0390625
607 0.7421875 0.40234375 0.0296875 0.04140625
276 0.1671875 0.65234375 0.0265625 0.03515625
175 0.1296875 0.84453125 0.025 0.04375
189 0.1671875 0.46328125 0.03359375 0.05
601 0.30078125 0.75078125 0.03125 0.0421875
540 0.128125 0.76875 0.02890625 0.03828125
333 0.25625 0.9578125 0.0296875 0.04765625
232 0.29921875 0.5828125 0.0265625 0.0390625
422 0.659375 0.5140625 0.03515625 0.04375
92 0.60859375 0.35234375 0.02734375 0.040625
646 0.29921875 0.66484375 0.0296875 0.03828125
453 0.16640625 0.41953125 0.0296875 0.03359375
334 0.21015625 0.2375 0.03359375 0.0375
475 0.16640625 0.82734375 0.02734375 0.03046875
175 0.434375 0.840625 0.0265625 0.04609375
139 0.35 0.2234375 0.0296875 0.0359375
431 0.34921875 0.26328125 0.03359375 0.03515625
645 0.871875 0.87734375 0.02734375 0.03359375
187 0.2125 0.59765625 0.0328125 0.03828125
131 0.87265625 0.71015625 0.03125 0.0375
186 0.87421875 0.57890625 0.028125 0.040625
139 0.34609375 0.9109375 0.025 0.03359375
419 0.21015625 0.38671875 0.02890625 0.04609375
244 0.57421875 0.36640625 0.02890625 0.03828125
284 0.3 0.7890625 0.02734375 0.03046875
601 0.69921875 0.50546875 0.02890625 0.040625
334 0.87421875 0.3015625 0.03125 0.03515625
673 0.12421875 0.30625 0.03046875 0.0421875
433 0.253125 0.240625 0.02890625 0.040625
154 0.13046875 0.9234375 0.02734375 0.028125
708 0.3484375 0.50625 0.0265625 0.0390625
680 0.12421875 0.47734375 0.03125 0.0375
210 0.2546875 0.48515625 0.028125 0.0390625
612 0.3484375 0.30625 0.0296875 0.0453125
645 0.61015625 0.27421875 0.02890625 0.03671875
601 0.16484375 0.3109375 0.02421875 0.04296875
659 0.1296875 0.80546875 0.03203125 0.02734375
79 0.1671875 0.35 0.02734375 0.03515625
453 0.259375 0.6734375 0.0265625 0.03046875
276 0.25625 0.840625 0.02734375 0.03671875
324 0.29921875 0.5453125 0.03125 0.034375
524 0.60859375 0.15859375 0.0265625 0.0328125
632 0.82734375 0.27265625 0.02890625 0.0328125
232 0.8703125 0.26484375 0.0265625 0.03515625
453 0.30234375 0.42109375 0.02734375 0.034375
365 0.209375 0.521875 0.02421875 0.03515625
84 0.125 0.55546875 0.0296875 0.03515625
568 0.87265625 0.33828125 0.025 0.03359375
175 0.7 0.646875 0.028125 0.0453125
175 0.871875 0.83671875 0.02421875 0.04296875
276 0.8734375 0.5359375 0.0265625 0.0375
120 0.87265625 0.7546875 0.0265625 0.04140625
196 0.7453125 0.78984375 0.028125 0.0390625
618 0.575 0.45 0.02734375 0.0359375
85 0.61484375 0.51328125 0.02421875 0.0390625
297 0.65703125 0.8796875 0.02890625 0.03828125
227 0.74609375 0.5234375 0.028125 0.03828125
389 0.746875 0.484375 0.03515625 0.03359375
183 0.875 0.4546875 0.03046875 0.03046875
60 0.25546875 0.3796875 0.03203125 0.03515625
58 0.253125 0.1953125 0.02421875 0.04296875
445 0.34765625 0.47109375 0.03125 0.03046875
609 0.74453125 0.6796875 0.03359375 0.03046875
665 0.434375 0.34375 0.0296875 0.03359375
125 0.65625 0.56328125 0.02890625 0.04296875
550 0.6578125 0.6765625 0.025 0.0328125
650 0.34609375 0.796875 0.028125 0.04453125
183 0.65390625 0.38515625 0.02578125 0.03359375
183 0.25625 0.5640625 0.025 0.03359375
233 0.21171875 0.953125 0.02890625 0.03671875
436 0.30390625 0.196875 0.02421875 0.03203125
531 0.43359375 0.52265625 0.0234375 0.0359375
365 0.25625 0.6390625 0.0234375 0.03203125
175 0.21171875 0.15625 0.028125 0.04765625
74 0.4703125 0.38828125 0.0234375 0.0359375
82 0.25625 0.45 0.028125 0.02890625
529 0.46953125 0.25703125 0.0234375 0.0375
435 0.578125 0.596875 0.0234375 0.034375
175 0.6484375 0.165625 0.02890625 0.04375
342 0.35078125 0.18359375 0.0265625 0.03828125
232 0.6078125 0.31328125 0.02109375 0.034375
330 0.65390625 0.31171875 0.02734375 0.03515625
368 0.56875 0.24453125 0.02265625 0.0390625
183 0.21171875 0.6796875 0.02578125 0.03046875
358 0.78046875 0.171875 0.03125 0.04375
309 0.60859375 0.19921875 0.0234375 0.04453125
435 0.4703125 0.4265625 0.02265625 0.03984375
175 0.6140625 0.5546875 0.02421875 0.04453125
74 0.7390625 0.28984375 0.02890625 0.03359375
423 0.471875 0.61953125 0.02265625 0.03359375
26 0.434375 0.18828125 0.02421875 0.02734375
327 0.7 0.60390625 0.03671875 0.0359375
347 0.16796875 0.96953125 0.028125 0.03046875
276 0.7453125 0.93359375 0.02890625 0.03828125
190 0.615625 0.6921875 0.02265625 0.034375
202 0.56875 0.28515625 0.021875 0.0328125
561 0.253125 0.15625 0.02734375 0.03515625
435 0.57265625 0.4109375 0.021875 0.040625
332 0.6078125 0.23828125 0.02421875 0.0296875
660 0.43515625 0.44609375 0.02578125 0.02734375
601 0.47109375 0.31953125 0.02109375 0.0265625
592 0.69921875 0.54140625 0.0265625 0.02890625
287 0.8265625 0.115625 0.02890625 0.03359375
645 0.39140625 0.221875 0.02421875 0.03671875
514 0.57890625 0.8359375 0.0234375 0.03515625
183 0.70234375 0.88125 0.0265625 0.03125
175 0.8265625 0.153125 0.021875 0.04140625
85 0.5765625 0.55859375 0.01953125 0.03671875
567 0.47109375 0.225 0.02265625 0.02578125
453 0.12578125 0.1578125 0.025 0.03984375
616 0.2984375 0.97734375 0.03046875 0.028125
280 0.60703125 0.12265625 0.021875 0.03203125
32 0.34765625 0.5890625 0.02421875 0.04375
611 0.43203125 0.1546875 0.02421875 0.0359375
183 0.35 0.39296875 0.02734375 0.03671875
385 0.64765625 0.20703125 0.0234375 0.03359375
166 0.5671875 0.16953125 0.0234375 0.0265625
304 0.8734375 0.9296875 0.0296875 0.0359375
328 0.4703125 0.946875 0.02109375 0.03515625
166 0.47109375 0.5515625 0.025 0.02734375
