649 0.89921875 0.50390625 0.0359375 0.0453125
257 0.89609375 0.365625 0.03125 0.03828125
491 0.19765625 0.90390625 0.034375 0.040625
434 0.14609375 0.59609375 0.03671875 0.03828125
421 0.27890625 0.5671875 0.0328125 0.0421875
403 0.89921875 0.4546875 0.03125 0.04375
243 0.71015625 0.63515625 0.03046875 0.0390625
192 0.89375 0.79921875 0.0296875 0.04609375
204 0.7 0.2265625 0.02890625 0.040625
395 0.14375 0.384375 0.03125 0.04375
488 0.2375 0.41953125 0.03828125 0.04140625
601 0.14765625 0.509375 0.03125 0.03828125
567 0.19140625 0.75390625 0.028125 0.040625
92 0.84921875 0.36796875 0.028125 0.0421875
60 0.14609375 0.428125 0.0328125 0.0359375
304 0.328125 0.296875 0.0296875 0.04375
178 0.2375 0.58359375 0.028125 0.04140625
139 0.89140625 0.959375 0.034375 0.0359375
544 0.84765625 0.60234375 0.02734375 0.03515625
368 0.85078125 0.22421875 0.0359375 0.04140625
454 0.190625 0.70859375 0.028125 0.0421875
104 0.709375 0.67890625 0.03125 0.040625
337 0.8453125 0.55859375 0.03203125 0.04609375
192 0.85 0.31875 0.03125 0.04765625
418 0.18984375 0.6265625 0.028125 0.040625
334 0.759375 0.95 0.03828125 0.04296875
689 0.6609375 0.6671875 0.0328125 0.0390625
255 0.70703125 0.9609375 0.0328125 0.04453125
460 0.79921875 0.3625 0.02421875 0.0359375
699 0.18515625 0.25625 0.0296875 0.04921875
22 0.23671875 0.7 0.03046875 0.03359375
567 0.14296875 0.2984375 0.0296875 0.040625
276 0.61484375 0.525 0.02890625 0.0375
276 0.18203125 0.175 0.0296875 0.0375
150 0.75234375 0.6703125 0.02265625 0.03828125
385 0.70546875 0.5125 0.02734375 0.0375
545 0.46328125 0.56328125 0.02734375 0.034375
192 0.153125 0.8078125 0.0265625 0.04453125
601 0.28125 0.65390625 0.0328125 0.03984375
428 0.753125 0.45078125 0.0265625 0.046875
573 0.1875 0.51484375 0.0265625 0.04375
192 0.8984375 0.321875 0.028125 0.046875
470 0.75234375 0.14375 0.0265625 0.040625
280 0.14921875 0.72421875 0.0265625 0.03203125
243 0.328125 0.2515625 0.0296875 0.04453125
44 0.28125 0.79296875 0.0296875 0.034375
37 0.61171875 0.2734375 0.0234375 0.03515625
402 0.7 0.18203125 0.028125 0.0390625
432 0.2796875 0.38984375 0.0296875 0.03515625
248 0.70703125 0.58984375 0.0328125 0.028125
522 0.79921875 0.959375 0.0265625 0.05
637 0.14140625 0.2578125 0.0265625 0.0375
553 0.896875 0.55 0.02421875 0.03828125
460 0.3296875 0.46796875 0.02734375 0.040625
183 0.19375 0.79296875 0.03046875 0.03203125
24 0.57421875 0.575 0.02421875 0.02890625
229 0.70078125 0.1 0.028125 0.0390625
92 0.46328125 0.38046875 0.0234375 0.03203125
277 0.2328125 0.17265625 0.03125 0.040625
280 0.37578125 0.3671875 0.028125 0.03359375
365 0.70703125 0.76328125 0.025 0.03359375
175 0.2765625 0.13203125 0.03046875 0.05
680 0.659375 0.7453125 0.021875 0.03515625
453 0.46796875 0.91953125 0.02734375 0.03515625
404 0.80078125 0.5328125 0.0296875 0.05234375
657 0.28125 0.89765625 0.0296875 0.028125
324 0.57578125 0.53359375 0.02421875 0.04140625
159 0.57421875 0.609375 0.0234375 0.03125
139 0.50390625 0.50625 0.02265625 0.03046875
436 0.571875 0.15546875 0.02109375 0.03515625
601 0.54296875 0.59453125 0.02265625 0.03203125
453 0.5421875 0.63203125 0.02109375 0.03359375
280 0.1890625 0.58828125 0.02734375 0.0328125
434 0.50390625 0.6921875 0.0234375 0.0296875
427 0.196875 0.9390625 0.02109375 0.025
474 0.49765625 0.23203125 0.021875 0.046875
12 0.575 0.6390625 0.01953125 0.02421875
412 0.53671875 0.24921875 0.02109375 0.03828125
577 0.00625 0.58125 0.0125 0.04765625
