155 0.1390625 0.75859375 0.0296875 0.0421875
39 0.171875 0.26796875 0.03515625 0.0453125
113 0.31328125 0.88671875 0.04140625 0.0390625
567 0.35078125 0.3328125 0.03203125 0.0390625
92 0.0953125 0.3359375 0.0296875 0.040625
171 0.171875 0.315625 0.0296875 0.0421875
178 0.13125 0.23828125 0.03359375 0.0390625
698 0.25859375 0.39296875 0.0328125 0.04140625
227 0.8078125 0.475 0.03515625 0.04140625
368 0.81484375 0.8234375 0.02890625 0.03671875
489 0.259375 0.26328125 0.03125 0.04453125
175 0.178125 0.734375 0.0265625 0.0421875
653 0.31015625 0.671875 0.03125 0.0390625
474 0.81484375 0.78125 0.03359375 0.04140625
708 0.80234375 0.3296875 0.03125 0.03515625
257 0.171875 0.40625 0.028125 0.04453125
196 0.26484375 0.67109375 0.02890625 0.0390625
606 0.76171875 0.4375 0.03125 0.040625
155 0.10390625 0.76328125 0.02734375 0.03671875
192 0.17421875 0.45625 0.028125 0.0453125
699 0.7078125 0.22578125 0.02890625 0.0390625
458 0.2234375 0.8515625 0.03046875 0.03359375
148 0.17109375 0.21796875 0.02734375 0.0453125
601 0.67734375 0.58125 0.02734375 0.040625
334 0.265625 0.5546875 0.03671875 0.03671875
567 0.31328125 0.7625 0.02890625 0.05
667 0.57734375 0.36875 0.03125 0.03671875
336 0.21796875 0.45390625 0.03125 0.040625
649 0.1859375 0.8890625 0.03125 0.03671875
154 0.22109375 0.6921875 0.03046875 0.0328125
464 0.2203125 0.3328125 0.03046875 0.034375
573 0.10078125 0.609375 0.028125 0.0421875
226 0.85078125 0.62890625 0.025 0.0328125
46 0.6203125 0.4359375 0.03125 0.04609375
209 0.809375 0.5515625 0.02734375 0.03359375
567 0.39296875 0.4390625 0.02890625 0.03671875
175 0.26640625 0.71953125 0.03046875 0.046875
192 0.1046875 0.8484375 0.02578125 0.03984375
327 0.76328125 0.4796875 0.0375 0.0390625
563 0.384375 0.1734375 0.02890625 0.03515625
180 0.8046875 0.365625 0.0296875 0.03203125
362 0.3515625 0.64140625 0.03046875 0.03515625
385 0.26640625 0.63046875 0.02890625 0.03671875
213 0.771875 0.775 0.02890625 0.03515625
334 0.66171875 0.18359375 0.03359375 0.034375
428 0.30625 0.30078125 0.025 0.034375
192 0.3953125 0.75546875 0.02734375 0.04375
443 0.13359375 0.35546875 0.03359375 0.028125
254 0.10390625 0.80625 0.025 0.04140625
685 0.0984375 0.49453125 0.025 0.0421875
435 0.83984375 0.1859375 0.02734375 0.0359375
8 0.6265625 0.571875 0.03125 0.04609375
568 0.8078125 0.5171875 0.02578125 0.03359375
324 0.096875 0.409375 0.03046875 0.03359375
297 0.17421875 0.54140625 0.028125 0.03203125
649 0.31328125 0.846875 0.0296875 0.02890625
623 0.09453125 0.25234375 0.0296875 0.0484375
333 0.6125 0.17421875 0.03046875 0.04140625
244 0.8515625 0.7234375 0.0265625 0.0375
443 0.7734375 0.88671875 0.03125 0.02734375
669 0.76875 0.6984375 0.02578125 0.0359375
470 0.10234375 0.68125 0.0234375 0.03359375
324 0.62734375 0.6140625 0.0296875 0.03671875
704 0.35078125 0.509375 0.028125 0.04375
156 0.74765625 0.153125 0.03125 0.03828125
299 0.7109375 0.26875 0.02734375 0.0421875
610 0.81484375 0.7390625 0.02890625 0.040625
433 0.709375 0.30625 0.02890625 0.03046875
341 0.61796875 0.3453125 0.0265625 0.03671875
435 0.5796875 0.525 0.02890625 0.0390625
85 0.54296875 0.61953125 0.02734375 0.03671875
120 0.17734375 0.65625 0.02421875 0.0375
318 0.2578125 0.35546875 0.028125 0.0328125
662 0.21796875 0.49453125 0.025 0.03515625
209 0.8578125 0.91171875 0.03125 0.03671875
92 0.13828125 0.71484375 0.02421875 0.0390625
150 0.72578125 0.76328125 0.02578125 0.03671875
331 0.14609375 0.9609375 0.028125 0.0421875
32 0.81484375 0.7 0.02890625 0.034375
567 0.6625 0.26328125 0.02265625 0.0390625
521 0.7203125 0.61484375 0.0265625 0.040625
498 0.096875 0.45 0.02421875 0.04375
674 0.10625 0.9171875 0.02265625 0.02734375
150 0.7703125 0.85078125 0.02734375 0.03671875
679 0.21953125 0.73046875 0.02421875 0.03671875
129 0.53203125 0.36796875 0.0234375 0.0359375
693 0.71640625 0.49296875 0.025 0.04375
591 0.840625 0.2953125 0.025 0.0390625
436 0.80390625 0.40234375 0.02265625 0.03671875
281 0.61875 0.3875 0.028125 0.04609375
411 0.34453125 0.20546875 0.02421875 0.0375
411 0.54375 0.73671875 0.025 0.03671875
567 0.50390625 0.64609375 0.0234375 0.03515625
640 0.54453125 0.69296875 0.025 0.03359375
60 0.8109375 0.5890625 0.03203125 0.0328125
363 0.7453125 0.1109375 0.034375 0.040625
27 0.12734375 0.20234375 0.0265625 0.0265625
65 0.134375 0.4234375 0.025 0.02890625
650 0.21953125 0.77109375 0.02421875 0.03515625
183 0.84375 0.37421875 0.02734375 0.02890625
499 0.84375 0.4046875 0.0296875 0.028125
386 0.7765625 0.91875 0.03125 0.03203125
470 0.77109375 0.8125 0.025 0.03359375
65 0.85703125 0.84375 0.03046875 0.02578125
276 0.83828125 0.225 0.02734375 0.03671875
209 0.83984375 0.2609375 0.02265625 0.02890625
623 0.090625 0.1796875 0.03203125 0.03515625
623 0.5078125 0.8 0.02265625 0.0375
139 0.4328125 0.80625 0.02890625 0.0328125
295 0.18515625 0.9265625 0.028125 0.02734375
183 0.66796875 0.38203125 0.0265625 0.02734375
360 0.68046875 0.68671875 0.0375 0.03046875
89 0.49609375 0.42890625 0.0234375 0.040625
243 0.6734375 0.53671875 0.0265625 0.04296875
80 0.10859375 0.95234375 0.03203125 0.03359375
212 0.50703125 0.7609375 0.02109375 0.0328125
495 0.54921875 0.88359375 0.02421875 0.03203125
381 0.725 0.80234375 0.025 0.03203125
363 0.3109375 0.95546875 0.034375 0.0375
222 0.7953125 0.11015625 0.0265625 0.03984375
601 0.49921875 0.49921875 0.0265625 0.0390625
486 0.5671875 0.16328125 0.02734375 0.0453125
82 0.5453125 0.809375 0.0234375 0.0328125
303 0.83828125 0.10625 0.02421875 0.04140625
92 0.425 0.2546875 0.02265625 0.03984375
423 0.42421875 0.13984375 0.02265625 0.03203125
324 0.72578125 0.83671875 0.02890625 0.0328125
183 0.2625 0.5171875 0.03203125 0.03203125
648 0.70078125 0.146875 0.0234375 0.03359375
52 0.12890625 0.13984375 0.028125 0.028125
253 0.3875 0.2875 0.02578125 0.0328125
