653 0.14375 0.81484375 0.0296875 0.03828125
201 0.13828125 0.6375 0.03125 0.03671875
79 0.71328125 0.53203125 0.0359375 0.0390625
334 0.43125 0.23515625 0.0296875 0.03515625
601 0.14375 0.85703125 0.02578125 0.04375
652 0.13515625 0.47890625 0.0296875 0.03515625
233 0.303125 0.4015625 0.028125 0.034375
163 0.3046875 0.58125 0.028125 0.03828125
246 0.17890625 0.67734375 0.02734375 0.03515625
71 0.17890625 0.7578125 0.02734375 0.03515625
60 0.7921875 0.25078125 0.028125 0.03359375
256 0.3015625 0.2984375 0.025 0.0390625
401 0.7484375 0.378125 0.03203125 0.03046875
363 0.18046875 0.82734375 0.0296875 0.0359375
178 0.7515625 0.3453125 0.028125 0.03203125
334 0.34765625 0.2390625 0.0328125 0.0328125
689 0.61640625 0.64765625 0.0296875 0.0359375
491 0.4375 0.78984375 0.0296875 0.03359375
104 0.56875 0.290625 0.0265625 0.0328125
226 0.3015625 0.334375 0.025 0.0328125
175 0.7046875 0.303125 0.025 0.040625
87 0.71171875 0.45234375 0.03359375 0.03125
456 0.2203125 0.71171875 0.02734375 0.03359375
175 0.65625 0.26171875 0.02890625 0.04140625
513 0.3046875 0.54375 0.03125 0.034375
324 0.13515625 0.51640625 0.03046875 0.03359375
139 0.79140625 0.1890625 0.028125 0.0296875
399 0.2609375 0.4109375 0.0296875 0.03359375
256 0.1734375 0.4296875 0.03125 0.03125
601 0.346875 0.653125 0.025 0.03515625
488 0.53359375 0.3984375 0.025 0.03828125
148 0.57890625 0.71953125 0.0265625 0.0328125
192 0.8015625 0.79375 0.0265625 0.03984375
363 0.75546875 0.6390625 0.0359375 0.03515625
514 0.43046875 0.3421875 0.0265625 0.040625
693 0.71171875 0.490625 0.02578125 0.0390625
257 0.14609375 0.9265625 0.03046875 0.034375
209 0.34765625 0.578125 0.02578125 0.03046875
71 0.796875 0.52421875 0.025 0.03828125
57 0.434375 0.41484375 0.025 0.0265625
232 0.7921875 0.28671875 0.0234375 0.03515625
183 0.14375 0.89375 0.0265625 0.02578125
332 0.4296875 0.19921875 0.025 0.03046875
428 0.13515625 0.55859375 0.025 0.0453125
433 0.3 0.21875 0.025 0.03203125
567 0.13203125 0.18359375 0.02734375 0.0265625
526 0.30390625 0.509375 0.02734375 0.03203125
170 0.43203125 0.30546875 0.0265625 0.0265625
534 0.65859375 0.4078125 0.03125 0.03203125
324 0.21953125 0.4234375 0.02734375 0.03203125
297 0.34609375 0.50625 0.02421875 0.03359375
175 0.80234375 0.75078125 0.02421875 0.0390625
558 0.61640625 0.87578125 0.021875 0.0296875
553 0.21796875 0.45625 0.02890625 0.028125
206 0.30625 0.65078125 0.02578125 0.028125
699 0.215625 0.14375 0.03671875 0.040625
232 0.21953125 0.58125 0.0234375 0.03125
540 0.53046875 0.3328125 0.0234375 0.0265625
470 0.46875 0.28515625 0.02109375 0.03515625
567 0.57421875 0.48203125 0.03046875 0.040625
657 0.75546875 0.60234375 0.02109375 0.03125
126 0.83671875 0.409375 0.028125 0.03671875
454 0.46796875 0.321875 0.02109375 0.03203125
126 0.34453125 0.378125 0.028125 0.0328125
540 0.34453125 0.20546875 0.0296875 0.02734375
54 0.8796875 0.321875 0.02578125 0.0359375
179 0.6078125 0.22734375 0.028125 0.028125
365 0.75390625 0.528125 0.02109375 0.03046875
297 0.7921875 0.32265625 0.02265625 0.0328125
567 0.171875 0.14375 0.02421875 0.0375
280 0.74609375 0.18203125 0.02421875 0.03125
404 0.8796875 0.43203125 0.01953125 0.03046875
113 0.61015625 0.1265625 0.03671875 0.04609375
186 0.87890625 0.39921875 0.0203125 0.034375
12 0.79453125 0.353125 0.025 0.0265625
627 0.7 0.1515625 0.02890625 0.0296875
477 0.87890625 0.46796875 0.02890625 0.03359375
175 0.83671875 0.44921875 0.021875 0.03984375
139 0.34375 0.13828125 0.03125 0.03515625
143 0.2171875 0.54921875 0.02265625 0.03046875
552 0.80234375 0.71640625 0.02109375 0.03046875
163 0.47109375 0.5578125 0.0234375 0.0296875
702 0.61640625 0.78203125 0.0234375 0.0296875
601 0.13125 0.15 0.02421875 0.03828125
175 0.39296875 0.628125 0.025 0.03984375
623 0.47109375 0.4921875 0.021875 0.0390625
186 0.8015625 0.8671875 0.01875 0.03046875
214 0.21796875 0.67734375 0.0203125 0.03203125
183 0.3484375 0.68515625 0.02421875 0.02421875
233 0.21796875 0.51640625 0.02421875 0.03359375
207 0.53828125 0.8078125 0.02265625 0.0328125
52 0.8359375 0.3 0.021875 0.03046875
37 0.61171875 0.36875 0.02578125 0.0265625
635 0.43828125 0.821875 0.0203125 0.0265625
556 0.5375 0.84140625 0.01875 0.028125
355 0.1484375 0.96015625 0.028125 0.03203125
192 0.74765625 0.26484375 0.02421875 0.040625
37 0.57890625 0.59375 0.02421875 0.0265625
280 0.83203125 0.15 0.0234375 0.028125
428 0.84296875 0.81640625 0.02421875 0.03359375
558 0.390625 0.2359375 0.02265625 0.03046875
183 0.17265625 0.1765625 0.0234375 0.0234375
324 0.43984375 0.8796875 0.0265625 0.021875
334 0.29921875 0.140625 0.021875 0.0359375
411 0.79921875 0.60703125 0.0296875 0.034375
427 0.5375 0.74453125 0.0203125 0.02109375
660 0.43984375 0.90703125 0.0234375 0.03046875
304 0.47421875 0.74140625 0.021875 0.040625
232 0.26171875 0.3765625 0.0203125 0.03203125
202 0.475 0.69453125 0.02421875 0.0390625
529 0.875 0.14765625 0.0203125 0.0296875
710 0.609375 0.165625 0.028125 0.03203125
443 0.1828125 0.9203125 0.03125 0.0328125
