304 0.259375 0.50625 0.0375 0.0390625
245 0.26484375 0.3828125 0.03125 0.03203125
441 0.17421875 0.44375 0.02890625 0.04375
454 0.21796875 0.19296875 0.03125 0.04140625
105 0.2203125 0.40703125 0.0296875 0.05546875
411 0.21484375 0.4890625 0.0328125 0.03671875
435 0.30390625 0.828125 0.03046875 0.03984375
80 0.08984375 0.28046875 0.028125 0.03671875
702 0.21953125 0.35859375 0.0296875 0.03515625
338 0.36015625 0.4765625 0.03125 0.0359375
192 0.26328125 0.63359375 0.0359375 0.03828125
623 0.31484375 0.2671875 0.03125 0.03984375
175 0.17265625 0.48671875 0.02734375 0.04375
74 0.26484375 0.30546875 0.02734375 0.03828125
491 0.40234375 0.38828125 0.0296875 0.0328125
649 0.73203125 0.25859375 0.0296875 0.0328125
334 0.778125 0.63984375 0.03515625 0.03515625
152 0.17265625 0.65625 0.02734375 0.03359375
623 0.6875 0.38125 0.02578125 0.0390625
637 0.17890625 0.35234375 0.03125 0.03359375
361 0.43984375 0.5640625 0.0296875 0.03359375
271 0.13046875 0.91953125 0.0265625 0.03203125
475 0.596875 0.30390625 0.03046875 0.02734375
335 0.30390625 0.62734375 0.03046875 0.0453125
567 0.86484375 0.58828125 0.02890625 0.03046875
513 0.17109375 0.90625 0.02734375 0.03359375
334 0.21640625 0.57578125 0.0296875 0.03671875
387 0.821875 0.625 0.03125 0.03515625
175 0.36015625 0.42890625 0.02890625 0.0453125
618 0.1296875 0.8515625 0.0296875 0.03046875
645 0.8203125 0.2015625 0.03046875 0.03515625
192 0.6890625 0.5046875 0.02578125 0.03984375
297 0.3140625 0.2296875 0.0296875 0.0328125
274 0.690625 0.66796875 0.028125 0.0359375
334 0.6 0.53984375 0.0265625 0.04140625
26 0.64140625 0.2890625 0.02734375 0.02890625
341 0.8203125 0.859375 0.02734375 0.03359375
590 0.7328125 0.57890625 0.03359375 0.03828125
623 0.778125 0.6 0.0265625 0.03828125
427 0.690625 0.625 0.02890625 0.04921875
258 0.22109375 0.3234375 0.0296875 0.03125
514 0.7296875 0.76640625 0.02578125 0.03828125
74 0.31171875 0.4625 0.03203125 0.03984375
334 0.6484375 0.5578125 0.03671875 0.0359375
276 0.59609375 0.2671875 0.028125 0.03828125
454 0.6859375 0.23125 0.0296875 0.03671875
324 0.21328125 0.7234375 0.02890625 0.028125
412 0.5546875 0.3984375 0.02578125 0.03671875
99 0.12890625 0.50078125 0.02578125 0.04140625
74 0.44140625 0.30625 0.02421875 0.03359375
183 0.821875 0.58828125 0.0296875 0.0296875
150 0.77265625 0.15703125 0.02734375 0.040625
405 0.25625 0.88125 0.02890625 0.03671875
144 0.17890625 0.31171875 0.0296875 0.03359375
704 0.17109375 0.75859375 0.02265625 0.03828125
175 0.55703125 0.48125 0.02734375 0.0453125
192 0.1296875 0.646875 0.0234375 0.0375
599 0.55625 0.4359375 0.0265625 0.03359375
146 0.8640625 0.62890625 0.0234375 0.040625
623 0.68984375 0.5453125 0.025 0.03359375
657 0.73046875 0.5046875 0.02578125 0.03203125
632 0.8609375 0.70234375 0.02578125 0.03359375
429 0.5578125 0.67890625 0.02265625 0.03828125
347 0.77109375 0.19375 0.0265625 0.028125
621 0.6421875 0.184375 0.0296875 0.02734375
702 0.7765625 0.4828125 0.03046875 0.03359375
668 0.13125 0.15234375 0.03203125 0.03671875
574 0.5984375 0.8234375 0.02421875 0.034375
431 0.59609375 0.1484375 0.02734375 0.03203125
677 0.4015625 0.5390625 0.02265625 0.03125
491 0.73046875 0.6484375 0.02890625 0.034375
435 0.77734375 0.92265625 0.025 0.03515625
355 0.40078125 0.8109375 0.021875 0.02734375
369 0.55703125 0.8984375 0.021875 0.03359375
192 0.7328125 0.809375 0.02578125 0.0390625
514 0.73203125 0.3234375 0.0265625 0.03984375
601 0.17265625 0.79609375 0.02265625 0.0296875
657 0.6921875 0.83046875 0.025 0.0390625
257 0.77734375 0.715625 0.0296875 0.034375
305 0.13046875 0.9578125 0.02578125 0.03515625
257 0.4 0.57265625 0.02421875 0.03125
276 0.5171875 0.2015625 0.0234375 0.03671875
175 0.0890625 0.409375 0.02265625 0.04296875
183 0.77578125 0.44921875 0.02578125 0.02734375
189 0.2671875 0.1859375 0.02890625 0.0296875
258 0.646875 0.703125 0.0234375 0.034375
144 0.646875 0.59453125 0.028125 0.03125
279 0.40234375 0.46484375 0.0234375 0.0390625
682 0.59609375 0.22421875 0.028125 0.0421875
424 0.265625 0.14921875 0.02421875 0.0359375
540 0.51640625 0.74140625 0.021875 0.0359375
423 0.55625 0.525 0.0234375 0.034375
183 0.3578125 0.55078125 0.025 0.03046875
568 0.5171875 0.70546875 0.02265625 0.0375
689 0.86328125 0.15234375 0.0265625 0.040625
132 0.440625 0.1609375 0.0265625 0.0328125
573 0.21328125 0.78203125 0.02890625 0.0328125
470 0.43671875 0.71484375 0.02265625 0.0421875
635 0.128125 0.30390625 0.025 0.02734375
183 0.77421875 0.3390625 0.02890625 0.03125
432 0.31015625 0.34140625 0.02734375 0.0296875
175 0.86484375 0.92421875 0.0234375 0.0421875
692 0.77734375 0.1140625 0.03671875 0.0390625
113 0.6421875 0.11875 0.02265625 0.0421875
550 0.21484375 0.65078125 0.0234375 0.028125
380 0.43828125 0.53125 0.01875 0.025
427 0.73046875 0.61484375 0.021875 0.02734375
588 0.359375 0.2015625 0.02265625 0.03203125
702 0.77578125 0.4125 0.0265625 0.03359375
427 0.4015625 0.3578125 0.02109375 0.0265625
592 0.7375 0.92421875 0.02734375 0.03125
485 0.43671875 0.89453125 0.02265625 0.0265625
