601 0.35234375 0.21328125 0.03046875 0.03828125
368 0.73515625 0.74375 0.0296875 0.04140625
350 0.67890625 0.39375 0.03203125 0.0375
189 0.3078125 0.2296875 0.03125 0.0375
434 0.215625 0.23515625 0.0296875 0.0421875
175 0.1671875 0.23671875 0.028125 0.04609375
433 0.7734375 0.7390625 0.028125 0.04140625
601 0.35390625 0.3546875 0.02578125 0.0359375
7 0.64140625 0.728125 0.0296875 0.0359375
645 0.8515625 0.425 0.03046875 0.0359375
601 0.85390625 0.54609375 0.028125 0.03671875
453 0.08828125 0.40546875 0.0265625 0.03359375
302 0.865625 0.834375 0.02734375 0.0296875
334 0.82265625 0.8375 0.02890625 0.0328125
175 0.21484375 0.46796875 0.02734375 0.04609375
369 0.81640625 0.61953125 0.02890625 0.03828125
369 0.62578125 0.3328125 0.03046875 0.0421875
334 0.7515625 0.2109375 0.028125 0.03671875
649 0.80234375 0.31953125 0.0234375 0.03359375
146 0.75625 0.28515625 0.02578125 0.040625
177 0.6859375 0.6015625 0.0296875 0.04140625
74 0.73515625 0.7875 0.0265625 0.034375
297 0.2140625 0.38828125 0.028125 0.0359375
245 0.40546875 0.778125 0.02734375 0.02734375
460 0.2625 0.50234375 0.0296875 0.03671875
489 0.715625 0.32578125 0.03203125 0.034375
208 0.778125 0.85859375 0.025 0.0359375
395 0.09375 0.70625 0.0265625 0.04140625
601 0.30390625 0.15078125 0.02890625 0.03828125
486 0.86484375 0.7984375 0.02421875 0.03671875
623 0.25859375 0.16640625 0.02734375 0.040625
187 0.85234375 0.46484375 0.028125 0.03671875
7 0.76796875 0.4921875 0.0390625 0.03984375
342 0.75859375 0.3234375 0.028125 0.0375
137 0.7640625 0.44765625 0.03515625 0.04296875
601 0.7078125 0.16796875 0.028125 0.04140625
139 0.26171875 0.24453125 0.03046875 0.0328125
643 0.63828125 0.52734375 0.028125 0.040625
689 0.26953125 0.825 0.03046875 0.0359375
175 0.26328125 0.46171875 0.0296875 0.04296875
605 0.684375 0.525 0.028125 0.0421875
652 0.69140625 0.6796875 0.03125 0.03671875
333 0.5765625 0.22578125 0.02578125 0.0421875
24 0.35234375 0.25078125 0.0265625 0.02890625
601 0.840625 0.2109375 0.028125 0.03984375
166 0.57890625 0.265625 0.0296875 0.028125
232 0.77578125 0.66015625 0.0296875 0.04375
488 0.178125 0.81953125 0.0328125 0.03671875
495 0.7765625 0.821875 0.02421875 0.03515625
544 0.86171875 0.7578125 0.02265625 0.0328125
175 0.12265625 0.33203125 0.02421875 0.04140625
367 0.72421875 0.44375 0.03671875 0.040625
491 0.6671875 0.221875 0.03203125 0.03828125
433 0.26171875 0.584375 0.0328125 0.0359375
601 0.67890625 0.35703125 0.03359375 0.0296875
297 0.64296875 0.80234375 0.02578125 0.034375
667 0.7234375 0.51640625 0.03125 0.0390625
623 0.6828125 0.4390625 0.03203125 0.0421875
139 0.81953125 0.77265625 0.02578125 0.0328125
313 0.09453125 0.7765625 0.0265625 0.028125
334 0.17265625 0.571875 0.0296875 0.0328125
189 0.74921875 0.16875 0.02734375 0.04296875
684 0.69609375 0.85625 0.02734375 0.034375
113 0.85546875 0.5921875 0.028125 0.040625
175 0.2640625 0.66796875 0.02890625 0.04609375
443 0.62734375 0.2921875 0.034375 0.0328125
175 0.440625 0.55703125 0.02421875 0.040625
115 0.6984375 0.92109375 0.0265625 0.03828125
342 0.2671875 0.7859375 0.028125 0.0359375
645 0.82421875 0.86953125 0.02890625 0.03046875
137 0.2640625 0.62421875 0.03828125 0.0390625
192 0.621875 0.17734375 0.03203125 0.040625
428 0.12109375 0.25703125 0.025 0.0390625
192 0.26484375 0.71796875 0.028125 0.04375
93 0.80625 0.41328125 0.02421875 0.04453125
120 0.54140625 0.359375 0.02265625 0.04296875
232 0.86640625 0.90078125 0.0265625 0.03515625
526 0.309375 0.33984375 0.0265625 0.03359375
153 0.2203125 0.853125 0.025 0.03125
471 0.6734375 0.29765625 0.02734375 0.03671875
183 0.4 0.6375 0.02578125 0.0265625
7 0.21953125 0.66796875 0.03671875 0.0375
12 0.63671875 0.4875 0.0296875 0.03203125
144 0.2625 0.34453125 0.02421875 0.03359375
303 0.4375 0.30859375 0.021875 0.03671875
232 0.0921875 0.665625 0.02265625 0.0328125
435 0.4421875 0.771875 0.0234375 0.03515625
424 0.21796875 0.74453125 0.02265625 0.03046875
155 0.625 0.25390625 0.03359375 0.0390625
689 0.74140625 0.91953125 0.02578125 0.0328125
526 0.43671875 0.23125 0.02109375 0.03125
330 0.175 0.70234375 0.02265625 0.03125
704 0.84296875 0.27578125 0.02734375 0.03046875
117 0.58359375 0.41171875 0.0296875 0.05
470 0.67109375 0.26171875 0.02578125 0.0328125
424 0.44140625 0.6671875 0.02265625 0.03203125
334 0.44453125 0.90546875 0.02421875 0.03515625
424 0.21953125 0.8875 0.0203125 0.028125
175 0.1203125 0.13203125 0.025 0.0453125
113 0.3984375 0.46875 0.02890625 0.03984375
665 0.8421875 0.246875 0.0234375 0.025
270 0.1640625 0.125 0.02734375 0.0359375
460 0.22109375 0.94765625 0.02734375 0.03671875
297 0.43828125 0.4453125 0.02109375 0.0359375
689 0.515625 0.60234375 0.02265625 0.0296875
698 0.0828125 0.1703125 0.02578125 0.0328125
175 0.63828125 0.60625 0.02734375 0.04140625
634 0.7953125 0.12890625 0.0265625 0.0421875
192 0.134375 0.946875 0.02421875 0.03828125
411 0.721875 0.48046875 0.02421875 0.0296875
189 0.2703125 0.9375 0.0296875 0.03125
460 0.4390625 0.34375 0.0203125 0.03203125
683 0.50703125 0.315625 0.021875 0.0421875
153 0.5734375 0.14609375 0.02421875 0.03125
529 0.80078125 0.24765625 0.02265625 0.0296875
687 0.83515625 0.0859375 0.02265625 0.040625
567 0.71328125 0.2515625 0.028125 0.03828125
334 0.07890625 0.1390625 0.02265625 0.02890625
499 0.65234375 0.896875 0.0265625 0.0296875
