488 0.30390625 0.24765625 0.03828125 0.0421875
122 0.2421875 0.821875 0.03203125 0.03828125
407 0.121875 0.41015625 0.03359375 0.046875
623 0.16171875 0.45234375 0.0296875 0.0453125
488 0.2484375 0.584375 0.03203125 0.03671875
24 0.20078125 0.6375 0.0296875 0.03671875
61 0.24140625 0.86171875 0.028125 0.0359375
567 0.16015625 0.69375 0.03046875 0.04296875
685 0.121875 0.32734375 0.0265625 0.04296875
601 0.115625 0.80234375 0.028125 0.03984375
334 0.24140625 0.9 0.02890625 0.03125
192 0.2515625 0.35234375 0.028125 0.0453125
254 0.38359375 0.85546875 0.0296875 0.040625
120 0.34921875 0.33203125 0.03125 0.03828125
80 0.1140625 0.68203125 0.03515625 0.03125
175 0.20859375 0.3375 0.0296875 0.046875
226 0.42890625 0.58359375 0.02734375 0.03671875
146 0.19921875 0.68203125 0.0296875 0.04140625
149 0.296875 0.56484375 0.0296875 0.03828125
667 0.42890625 0.69296875 0.028125 0.0359375
601 0.16328125 0.5640625 0.03359375 0.0296875
683 0.3375 0.83203125 0.0296875 0.03359375
441 0.65859375 0.403125 0.03203125 0.0453125
650 0.7 0.3875 0.03125 0.0390625
309 0.24375 0.73828125 0.04140625 0.040625
456 0.86640625 0.2515625 0.028125 0.03828125
92 0.77890625 0.296875 0.02890625 0.0359375
120 0.20390625 0.5546875 0.02734375 0.03515625
605 0.11640625 0.91015625 0.0265625 0.0390625
145 0.15390625 0.81171875 0.028125 0.03203125
670 0.1625 0.40625 0.03046875 0.04140625
187 0.30234375 0.4390625 0.0328125 0.04140625
125 0.88203125 0.83203125 0.0265625 0.03984375
276 0.39140625 0.29921875 0.0296875 0.0359375
673 0.3921875 0.378125 0.0265625 0.03671875
571 0.434375 0.37265625 0.02578125 0.0328125
406 0.2515625 0.26796875 0.03046875 0.03671875
495 0.15625 0.8484375 0.02578125 0.0359375
153 0.2453125 0.696875 0.03359375 0.03359375
662 0.66171875 0.63203125 0.02734375 0.03828125
297 0.29375 0.6 0.02890625 0.034375
208 0.1578125 0.7734375 0.0265625 0.0390625
175 0.19921875 0.759375 0.03046875 0.04453125
192 0.840625 0.8421875 0.0265625 0.03828125
673 0.6046875 0.26484375 0.02578125 0.03515625
313 0.69765625 0.34765625 0.03359375 0.03359375
183 0.12109375 0.2109375 0.02421875 0.04296875
700 0.20859375 0.38671875 0.028125 0.04453125
114 0.25234375 0.30859375 0.021875 0.0375
198 0.303125 0.17734375 0.02578125 0.03203125
146 0.16328125 0.321875 0.03203125 0.03984375
365 0.8359375 0.66640625 0.028125 0.0359375
196 0.46953125 0.82578125 0.025 0.040625
558 0.11953125 0.3671875 0.02265625 0.0359375
248 0.38984375 0.57265625 0.03046875 0.02734375
222 0.83046875 0.5265625 0.03203125 0.03203125
105 0.784375 0.45078125 0.0265625 0.0328125
443 0.3015625 0.2890625 0.03203125 0.02734375
233 0.84140625 0.80390625 0.02734375 0.0328125
437 0.875 0.43359375 0.03125 0.0375
208 0.575 0.6109375 0.02265625 0.03828125
192 0.734375 0.20078125 0.0265625 0.04296875
605 0.1671875 0.171875 0.0234375 0.04375
424 0.83046875 0.496875 0.03046875 0.0296875
105 0.578125 0.6890625 0.02578125 0.04453125
276 0.6609375 0.59296875 0.02734375 0.03515625
183 0.57109375 0.43515625 0.025 0.03046875
489 0.15390625 0.95078125 0.03125 0.0375
7 0.2015625 0.59609375 0.02265625 0.040625
138 0.61875 0.71640625 0.02265625 0.0328125
299 0.7984375 0.875 0.0296875 0.0265625
699 0.290625 0.753125 0.02734375 0.03359375
672 0.61953125 0.75234375 0.02265625 0.034375
605 0.66171875 0.51875 0.0328125 0.040625
530 0.42734375 0.76875 0.02421875 0.02890625
105 0.70234375 0.459375 0.02265625 0.0328125
270 0.47109375 0.6296875 0.021875 0.034375
530 0.25703125 0.1421875 0.02734375 0.0421875
428 0.19765625 0.809375 0.02421875 0.046875
456 0.28828125 0.8640625 0.02421875 0.03046875
207 0.87109375 0.39140625 0.02734375 0.04140625
26 0.86640625 0.28671875 0.02578125 0.02578125
659 0.43828125 0.20078125 0.03125 0.03203125
526 0.75234375 0.74296875 0.0265625 0.0296875
280 0.56484375 0.20390625 0.021875 0.03125
490 0.47421875 0.48515625 0.028125 0.0375
87 0.43125 0.54765625 0.021875 0.028125
189 0.84140625 0.8796875 0.025 0.02734375
365 0.6609375 0.55546875 0.028125 0.0359375
175 0.6953125 0.27734375 0.0234375 0.04296875
118 0.86484375 0.2109375 0.02421875 0.0375
204 0.7328125 0.15390625 0.02421875 0.03984375
513 0.53359375 0.36640625 0.02265625 0.03828125
702 0.6140625 0.61953125 0.02265625 0.0359375
552 0.16640625 0.24375 0.028125 0.025
222 0.3 0.3234375 0.02734375 0.0390625
689 0.6953125 0.19921875 0.0234375 0.034375
695 0.43671875 0.2671875 0.028125 0.0328125
274 0.11953125 0.9484375 0.0296875 0.0359375
204 0.39453125 0.146875 0.0265625 0.03515625
498 0.61953125 0.7890625 0.02265625 0.03828125
349 0.82421875 0.35234375 0.01953125 0.03828125
689 0.6171875 0.684375 0.02109375 0.02734375
52 0.390625 0.41796875 0.021875 0.03828125
153 0.81796875 0.1515625 0.02578125 0.0328125
702 0.84296875 0.91328125 0.0265625 0.03203125
567 0.75625 0.91875 0.02578125 0.04453125
186 0.47109375 0.74921875 0.01953125 0.0359375
686 0.87421875 0.60546875 0.02734375 0.0296875
232 0.33359375 0.95078125 0.0265625 0.03828125
348 0.62265625 0.93671875 0.0203125 0.03671875
113 0.121875 0.1375 0.0265625 0.0390625
71 0.8203125 0.1890625 0.0296875 0.03671875
269 0.70546875 0.4953125 0.0265625 0.03359375
39 0.52890625 0.17109375 0.02265625 0.03515625
435 0.53125 0.20546875 0.02421875 0.03359375
601 0.4765625 0.2421875 0.02109375 0.03671875
449 0.8703125 0.4734375 0.02421875 0.02578125
419 0.215625 0.140625 0.0328125 0.0359375
80 0.43671875 0.234375 0.03359375 0.03046875
66 0.8734375 0.503125 0.0234375 0.02734375
443 0.46640625 0.9390625 0.02578125 0.028125
132 0.7546875 0.8046875 0.02421875 0.02578125
284 0.4765625 0.2765625 0.0203125 0.02890625
424 0.60078125 0.11953125 0.021875 0.0328125
391 0.47265625 0.4515625 0.01875 0.02421875
170 0.19921875 0.95546875 0.0296875 0.05
95 0.7703125 0.1109375 0.02421875 0.02734375
313 0.82265625 0.28046875 0.0234375 0.03203125
