456 0.26484375 0.43671875 0.0328125 0.03828125
613 0.2234375 0.25625 0.0328125 0.0359375
393 0.26484375 0.4765625 0.034375 0.0359375
441 0.26484375 0.3953125 0.03359375 0.03984375
601 0.2640625 0.2625 0.02734375 0.03671875
113 0.0875 0.79609375 0.02890625 0.03515625
601 0.1734375 0.85 0.028125 0.03828125
202 0.31171875 0.2796875 0.03125 0.0390625
232 0.215625 0.89453125 0.0265625 0.034375
480 0.0875 0.9015625 0.02890625 0.0359375
243 0.1734375 0.76875 0.02890625 0.04140625
151 0.08359375 0.409375 0.0296875 0.03828125
650 0.22109375 0.2953125 0.028125 0.0359375
175 0.17578125 0.39609375 0.028125 0.040625
541 0.21640625 0.4125 0.028125 0.0375
601 0.259375 0.65703125 0.02734375 0.03671875
488 0.7578125 0.290625 0.0328125 0.03984375
334 0.12734375 0.50078125 0.03359375 0.040625
126 0.17578125 0.57890625 0.02890625 0.0390625
196 0.215625 0.553125 0.028125 0.03828125
210 0.21953125 0.375 0.0296875 0.03671875
652 0.8578125 0.53125 0.03125 0.04140625
650 0.26171875 0.58359375 0.028125 0.034375
350 0.865625 0.73671875 0.0328125 0.0390625
605 0.221875 0.1765625 0.02578125 0.03828125
441 0.77265625 0.6265625 0.03046875 0.04140625
196 0.1265625 0.6765625 0.02890625 0.03828125
673 0.175 0.5390625 0.028125 0.0359375
175 0.215625 0.7453125 0.025 0.04375
454 0.21328125 0.82890625 0.025 0.03359375
363 0.83828125 0.14140625 0.0328125 0.04375
196 0.259375 0.765625 0.028125 0.03515625
341 0.17265625 0.47265625 0.028125 0.03515625
232 0.21953125 0.478125 0.02578125 0.03515625
183 0.1734375 0.88515625 0.0296875 0.02734375
175 0.12578125 0.715625 0.0265625 0.03984375
650 0.21796875 0.70390625 0.0296875 0.03359375
433 0.4 0.54609375 0.0265625 0.03359375
175 0.17578125 0.26875 0.028125 0.0453125
404 0.74453125 0.87734375 0.0265625 0.03671875
619 0.815625 0.63984375 0.02578125 0.03671875
297 0.08125 0.4484375 0.028125 0.0375
257 0.40234375 0.28828125 0.02734375 0.03828125
667 0.403125 0.14453125 0.028125 0.0359375
605 0.540625 0.2 0.028125 0.0421875
87 0.60546875 0.759375 0.03203125 0.0453125
518 0.8 0.2078125 0.028125 0.03984375
623 0.8203125 0.80078125 0.028125 0.040625
433 0.2125 0.6625 0.02578125 0.03828125
372 0.2578125 0.91015625 0.028125 0.0296875
276 0.12421875 0.35703125 0.02890625 0.0328125
539 0.40234375 0.2171875 0.02578125 0.03359375
454 0.26015625 0.54765625 0.0328125 0.03671875
411 0.78046875 0.80234375 0.02578125 0.0328125
183 0.265625 0.29765625 0.02578125 0.028125
335 0.815625 0.6859375 0.02734375 0.0453125
601 0.55859375 0.69765625 0.025 0.0375
227 0.8234375 0.87109375 0.03125 0.03359375
651 0.84453125 0.26875 0.0265625 0.04140625
553 0.84765625 0.3703125 0.0265625 0.03828125
441 0.0890625 0.94296875 0.03125 0.04453125
153 0.63984375 0.521875 0.028125 0.03359375
139 0.721875 0.340625 0.028125 0.03125
333 0.7546875 0.21015625 0.025 0.040625
371 0.578125 0.121875 0.02734375 0.03828125
649 0.396875 0.87421875 0.0234375 0.034375
276 0.25546875 0.94609375 0.02734375 0.0359375
44 0.840625 0.18515625 0.02890625 0.03828125
237 0.8046875 0.275 0.03046875 0.0328125
187 0.5859375 0.2640625 0.0296875 0.03515625
89 0.84921875 0.41015625 0.0265625 0.0421875
514 0.5875 0.33203125 0.02421875 0.03515625
404 0.753125 0.16875 0.0265625 0.0328125
63 0.85390625 0.4890625 0.021875 0.0375
192 0.7703125 0.58671875 0.021875 0.03515625
605 0.60625 0.83984375 0.025 0.034375
144 0.2609375 0.62109375 0.0234375 0.03203125
232 0.7234375 0.4390625 0.021875 0.0359375
597 0.12734375 0.75390625 0.02578125 0.0296875
132 0.396875 0.90625 0.02265625 0.02734375
365 0.81875 0.7609375 0.02265625 0.0328125
175 0.540625 0.24296875 0.025 0.0453125
334 0.865625 0.775 0.02578125 0.0328125
592 0.5609375 0.73671875 0.02578125 0.03046875
460 0.17578125 0.140625 0.0265625 0.04140625
365 0.75546875 0.25 0.02109375 0.03359375
522 0.80703125 0.3953125 0.02421875 0.04609375
677 0.78125 0.8390625 0.02109375 0.0296875
304 0.66796875 0.14296875 0.0234375 0.0328125
306 0.6421875 0.5578125 0.0328125 0.03359375
343 0.44375 0.3234375 0.02109375 0.034375
558 0.26796875 0.1390625 0.0265625 0.0390625
186 0.259375 0.69609375 0.021875 0.034375
79 0.58671875 0.4109375 0.0296875 0.03671875
649 0.5984375 0.678125 0.0375 0.03828125
37 0.3140625 0.16953125 0.02109375 0.03203125
702 0.5640625 0.878125 0.021875 0.03046875
208 0.86171875 0.69375 0.02578125 0.03828125
652 0.6234375 0.140625 0.0265625 0.0296875
12 0.49921875 0.21015625 0.0203125 0.03046875
297 0.49921875 0.2453125 0.0203125 0.03828125
55 0.66796875 0.18125 0.0203125 0.03359375
347 0.84609375 0.33359375 0.03359375 0.0296875
618 0.62265625 0.1734375 0.0265625 0.03046875
702 0.44140625 0.21015625 0.01953125 0.03671875
424 0.08203125 0.17578125 0.02109375 0.0296875
222 0.44296875 0.2484375 0.02109375 0.03671875
