437 0.39921875 0.76875 0.03046875 0.03515625
601 0.09140625 0.4734375 0.0296875 0.04140625
363 0.1328125 0.578125 0.0328125 0.04140625
693 0.26640625 0.809375 0.03125 0.03203125
233 0.2734375 0.4296875 0.03046875 0.0375
365 0.26796875 0.59609375 0.0296875 0.0359375
601 0.3203125 0.30859375 0.0296875 0.040625
203 0.23125 0.25 0.03359375 0.03984375
693 0.275 0.4703125 0.03125 0.03671875
491 0.22578125 0.721875 0.0328125 0.0390625
702 0.2265625 0.48125 0.0296875 0.03671875
662 0.365625 0.328125 0.02578125 0.04296875
421 0.22421875 0.4421875 0.03515625 0.03515625
622 0.40859375 0.2921875 0.0265625 0.03671875
661 0.13359375 0.50234375 0.03125 0.0359375
324 0.27109375 0.55546875 0.03203125 0.0375
229 0.09140625 0.76484375 0.028125 0.0421875
645 0.134375 0.4671875 0.034375 0.0328125
601 0.27109375 0.51328125 0.0265625 0.0359375
304 0.090625 0.559375 0.0296875 0.0359375
601 0.1375 0.3703125 0.028125 0.03515625
421 0.18046875 0.50390625 0.0265625 0.03671875
687 0.09140625 0.428125 0.0296875 0.03984375
270 0.1828125 0.1921875 0.028125 0.0390625
662 0.18359375 0.234375 0.025 0.0421875
73 0.18125 0.64765625 0.03203125 0.0328125
387 0.2203125 0.909375 0.02421875 0.03046875
297 0.21953125 0.87734375 0.025 0.03515625
522 0.13203125 0.6890625 0.02734375 0.040625
397 0.31953125 0.26953125 0.028125 0.03515625
123 0.403125 0.665625 0.0265625 0.0296875
616 0.13515625 0.89375 0.03203125 0.0265625
254 0.08984375 0.87578125 0.02421875 0.03125
87 0.27734375 0.14765625 0.03984375 0.04609375
379 0.3125 0.79296875 0.0265625 0.04375
183 0.36484375 0.41484375 0.028125 0.03203125
640 0.1828125 0.58984375 0.0296875 0.03671875
640 0.09296875 0.38203125 0.0265625 0.04140625
209 0.2328125 0.18515625 0.03046875 0.0359375
192 0.17890625 0.73125 0.0265625 0.04375
495 0.13203125 0.728125 0.025 0.0359375
139 0.21953125 0.946875 0.0296875 0.0359375
674 0.13984375 0.225 0.0234375 0.03359375
214 0.0890625 0.91328125 0.0234375 0.0421875
511 0.1390625 0.1453125 0.028125 0.0375
646 0.4453125 0.37734375 0.02578125 0.0375
164 0.265625 0.946875 0.02890625 0.0359375
192 0.134375 0.93203125 0.03125 0.04140625
685 0.09296875 0.19453125 0.025 0.03828125
46 0.32109375 0.14609375 0.025 0.04140625
183 0.44453125 0.25859375 0.02109375 0.03125
676 0.44375 0.42421875 0.0265625 0.05
365 0.3109375 0.8734375 0.025 0.03203125
205 0.13359375 0.7875 0.02265625 0.025
