0 0.098472 0.929268 0.025467 0.029268
0 0.097623 0.897561 0.025467 0.031707
0 0.100170 0.862195 0.030560 0.034146
0 0.100170 0.821951 0.028862 0.034146
0 0.100170 0.785366 0.028862 0.031707
0 0.101019 0.750000 0.023769 0.031707
0 0.101019 0.713415 0.028862 0.039024
0 0.101868 0.668293 0.023769 0.041463
0 0.101019 0.628049 0.028862 0.034146
0 0.101019 0.595122 0.028862 0.026829
0 0.101868 0.567073 0.027165 0.029268
0 0.104414 0.531707 0.028862 0.034146
0 0.105263 0.492683 0.027165 0.031707
0 0.103565 0.454878 0.023769 0.034146
0 0.103565 0.417073 0.020374 0.031707
0 0.103565 0.376829 0.025467 0.039024
0 0.105263 0.339024 0.027165 0.029268
0 0.104414 0.307317 0.027165 0.026829
0 0.103565 0.275610 0.025467 0.031707
0 0.102716 0.248780 0.027165 0.024390
0 0.104414 0.214634 0.030560 0.036585
0 0.103565 0.175610 0.023769 0.031707
0 0.105263 0.136585 0.022071 0.034146
0 0.104414 0.100000 0.027165 0.034146
0 0.145161 0.931707 0.030560 0.029268
0 0.145161 0.897561 0.030560 0.039024
0 0.144312 0.857317 0.027165 0.034146
0 0.144312 0.819512 0.027165 0.031707
0 0.144312 0.780488 0.028862 0.039024
0 0.144312 0.745122 0.028862 0.031707
0 0.143463 0.710976 0.022071 0.026829
0 0.144312 0.679268 0.022071 0.031707
0 0.144312 0.639024 0.027165 0.039024
0 0.146010 0.596341 0.027165 0.034146
0 0.145161 0.560976 0.025467 0.031707
0 0.146859 0.521951 0.028862 0.039024
0 0.146859 0.479268 0.027165 0.034146
0 0.146010 0.442683 0.023769 0.036585
0 0.146010 0.408537 0.025467 0.026829
0 0.144312 0.379268 0.023769 0.024390
0 0.145161 0.347561 0.023769 0.034146
0 0.146010 0.312195 0.027165 0.034146
0 0.147708 0.273171 0.032258 0.041463
0 0.149406 0.231707 0.032258 0.036585
0 0.151104 0.190244 0.032258 0.034146
0 0.150255 0.159756 0.023769 0.017073
0 0.152801 0.134146 0.028862 0.031707
0 0.151104 0.097561 0.027165 0.029268
0 0.188455 0.923171 0.018676 0.026829
0 0.188455 0.891463 0.020374 0.029268
0 0.187606 0.863415 0.020374 0.026829
0 0.188455 0.828049 0.025467 0.041463
0 0.190153 0.779268 0.030560 0.043902
0 0.187606 0.732927 0.028862 0.043902
0 0.190153 0.685366 0.032258 0.046341
0 0.188455 0.642683 0.027165 0.034146
0 0.189304 0.604878 0.028862 0.034146
0 0.190153 0.569512 0.025467 0.029268
0 0.191851 0.535366 0.027165 0.029268
0 0.192699 0.502439 0.027165 0.031707
0 0.192699 0.464634 0.023769 0.036585
0 0.191851 0.445122 0.025467 0.026829
0 0.191851 0.407317 0.027165 0.041463
0 0.193548 0.369512 0.027165 0.031707
0 0.192699 0.331707 0.025467 0.039024
0 0.193548 0.293902 0.032258 0.036585
0 0.196095 0.252439 0.030560 0.039024
0 0.196944 0.210976 0.027165 0.034146
0 0.197793 0.178049 0.028862 0.034146
0 0.196944 0.141463 0.028862 0.036585
0 0.195246 0.100000 0.022071 0.031707
0 0.231749 0.932927 0.027165 0.024390
0 0.230051 0.906098 0.022071 0.024390
0 0.228353 0.880488 0.020374 0.026829
0 0.230900 0.846341 0.028862 0.034146
0 0.230051 0.812195 0.025467 0.026829
0 0.230900 0.776829 0.025467 0.031707
0 0.230900 0.745122 0.022071 0.031707
0 0.233447 0.714634 0.027165 0.029268
0 0.232598 0.678049 0.025467 0.039024
0 0.231749 0.635366 0.030560 0.043902
0 0.233447 0.586585 0.028862 0.039024
0 0.234295 0.542683 0.030560 0.036585
0 0.235993 0.507317 0.028862 0.026829
0 0.236842 0.475610 0.028862 0.029268
0 0.236842 0.441463 0.028862 0.031707
0 0.239389 0.407317 0.025467 0.031707
0 0.236842 0.365854 0.028862 0.043902
0 0.236842 0.320732 0.027165 0.039024
0 0.239389 0.281707 0.030560 0.034146
0 0.240238 0.248780 0.027165 0.031707
0 0.240238 0.214634 0.025467 0.031707
0 0.239389 0.180488 0.027165 0.026829
0 0.240238 0.142683 0.025467 0.043902
0 0.239389 0.101220 0.027165 0.034146
0 0.272496 0.937805 0.027165 0.024390
0 0.272496 0.908537 0.025467 0.029268
0 0.272496 0.878049 0.022071 0.031707
0 0.272496 0.845122 0.027165 0.029268
0 0.273345 0.810976 0.028862 0.026829
0 0.274194 0.781707 0.027165 0.024390
0 0.273345 0.747561 0.027165 0.036585
0 0.275042 0.706098 0.022071 0.041463
0 0.275042 0.669512 0.027165 0.034146
0 0.278438 0.628049 0.028862 0.041463
0 0.277589 0.587805 0.028862 0.031707
0 0.278438 0.556098 0.023769 0.026829
0 0.278438 0.518293 0.023769 0.039024
0 0.280985 0.475610 0.025467 0.036585
0 0.280985 0.439024 0.023769 0.029268
0 0.282683 0.397561 0.027165 0.043902
0 0.281834 0.357317 0.022071 0.031707
0 0.281834 0.324390 0.025467 0.031707
0 0.282683 0.285366 0.028862 0.041463
0 0.282683 0.242683 0.028862 0.039024
0 0.282683 0.203659 0.025467 0.036585
0 0.284380 0.170732 0.025467 0.029268
0 0.285229 0.134146 0.027165 0.043902
0 0.285229 0.097561 0.032258 0.029268
0 0.319185 0.940244 0.027165 0.026829
0 0.320883 0.906098 0.027165 0.031707
0 0.320883 0.873171 0.025467 0.029268
0 0.322581 0.832927 0.030560 0.039024
0 0.320883 0.796341 0.028862 0.034146
0 0.322581 0.760976 0.025467 0.024390
0 0.323430 0.730488 0.030560 0.034146
0 0.322581 0.685366 0.025467 0.051220
0 0.322581 0.641463 0.025467 0.026829
0 0.324278 0.602439 0.027165 0.039024
0 0.324278 0.558537 0.025467 0.036585
0 0.325976 0.520732 0.025467 0.029268
0 0.325976 0.481707 0.025467 0.041463
0 0.325976 0.440244 0.022071 0.034146
0 0.325976 0.403659 0.023769 0.034146
0 0.326825 0.364634 0.025467 0.039024
0 0.327674 0.324390 0.027165 0.036585
0 0.328523 0.285366 0.027165 0.036585
0 0.328523 0.251220 0.028862 0.031707
0 0.328523 0.214634 0.027165 0.039024
0 0.330221 0.178049 0.030560 0.029268
0 0.328523 0.141463 0.027165 0.034146
0 0.328523 0.103659 0.028862 0.039024
0 0.367572 0.924390 0.030560 0.036585
0 0.368421 0.884146 0.027165 0.034146
0 0.369270 0.846341 0.022071 0.034146
0 0.370968 0.802439 0.023769 0.039024
0 0.370968 0.765854 0.025467 0.029268
0 0.370119 0.732927 0.030560 0.036585
0 0.371817 0.693902 0.027165 0.031707
0 0.370968 0.654878 0.025467 0.036585
0 0.371817 0.609756 0.022071 0.041463
0 0.371817 0.565854 0.023769 0.039024
0 0.370119 0.530488 0.028862 0.029268
0 0.371817 0.492683 0.028862 0.036585
0 0.372666 0.457317 0.030560 0.029268
0 0.371817 0.423171 0.030560 0.036585
0 0.370968 0.380488 0.027165 0.039024
0 0.372666 0.341463 0.023769 0.036585
0 0.373514 0.303659 0.030560 0.026829
0 0.374363 0.271951 0.027165 0.029268
0 0.374363 0.240244 0.025467 0.026829
0 0.375212 0.209756 0.028862 0.029268
0 0.374363 0.175610 0.028862 0.034146
0 0.374363 0.137805 0.025467 0.034146
0 0.375212 0.101220 0.023769 0.034146
0 0.414261 0.937805 0.033956 0.029268
0 0.415110 0.906098 0.027165 0.031707
0 0.413413 0.874390 0.023769 0.031707
0 0.412564 0.835366 0.025467 0.031707
0 0.415959 0.800000 0.030560 0.031707
0 0.415959 0.765854 0.027165 0.031707
0 0.415959 0.739024 0.028862 0.024390
0 0.417657 0.707317 0.033956 0.031707
0 0.417657 0.669512 0.025467 0.031707
0 0.417657 0.629268 0.027165 0.039024
0 0.417657 0.591463 0.032258 0.031707
0 0.421053 0.553659 0.030560 0.031707
0 0.420204 0.514634 0.025467 0.034146
0 0.418506 0.474390 0.028862 0.036585
0 0.420204 0.432927 0.028862 0.036585
0 0.421053 0.397561 0.025467 0.029268
0 0.421902 0.363415 0.027165 0.036585
0 0.421902 0.329268 0.028862 0.031707
0 0.422750 0.291463 0.028862 0.039024
0 0.422750 0.253659 0.027165 0.031707
0 0.421902 0.212195 0.023769 0.039024
0 0.422750 0.173171 0.028862 0.029268
0 0.423599 0.140244 0.025467 0.036585
0 0.423599 0.102439 0.028862 0.031707
0 0.462649 0.928049 0.022071 0.029268
0 0.460951 0.900000 0.022071 0.026829
0 0.464346 0.865854 0.028862 0.034146
0 0.463497 0.828049 0.027165 0.036585
0 0.466044 0.787805 0.027165 0.041463
0 0.464346 0.745122 0.027165 0.034146
0 0.466044 0.708537 0.025467 0.034146
0 0.466893 0.673171 0.023769 0.034146
0 0.466893 0.640244 0.025467 0.029268
0 0.466893 0.608537 0.027165 0.024390
0 0.466044 0.576829 0.030560 0.031707
0 0.466044 0.543902 0.027165 0.031707
0 0.466044 0.501220 0.025467 0.039024
0 0.466044 0.463415 0.028862 0.031707
0 0.465195 0.424390 0.027165 0.034146
0 0.466893 0.386585 0.022071 0.034146
0 0.466893 0.350000 0.032258 0.031707
0 0.466893 0.312195 0.027165 0.039024
0 0.467742 0.271951 0.028862 0.034146
0 0.467742 0.241463 0.023769 0.021951
0 0.470289 0.213415 0.025467 0.029268
0 0.470289 0.181707 0.025467 0.034146
0 0.469440 0.143902 0.023769 0.034146
0 0.468591 0.108537 0.023769 0.031707
0 0.569610 0.945122 0.028862 0.026829
0 0.568761 0.920732 0.028862 0.024390
0 0.566214 0.891463 0.023769 0.029268
0 0.567063 0.851220 0.030560 0.041463
0 0.564516 0.807317 0.032258 0.036585
0 0.566214 0.769512 0.027165 0.029268
0 0.564516 0.734146 0.027165 0.036585
0 0.564516 0.698780 0.027165 0.026829
0 0.565365 0.663415 0.027165 0.034146
0 0.564516 0.632927 0.022071 0.019512
0 0.564516 0.606098 0.025467 0.029268
0 0.562818 0.571951 0.028862 0.034146
0 0.562818 0.526829 0.027165 0.041463
0 0.561969 0.486585 0.022071 0.034146
0 0.562818 0.450000 0.028862 0.029268
0 0.561969 0.418293 0.023769 0.029268
0 0.563667 0.378049 0.030560 0.043902
0 0.562818 0.336585 0.028862 0.039024
0 0.562818 0.293902 0.030560 0.034146
0 0.560272 0.264634 0.025467 0.019512
0 0.562818 0.235366 0.030560 0.034146
0 0.557725 0.201220 0.027165 0.031707
0 0.557725 0.167073 0.018676 0.026829
0 0.557725 0.137805 0.020374 0.026829
0 0.556876 0.108537 0.022071 0.026829
0 0.621392 0.930488 0.032258 0.026829
0 0.619694 0.897561 0.030560 0.034146
0 0.619694 0.864634 0.032258 0.024390
0 0.618846 0.832927 0.028862 0.031707
0 0.615450 0.797561 0.028862 0.034146
0 0.615450 0.764634 0.033956 0.021951
0 0.615450 0.737805 0.028862 0.029268
0 0.616299 0.704878 0.027165 0.036585
0 0.613752 0.664634 0.027165 0.031707
0 0.612903 0.629268 0.023769 0.036585
0 0.612054 0.593902 0.023769 0.029268
0 0.612903 0.554878 0.033956 0.039024
0 0.611205 0.519512 0.022071 0.019512
0 0.612054 0.486585 0.030560 0.036585
0 0.607810 0.447561 0.028862 0.031707
0 0.608659 0.412195 0.022071 0.029268
0 0.608659 0.376829 0.022071 0.031707
0 0.608659 0.342683 0.025467 0.031707
0 0.606961 0.301220 0.030560 0.043902
0 0.606961 0.256098 0.030560 0.039024
0 0.605263 0.215854 0.030560 0.034146
0 0.606961 0.179268 0.027165 0.026829
0 0.606112 0.147561 0.028862 0.034146
0 0.606961 0.109756 0.032258 0.034146
0 0.666384 0.940244 0.028862 0.029268
0 0.667233 0.896341 0.030560 0.036585
0 0.662139 0.856098 0.027165 0.031707
0 0.663837 0.814634 0.020374 0.031707
0 0.662988 0.781707 0.022071 0.026829
0 0.661290 0.752439 0.025467 0.026829
0 0.664686 0.718293 0.030560 0.031707
0 0.662988 0.679268 0.025467 0.031707
0 0.660441 0.643902 0.023769 0.029268
0 0.659593 0.608537 0.027165 0.034146
0 0.659593 0.571951 0.023769 0.034146
0 0.659593 0.537805 0.020374 0.029268
0 0.657895 0.502439 0.027165 0.036585
0 0.656197 0.465854 0.030560 0.029268
0 0.657895 0.430488 0.025467 0.031707
0 0.658744 0.393902 0.028862 0.034146
0 0.657895 0.358537 0.030560 0.036585
0 0.657046 0.324390 0.030560 0.024390
0 0.654499 0.290244 0.027165 0.039024
0 0.655348 0.246341 0.030560 0.041463
0 0.653650 0.204878 0.030560 0.034146
0 0.653650 0.169512 0.030560 0.031707
0 0.651952 0.137805 0.027165 0.029268
0 0.651952 0.104878 0.030560 0.031707
0 0.713922 0.925610 0.032258 0.046341
0 0.713073 0.873171 0.033956 0.043902
0 0.710526 0.829268 0.023769 0.036585
0 0.710526 0.791463 0.027165 0.036585
0 0.709677 0.754878 0.022071 0.029268
0 0.709677 0.721951 0.023769 0.031707
0 0.709677 0.687805 0.028862 0.026829
0 0.707131 0.657317 0.032258 0.026829
0 0.707980 0.621951 0.032258 0.034146
0 0.706282 0.589024 0.028862 0.031707
0 0.706282 0.552439 0.027165 0.036585
0 0.704584 0.514634 0.027165 0.034146
0 0.704584 0.471951 0.025467 0.036585
0 0.702886 0.430488 0.025467 0.036585
0 0.702037 0.395122 0.023769 0.026829
0 0.702886 0.359756 0.028862 0.034146
0 0.702886 0.324390 0.028862 0.031707
0 0.698642 0.284146 0.023769 0.039024
0 0.698642 0.245122 0.028862 0.034146
0 0.698642 0.210976 0.027165 0.031707
0 0.699491 0.174390 0.028862 0.036585
0 0.697793 0.140244 0.027165 0.029268
0 0.696944 0.102439 0.023769 0.036585
83 0.761460 0.924390 0.027165 0.026829
628 0.762309 0.893902 0.027165 0.029268
78 0.762309 0.859756 0.028862 0.031707
77 0.759762 0.824390 0.027165 0.031707
918 0.758913 0.790244 0.028862 0.026829
917 0.758913 0.754878 0.027165 0.036585
76 0.758913 0.713415 0.023769 0.039024
75 0.758065 0.671951 0.020374 0.034146
109 0.756367 0.629268 0.027165 0.046341
274 0.754669 0.586585 0.027165 0.029268
149 0.754669 0.552439 0.025467 0.034146
44 0.754669 0.510976 0.028862 0.036585
414 0.752971 0.468293 0.023769 0.031707
916 0.752122 0.431707 0.025467 0.031707
0 0.750424 0.391463 0.028862 0.041463
0 0.750424 0.351220 0.027165 0.031707
0 0.749576 0.319512 0.025467 0.021951
0 0.748727 0.290244 0.028862 0.031707
0 0.750424 0.254878 0.028862 0.031707
0 0.747029 0.225610 0.022071 0.017073
0 0.747029 0.196341 0.027165 0.034146
77 0.808998 0.925610 0.030560 0.029268
45 0.807301 0.867073 0.027165 0.029268
268 0.808998 0.831707 0.025467 0.031707
21 0.809847 0.793902 0.023769 0.034146
42 0.808149 0.754878 0.030560 0.036585
315 0.806452 0.719512 0.027165 0.029268
457 0.803056 0.680488 0.022071 0.041463
163 0.803905 0.639024 0.025467 0.034146
713 0.803056 0.601220 0.027165 0.034146
213 0.802207 0.567073 0.027165 0.031707
91 0.799660 0.532927 0.023769 0.029268
327 0.798812 0.500000 0.028862 0.031707
753 0.797963 0.460976 0.025467 0.036585
327 0.796265 0.421951 0.027165 0.031707
149 0.794567 0.387805 0.023769 0.034146
44 0.796265 0.350000 0.022071 0.031707
414 0.795416 0.308537 0.023769 0.043902
168 0.792869 0.270732 0.027165 0.029268
682 0.792869 0.237805 0.025467 0.031707
106 0.792020 0.200000 0.028862 0.034146
895 0.853990 0.852439 0.020374 0.021951
67 0.854839 0.814634 0.030560 0.041463
824 0.851443 0.776829 0.030560 0.026829
586 0.853141 0.740244 0.032258 0.039024
913 0.853141 0.704878 0.027165 0.029268
912 0.851443 0.669512 0.028862 0.036585
294 0.848896 0.632927 0.025467 0.031707
855 0.847199 0.603659 0.023769 0.019512
233 0.848048 0.571951 0.025467 0.031707
707 0.847199 0.542683 0.030560 0.021951
67 0.845501 0.508537 0.030560 0.036585
664 0.842954 0.464634 0.025467 0.041463
21 0.843803 0.428049 0.028862 0.026829
915 0.842954 0.393902 0.025467 0.034146
914 0.842105 0.357317 0.025467 0.026829
562 0.842105 0.323171 0.030560 0.036585
302 0.838710 0.280488 0.022071 0.031707
44 0.837861 0.240244 0.023769 0.039024
64 0.837861 0.202439 0.030560 0.031707
234 0.837861 0.165854 0.027165 0.031707
167 0.836163 0.126829 0.023769 0.034146
179 0.899830 0.917073 0.027165 0.036585
258 0.898981 0.880488 0.025467 0.031707
110 0.898132 0.850000 0.027165 0.024390
871 0.899830 0.814634 0.027165 0.031707
609 0.897284 0.782927 0.022071 0.017073
83 0.898132 0.751220 0.027165 0.034146
315 0.895586 0.712195 0.023769 0.031707
248 0.894737 0.674390 0.018676 0.029268
130 0.893888 0.642683 0.018676 0.026829
555 0.893888 0.614634 0.020374 0.026829
68 0.894737 0.584146 0.022071 0.029268
67 0.893888 0.547561 0.025467 0.041463
651 0.893039 0.502439 0.027165 0.036585
110 0.890492 0.462195 0.025467 0.034146
83 0.890492 0.424390 0.025467 0.031707
525 0.890492 0.387805 0.025467 0.034146
77 0.887946 0.351220 0.027165 0.034146
237 0.886248 0.309756 0.025467 0.039024
327 0.884550 0.275610 0.028862 0.024390
753 0.885399 0.243902 0.022071 0.031707
327 0.883701 0.214634 0.020374 0.021951
149 0.883701 0.180488 0.033956 0.039024
67 0.882003 0.143902 0.030560 0.026829
44 0.884550 0.113415 0.030560 0.024390
911 0.943124 0.895122 0.023769 0.041463
100 0.942275 0.854878 0.018676 0.029268
150 0.942275 0.825610 0.022071 0.026829
44 0.941426 0.789024 0.028862 0.036585
281 0.940577 0.750000 0.022071 0.031707
43 0.939728 0.717073 0.023769 0.029268
910 0.938031 0.679268 0.027165 0.034146
908 0.938031 0.639024 0.025467 0.034146
907 0.937182 0.600000 0.030560 0.041463
100 0.936333 0.560976 0.028862 0.026829
43 0.935484 0.529268 0.023769 0.031707
27 0.934635 0.495122 0.022071 0.031707
38 0.933786 0.458537 0.023769 0.036585
37 0.933786 0.421951 0.030560 0.029268
37 0.932937 0.384146 0.023769 0.039024
310 0.932088 0.348780 0.025467 0.026829
309 0.932937 0.314634 0.025467 0.039024
83 0.931239 0.280488 0.027165 0.024390
149 0.930390 0.251220 0.027165 0.026829
901 0.928693 0.221951 0.025467 0.024390
74 0.927844 0.190244 0.025467 0.029268
549 0.928693 0.154878 0.022071 0.031707
140 0.926995 0.118293 0.025467 0.031707
68 0.926995 0.085366 0.025467 0.024390
