929 0.117188 0.908983 0.026042 0.033097
929 0.118056 0.868794 0.026042 0.040189
929 0.117188 0.833333 0.027778 0.028369
803 0.116319 0.799054 0.026042 0.030733
479 0.116319 0.764775 0.026042 0.030733
527 0.114583 0.732861 0.024306 0.026005
47 0.112847 0.705674 0.022569 0.026005
33 0.112847 0.678487 0.026042 0.028369
70 0.113715 0.647754 0.027778 0.028369
161 0.111979 0.615839 0.027778 0.030733
48 0.112847 0.580378 0.026042 0.033097
127 0.111979 0.549645 0.029514 0.028369
29 0.111111 0.520095 0.029514 0.023641
28 0.109375 0.490544 0.029514 0.033097
72 0.109375 0.453901 0.027778 0.037825
133 0.108507 0.418440 0.026042 0.033097
220 0.108507 0.379433 0.026042 0.035461
75 0.111111 0.345154 0.031250 0.028369
158 0.110243 0.308511 0.029514 0.037825
123 0.107639 0.241135 0.027778 0.028369
916 0.160590 0.913712 0.031250 0.021277
916 0.159722 0.885343 0.027778 0.028369
916 0.159722 0.854610 0.022569 0.030733
916 0.162326 0.814421 0.031250 0.042553
127 0.160590 0.781324 0.029514 0.023641
29 0.158854 0.747045 0.026042 0.035461
28 0.158854 0.708038 0.029514 0.037825
181 0.159722 0.671395 0.029514 0.033097
64 0.157986 0.639480 0.029514 0.026005
65 0.157118 0.608747 0.031250 0.028369
35 0.155382 0.574468 0.026042 0.030733
83 0.156250 0.541371 0.022569 0.028369
55 0.156250 0.510638 0.024306 0.030733
107 0.158854 0.477541 0.031250 0.028369
439 0.157986 0.439716 0.026042 0.033097
438 0.158854 0.404255 0.027778 0.033097
528 0.156250 0.372340 0.029514 0.028369
20 0.156250 0.340426 0.031250 0.028369
381 0.155382 0.304965 0.031250 0.037825
4 0.157118 0.270686 0.029514 0.030733
230 0.157118 0.238771 0.027778 0.030733
139 0.155382 0.170213 0.027778 0.033097
174 0.156250 0.140662 0.026042 0.026005
109 0.155382 0.105201 0.027778 0.037825
107 0.203993 0.913712 0.027778 0.023641
107 0.203125 0.884161 0.026042 0.030733
107 0.205729 0.849882 0.026042 0.033097
107 0.204861 0.815603 0.031250 0.030733
127 0.203993 0.783688 0.024306 0.028369
29 0.204861 0.752955 0.024306 0.026005
28 0.204861 0.725768 0.024306 0.028369
195 0.204861 0.692671 0.026042 0.030733
576 0.203125 0.661939 0.026042 0.028369
129 0.203125 0.630024 0.031250 0.030733
528 0.203125 0.599291 0.031250 0.028369
20 0.201389 0.560284 0.031250 0.040189
698 0.202257 0.522459 0.029514 0.035461
928 0.202257 0.484634 0.032986 0.030733
75 0.200521 0.451537 0.029514 0.030733
142 0.201389 0.417258 0.026042 0.028369
153 0.202257 0.380615 0.024306 0.033097
64 0.203125 0.348700 0.029514 0.028369
794 0.203125 0.313239 0.031250 0.040189
793 0.202257 0.271868 0.026042 0.033097
64 0.203125 0.237589 0.024306 0.030733
33 0.202257 0.200946 0.026042 0.037825
129 0.201389 0.159574 0.029514 0.040189
550 0.201389 0.107565 0.031250 0.047281
239 0.249132 0.900709 0.027778 0.033097
239 0.250000 0.871158 0.024306 0.028369
239 0.250000 0.839243 0.032986 0.030733
64 0.250000 0.808511 0.029514 0.028369
147 0.250868 0.768322 0.031250 0.042553
699 0.250000 0.734043 0.031250 0.030733
699 0.249132 0.697400 0.027778 0.035461
75 0.250000 0.657210 0.029514 0.037825
28 0.249132 0.620567 0.027778 0.033097
4 0.249132 0.586288 0.029514 0.033097
13 0.249132 0.556738 0.027778 0.026005
220 0.250000 0.521277 0.029514 0.037825
75 0.250000 0.489362 0.031250 0.026005
158 0.247396 0.456265 0.029514 0.033097
121 0.250000 0.420804 0.031250 0.037825
208 0.249132 0.382979 0.031250 0.030733
109 0.247396 0.352246 0.027778 0.030733
13 0.248264 0.321513 0.029514 0.030733
108 0.247396 0.289598 0.026042 0.028369
85 0.249132 0.260047 0.026042 0.028369
34 0.249132 0.230496 0.022569 0.028369
127 0.248264 0.193853 0.024306 0.035461
29 0.248264 0.158392 0.031250 0.028369
28 0.248264 0.127660 0.026042 0.030733
27 0.248264 0.095745 0.024306 0.028369
26 0.298611 0.898345 0.029514 0.035461
26 0.296007 0.861702 0.027778 0.033097
26 0.298611 0.822695 0.031250 0.035461
26 0.296007 0.780142 0.020833 0.037825
572 0.296875 0.709220 0.031250 0.030733
136 0.297743 0.672577 0.029514 0.035461
462 0.295139 0.639480 0.031250 0.028369
109 0.295139 0.606383 0.027778 0.030733
204 0.295139 0.572104 0.026042 0.030733
238 0.296007 0.537825 0.031250 0.028369
135 0.294271 0.502364 0.029514 0.037825
110 0.295139 0.465721 0.029514 0.033097
75 0.295139 0.429078 0.026042 0.035461
157 0.295139 0.395981 0.024306 0.030733
82 0.296007 0.358156 0.022569 0.037825
462 0.296007 0.322695 0.029514 0.028369
26 0.295139 0.291962 0.024306 0.028369
165 0.296007 0.262411 0.020833 0.026005
604 0.294271 0.234043 0.022569 0.028369
803 0.296875 0.199764 0.029514 0.033097
147 0.296007 0.166667 0.027778 0.030733
33 0.296007 0.132388 0.031250 0.037825
927 0.295139 0.098109 0.029514 0.033097
467 0.339410 0.900709 0.022569 0.028369
467 0.341146 0.872340 0.022569 0.026005
467 0.340278 0.847518 0.020833 0.028369
467 0.340278 0.814421 0.027778 0.033097
467 0.340278 0.774232 0.026042 0.037825
263 0.341146 0.736407 0.024306 0.030733
69 0.340278 0.703310 0.024306 0.033097
224 0.341146 0.672577 0.026042 0.028369
64 0.341146 0.643026 0.027778 0.030733
261 0.340278 0.609929 0.020833 0.028369
474 0.340278 0.578014 0.022569 0.033097
263 0.340278 0.547281 0.027778 0.030733
256 0.340278 0.511820 0.026042 0.030733
786 0.340278 0.481087 0.026042 0.030733
64 0.339410 0.449173 0.022569 0.028369
694 0.341146 0.420804 0.022569 0.028369
142 0.342014 0.392435 0.022569 0.028369
622 0.341146 0.356974 0.026042 0.037825
73 0.340278 0.317967 0.027778 0.037825
13 0.342014 0.276596 0.027778 0.040189
327 0.339410 0.241135 0.027778 0.026005
26 0.339410 0.209220 0.024306 0.035461
165 0.339410 0.171395 0.026042 0.037825
604 0.340278 0.134752 0.026042 0.033097
523 0.338542 0.101655 0.027778 0.033097
926 0.383681 0.892435 0.022569 0.026005
926 0.384549 0.864066 0.022569 0.028369
926 0.383681 0.830969 0.022569 0.037825
926 0.385417 0.789598 0.024306 0.037825
142 0.384549 0.755319 0.026042 0.026005
153 0.384549 0.726950 0.027778 0.028369
64 0.383681 0.690307 0.026042 0.037825
133 0.383681 0.658392 0.022569 0.023641
224 0.381944 0.630024 0.022569 0.028369
33 0.381944 0.595745 0.027778 0.030733
220 0.381944 0.562648 0.027778 0.028369
75 0.380208 0.527187 0.024306 0.033097
158 0.380208 0.495272 0.026042 0.030733
925 0.379340 0.465721 0.022569 0.026005
734 0.381076 0.438534 0.022569 0.026005
540 0.381076 0.411348 0.022569 0.026005
541 0.380208 0.382979 0.024306 0.030733
524 0.381076 0.351064 0.024306 0.028369
52 0.379340 0.322695 0.024306 0.028369
699 0.380208 0.291962 0.026042 0.030733
699 0.380208 0.260047 0.024306 0.033097
75 0.379340 0.228132 0.027778 0.026005
28 0.379340 0.198582 0.027778 0.035461
280 0.380208 0.161939 0.024306 0.033097
35 0.379340 0.134752 0.024306 0.023641
11 0.380208 0.104019 0.024306 0.030733
35 0.423611 0.872340 0.022569 0.030733
35 0.423611 0.840426 0.022569 0.028369
35 0.421875 0.810875 0.020833 0.026005
35 0.422743 0.783688 0.017361 0.023641
35 0.422743 0.757683 0.020833 0.026005
35 0.421875 0.729314 0.022569 0.026005
161 0.421875 0.698582 0.022569 0.030733
482 0.421875 0.665485 0.024306 0.030733
13 0.421007 0.625296 0.024306 0.037825
129 0.420139 0.592199 0.026042 0.023641
528 0.419271 0.561466 0.022569 0.033097
20 0.419271 0.527187 0.022569 0.030733
373 0.420139 0.492908 0.022569 0.030733
75 0.419271 0.456265 0.022569 0.037825
142 0.419271 0.424350 0.026042 0.026005
153 0.417535 0.393617 0.020833 0.030733
201 0.418403 0.360520 0.020833 0.033097
412 0.418403 0.327423 0.020833 0.030733
877 0.416667 0.294326 0.020833 0.028369
52 0.415799 0.264775 0.020833 0.028369
220 0.416667 0.236407 0.017361 0.026005
75 0.416667 0.208038 0.020833 0.028369
158 0.416667 0.174941 0.020833 0.033097
121 0.414931 0.141844 0.019097 0.026005
763 0.414931 0.113475 0.020833 0.028369
72 0.455729 0.842790 0.019097 0.021277
34 0.453125 0.652482 0.015625 0.023641
153 0.451389 0.541371 0.017361 0.023641
214 0.448785 0.451537 0.015625 0.023641
26 0.448785 0.421986 0.015625 0.023641
246 0.537326 0.718676 0.024306 0.030733
220 0.535590 0.682033 0.024306 0.035461
75 0.533854 0.645390 0.026042 0.033097
158 0.532986 0.609929 0.024306 0.033097
161 0.531250 0.578014 0.024306 0.028369
694 0.529514 0.547281 0.022569 0.028369
47 0.528646 0.511820 0.020833 0.035461
373 0.626736 0.881797 0.027778 0.037825
75 0.626736 0.869976 0.031250 0.030733
142 0.624132 0.833333 0.029514 0.035461
153 0.623264 0.794326 0.029514 0.035461
75 0.639757 0.274232 0.027778 0.033097
52 0.638889 0.238771 0.029514 0.033097
498 0.638021 0.199764 0.026042 0.037825
924 0.637153 0.161939 0.027778 0.030733
201 0.634549 0.131206 0.034722 0.026005
412 0.634549 0.094563 0.031250 0.040189
222 0.718750 0.894799 0.027778 0.018913
52 0.717014 0.867612 0.026042 0.033097
93 0.715278 0.828605 0.031250 0.037825
216 0.732639 0.171395 0.026042 0.030733
225 0.731771 0.139480 0.027778 0.028369
102 0.730035 0.106383 0.027778 0.030733
109 0.726562 0.076832 0.031250 0.028369
13 0.804688 0.676123 0.031250 0.030733
154 0.802083 0.641844 0.029514 0.033097
672 0.803819 0.607565 0.026042 0.030733
33 0.800347 0.572104 0.026042 0.033097
381 0.798611 0.531915 0.029514 0.037825
187 0.798611 0.491726 0.027778 0.033097
15 0.795139 0.455083 0.029514 0.033097
158 0.793403 0.421986 0.027778 0.033097
64 0.790799 0.384161 0.027778 0.040189
174 0.789062 0.349882 0.029514 0.028369
109 0.788194 0.316785 0.027778 0.033097
127 0.786458 0.281324 0.027778 0.033097
29 0.786458 0.247045 0.029514 0.028369
28 0.855035 0.886525 0.024306 0.023641
553 0.854167 0.864066 0.027778 0.028369
9 0.854167 0.804965 0.026042 0.028369
386 0.855035 0.773050 0.024306 0.028369
385 0.853299 0.743499 0.024306 0.028369
142 0.852431 0.713948 0.024306 0.028369
923 0.849826 0.684397 0.031250 0.026005
922 0.850694 0.654846 0.031250 0.028369
142 0.848958 0.628842 0.027778 0.026005
246 0.849826 0.599291 0.029514 0.028369
220 0.848090 0.568558 0.024306 0.028369
75 0.848090 0.539007 0.024306 0.026005
158 0.845486 0.508274 0.029514 0.028369
35 0.845486 0.469267 0.034722 0.047281
55 0.842882 0.408983 0.032986 0.035461
107 0.842014 0.371158 0.031250 0.035461
262 0.842014 0.333333 0.031250 0.035461
439 0.838542 0.300236 0.032986 0.030733
