0 0.095034 0.875904 0.025685 0.026506
0 0.094178 0.845783 0.020548 0.026506
0 0.095034 0.806024 0.022260 0.040964
0 0.096747 0.767470 0.023973 0.028916
0 0.095890 0.738554 0.020548 0.021687
0 0.100171 0.702410 0.029110 0.045783
0 0.100171 0.654217 0.027397 0.040964
0 0.102740 0.613253 0.029110 0.031325
0 0.101884 0.580723 0.025685 0.026506
0 0.103596 0.550602 0.027397 0.026506
0 0.102740 0.524096 0.023973 0.028916
0 0.104452 0.489157 0.027397 0.033735
0 0.105308 0.450602 0.030822 0.036145
0 0.106164 0.410843 0.027397 0.038554
0 0.107877 0.368675 0.029110 0.036145
0 0.109589 0.327711 0.027397 0.036145
0 0.109589 0.292771 0.029110 0.024096
0 0.110445 0.261446 0.029110 0.026506
0 0.112158 0.226506 0.025685 0.038554
0 0.110445 0.189157 0.023973 0.031325
0 0.113870 0.155422 0.030822 0.031325
0 0.112158 0.122892 0.023973 0.028916
0 0.139555 0.919277 0.023973 0.021687
0 0.141267 0.887952 0.027397 0.038554
0 0.141267 0.846988 0.027397 0.040964
0 0.140411 0.800000 0.023973 0.043373
0 0.142123 0.755422 0.027397 0.036145
0 0.142123 0.714458 0.027397 0.033735
0 0.143836 0.669880 0.027397 0.038554
0 0.146404 0.626506 0.027397 0.033735
0 0.146404 0.586747 0.025685 0.038554
0 0.147260 0.544578 0.027397 0.036145
0 0.148973 0.506024 0.030822 0.031325
0 0.149829 0.469880 0.029110 0.031325
0 0.151541 0.437349 0.023973 0.026506
0 0.150685 0.409639 0.022260 0.028916
0 0.150685 0.373494 0.032534 0.033735
0 0.151541 0.337349 0.027397 0.031325
0 0.153253 0.292771 0.027397 0.040964
0 0.156678 0.250602 0.025685 0.033735
0 0.156678 0.212048 0.025685 0.038554
0 0.183219 0.848193 0.027397 0.043373
0 0.184075 0.806024 0.027397 0.038554
0 0.184932 0.768675 0.025685 0.033735
0 0.184932 0.728916 0.029110 0.033735
0 0.185788 0.693976 0.025685 0.026506
0 0.188356 0.663855 0.030822 0.031325
0 0.188356 0.626506 0.025685 0.031325
0 0.192637 0.592771 0.034247 0.028916
0 0.192637 0.560241 0.030822 0.031325
0 0.191781 0.527711 0.029110 0.028916
0 0.194349 0.497590 0.023973 0.026506
0 0.190925 0.465060 0.032534 0.031325
0 0.197774 0.427711 0.029110 0.033735
0 0.198630 0.389157 0.032534 0.033735
0 0.199486 0.349398 0.032534 0.036145
0 0.197774 0.308434 0.023973 0.031325
0 0.200342 0.274699 0.025685 0.031325
0 0.202055 0.244578 0.029110 0.028916
0 0.202911 0.208434 0.029110 0.031325
0 0.202911 0.169880 0.023973 0.028916
0 0.230308 0.843373 0.029110 0.031325
0 0.230308 0.809639 0.022260 0.026506
0 0.230308 0.777108 0.029110 0.033735
0 0.231164 0.745783 0.022260 0.028916
0 0.233733 0.715663 0.023973 0.028916
0 0.236301 0.685542 0.027397 0.028916
0 0.238014 0.650602 0.027397 0.036145
0 0.238870 0.618072 0.029110 0.028916
0 0.238870 0.587952 0.029110 0.026506
0 0.238870 0.556627 0.030822 0.033735
0 0.238870 0.519277 0.023973 0.026506
0 0.238870 0.490361 0.025685 0.026506
0 0.242295 0.456627 0.030822 0.033735
0 0.241438 0.422892 0.025685 0.024096
0 0.241438 0.396386 0.025685 0.036145
0 0.246575 0.357831 0.025685 0.033735
0 0.245719 0.325301 0.027397 0.026506
0 0.245719 0.296386 0.027397 0.028916
0 0.245719 0.262651 0.030822 0.031325
0 0.246575 0.232530 0.025685 0.031325
0 0.248288 0.202410 0.025685 0.028916
0 0.248288 0.174699 0.023973 0.026506
0 0.276541 0.783133 0.023973 0.033735
0 0.275685 0.751807 0.023973 0.026506
0 0.277397 0.719277 0.022260 0.036145
0 0.279110 0.686747 0.027397 0.021687
0 0.279966 0.659036 0.029110 0.033735
0 0.280822 0.622892 0.029110 0.033735
0 0.281678 0.587952 0.029110 0.028916
0 0.283390 0.557831 0.025685 0.024096
0 0.282534 0.532530 0.022260 0.024096
0 0.285959 0.500000 0.029110 0.033735
157 0.288527 0.463855 0.025685 0.033735
38 0.289384 0.428916 0.023973 0.036145
37 0.290240 0.393976 0.029110 0.033735
31 0.291952 0.349398 0.027397 0.043373
163 0.292808 0.301205 0.027397 0.038554
198 0.292808 0.262651 0.023973 0.031325
10 0.293664 0.231325 0.027397 0.028916
202 0.294521 0.196386 0.023973 0.031325
977 0.321062 0.918072 0.022260 0.033735
977 0.323630 0.884337 0.025685 0.028916
977 0.321918 0.857831 0.030822 0.028916
977 0.321062 0.790361 0.029110 0.038554
977 0.322774 0.753012 0.023973 0.033735
977 0.326199 0.715663 0.025685 0.026506
209 0.325342 0.684337 0.029110 0.028916
130 0.327911 0.646988 0.027397 0.038554
157 0.329623 0.607229 0.027397 0.040964
38 0.329623 0.562651 0.027397 0.038554
77 0.331336 0.524096 0.025685 0.033735
497 0.331336 0.491566 0.022260 0.026506
254 0.332192 0.459036 0.020548 0.036145
38 0.331336 0.426506 0.022260 0.024096
37 0.332192 0.400000 0.027397 0.028916
91 0.333904 0.362651 0.025685 0.038554
261 0.333904 0.319277 0.029110 0.038554
260 0.337329 0.279518 0.029110 0.031325
21 0.336473 0.244578 0.025685 0.031325
280 0.337329 0.207229 0.027397 0.040964
1001 0.364726 0.928916 0.022260 0.021687
77 0.363870 0.898795 0.020548 0.031325
802 0.366438 0.846988 0.027397 0.024096
640 0.365582 0.818072 0.027397 0.031325
1007 0.366438 0.783133 0.030822 0.033735
163 0.364726 0.753012 0.023973 0.024096
585 0.368151 0.720482 0.027397 0.036145
100 0.369863 0.685542 0.027397 0.031325
279 0.369863 0.653012 0.023973 0.028916
294 0.371575 0.619277 0.025685 0.028916
27 0.371575 0.589157 0.022260 0.028916
38 0.373288 0.556627 0.027397 0.031325
37 0.373288 0.514458 0.027397 0.038554
640 0.375000 0.473494 0.030822 0.033735
68 0.375000 0.440964 0.025685 0.024096
448 0.375856 0.408434 0.023973 0.036145
656 0.377568 0.371084 0.027397 0.033735
655 0.377568 0.333735 0.027397 0.033735
38 0.378425 0.298795 0.025685 0.028916
37 0.380137 0.267470 0.025685 0.028916
36 0.380137 0.237349 0.022260 0.026506
38 0.408390 0.814458 0.023973 0.038554
37 0.410959 0.775904 0.020548 0.036145
91 0.412671 0.736145 0.029110 0.040964
261 0.414384 0.693976 0.027397 0.045783
260 0.415240 0.644578 0.027397 0.043373
78 0.414384 0.602410 0.025685 0.036145
77 0.414384 0.569880 0.023973 0.026506
44 0.416952 0.539759 0.025685 0.031325
66 0.416952 0.501205 0.025685 0.040964
640 0.417808 0.456627 0.029110 0.040964
44 0.417808 0.416867 0.027397 0.033735
167 0.418664 0.380723 0.027397 0.033735
193 0.421233 0.346988 0.022260 0.031325
564 0.419521 0.315663 0.030822 0.028916
130 0.423801 0.279518 0.032534 0.036145
388 0.425514 0.240964 0.032534 0.036145
29 0.427226 0.204819 0.027397 0.033735
150 0.427226 0.173494 0.027397 0.024096
147 0.460616 0.628916 0.030822 0.045783
122 0.461473 0.583133 0.022260 0.043373
121 0.464041 0.540964 0.027397 0.036145
64 0.464041 0.504819 0.030822 0.031325
1093 0.465753 0.467470 0.027397 0.038554
1001 0.466610 0.430120 0.027397 0.033735
77 0.467466 0.392771 0.023973 0.038554
1092 0.468322 0.353012 0.029110 0.038554
178 0.467466 0.315663 0.027397 0.033735
214 0.470890 0.272289 0.029110 0.048193
213 0.472603 0.228916 0.022260 0.031325
68 0.472603 0.196386 0.029110 0.028916
23 0.474315 0.162651 0.027397 0.036145
855 0.474315 0.121687 0.030822 0.043373
0 0.563356 0.930120 0.025685 0.031325
0 0.559932 0.897590 0.029110 0.033735
0 0.560788 0.859036 0.027397 0.028916
0 0.559075 0.821687 0.025685 0.038554
0 0.558219 0.777108 0.027397 0.036145
0 0.558219 0.738554 0.020548 0.036145
0 0.558219 0.706024 0.022260 0.021687
0 0.558219 0.675904 0.022260 0.028916
0 0.558219 0.637349 0.027397 0.036145
0 0.555651 0.596386 0.029110 0.036145
0 0.553082 0.555422 0.025685 0.036145
0 0.553938 0.518072 0.025685 0.031325
0 0.553082 0.473494 0.025685 0.040964
0 0.553938 0.430120 0.027397 0.031325
0 0.553082 0.392771 0.027397 0.033735
0 0.553082 0.356627 0.023973 0.036145
0 0.552226 0.319277 0.023973 0.036145
0 0.551370 0.281928 0.027397 0.031325
0 0.548801 0.243373 0.023973 0.031325
0 0.547945 0.207229 0.022260 0.031325
0 0.547945 0.177108 0.018836 0.026506
0 0.547089 0.145783 0.022260 0.031325
0 0.547089 0.109639 0.027397 0.031325
0 0.607021 0.927711 0.034247 0.033735
0 0.607021 0.895181 0.030822 0.024096
0 0.607877 0.866265 0.027397 0.031325
0 0.604452 0.827711 0.032534 0.038554
0 0.607021 0.787952 0.030822 0.033735
0 0.604452 0.755422 0.030822 0.028916
0 0.604452 0.721687 0.030822 0.031325
0 0.602740 0.685542 0.030822 0.031325
0 0.601027 0.644578 0.030822 0.040964
0 0.601027 0.606024 0.030822 0.028916
0 0.599315 0.566265 0.025685 0.038554
0 0.600171 0.528916 0.032534 0.031325
0 0.600171 0.491566 0.030822 0.028916
0 0.598459 0.450602 0.027397 0.043373
0 0.598459 0.409639 0.027397 0.036145
0 0.597603 0.373494 0.032534 0.028916
0 0.597603 0.339759 0.029110 0.028916
0 0.595890 0.306024 0.030822 0.028916
0 0.594178 0.273494 0.027397 0.028916
0 0.592466 0.244578 0.022260 0.026506
0 0.591610 0.175904 0.023973 0.036145
0 0.592466 0.138554 0.032534 0.031325
0 0.590753 0.104819 0.025685 0.033735
0 0.653253 0.922892 0.032534 0.033735
0 0.653253 0.885542 0.029110 0.036145
0 0.651541 0.849398 0.023973 0.031325
0 0.652397 0.810843 0.034247 0.033735
0 0.650685 0.774699 0.029110 0.036145
0 0.653253 0.733735 0.027397 0.040964
0 0.649829 0.693976 0.032534 0.038554
0 0.648116 0.656627 0.030822 0.031325
0 0.647260 0.619277 0.030822 0.036145
0 0.646404 0.584337 0.030822 0.028916
0 0.648116 0.546988 0.029110 0.031325
0 0.645548 0.515663 0.023973 0.028916
0 0.647260 0.478313 0.027397 0.033735
0 0.647260 0.442169 0.030822 0.036145
0 0.644692 0.404819 0.030822 0.031325
0 0.645548 0.367470 0.025685 0.036145
0 0.644692 0.328916 0.030822 0.033735
0 0.642123 0.291566 0.037671 0.033735
0 0.639555 0.256627 0.030822 0.033735
0 0.641267 0.218072 0.025685 0.036145
0 0.642979 0.178313 0.030822 0.036145
0 0.643836 0.139759 0.032534 0.031325
0 0.639555 0.102410 0.030822 0.038554
0 0.704623 0.918072 0.030822 0.031325
0 0.701199 0.890361 0.030822 0.026506
0 0.702911 0.857831 0.030822 0.031325
0 0.702055 0.826506 0.025685 0.026506
0 0.700342 0.792771 0.020548 0.028916
0 0.698630 0.763855 0.023973 0.028916
0 0.697774 0.733735 0.030822 0.026506
0 0.697774 0.703614 0.025685 0.028916
0 0.697774 0.668675 0.027397 0.031325
0 0.696918 0.633735 0.034247 0.036145
0 0.696918 0.595181 0.029110 0.031325
0 0.696062 0.559036 0.030822 0.031325
0 0.696062 0.518072 0.029110 0.043373
0 0.696062 0.477108 0.030822 0.028916
0 0.695205 0.444578 0.027397 0.033735
0 0.693493 0.407229 0.029110 0.038554
0 0.690925 0.367470 0.030822 0.031325
0 0.690068 0.336145 0.023973 0.028916
0 0.691781 0.300000 0.023973 0.036145
0 0.690925 0.263855 0.029110 0.031325
0 0.689212 0.228916 0.032534 0.033735
0 0.687500 0.195181 0.029110 0.031325
0 0.688356 0.159036 0.029110 0.033735
0 0.686644 0.121687 0.027397 0.031325
0 0.685788 0.091566 0.022260 0.028916
1091 0.746575 0.912048 0.030822 0.033735
821 0.751712 0.873494 0.032534 0.033735
824 0.750856 0.839759 0.030822 0.033735
820 0.749144 0.804819 0.029110 0.031325
570 0.749144 0.774699 0.020548 0.026506
592 0.748288 0.749398 0.022260 0.026506
105 0.747432 0.714458 0.030822 0.028916
64 0.746575 0.677108 0.029110 0.038554
932 0.744863 0.636145 0.032534 0.033735
314 0.744007 0.597590 0.025685 0.038554
150 0.743151 0.560241 0.034247 0.031325
23 0.739726 0.521687 0.029110 0.036145
163 0.739726 0.484337 0.034247 0.031325
157 0.739726 0.448193 0.035959 0.033735
38 0.739726 0.408434 0.029110 0.038554
37 0.739726 0.367470 0.030822 0.036145
91 0.738014 0.327711 0.027397 0.036145
261 0.738870 0.285542 0.027397 0.033735
0 0.736301 0.251807 0.027397 0.028916
260 0.737158 0.216867 0.025685 0.036145
0 0.733733 0.175904 0.030822 0.038554
0 0.732877 0.133735 0.025685 0.038554
0 0.733733 0.095181 0.023973 0.036145
133 0.797089 0.883133 0.025685 0.038554
157 0.797089 0.845783 0.029110 0.031325
38 0.796233 0.810843 0.029110 0.036145
37 0.795377 0.765060 0.027397 0.036145
875 0.793664 0.733735 0.023973 0.021687
855 0.794521 0.701205 0.025685 0.033735
1090 0.792808 0.662651 0.030822 0.033735
564 0.790240 0.627711 0.029110 0.031325
214 0.791096 0.596386 0.023973 0.026506
213 0.788527 0.567470 0.025685 0.028916
91 0.789384 0.534940 0.029110 0.028916
198 0.788527 0.500000 0.027397 0.031325
38 0.786815 0.463855 0.030822 0.033735
539 0.787671 0.425301 0.032534 0.033735
37 0.785959 0.385542 0.027397 0.040964
568 0.785959 0.345783 0.032534 0.031325
367 0.784247 0.312048 0.030822 0.028916
316 0.783390 0.280723 0.027397 0.031325
466 0.783390 0.242169 0.029110 0.036145
464 0.782534 0.203614 0.027397 0.033735
332 0.844178 0.902410 0.027397 0.045783
172 0.844178 0.859036 0.027397 0.031325
171 0.842466 0.821687 0.027397 0.036145
218 0.839897 0.781928 0.030822 0.038554
157 0.840753 0.742169 0.032534 0.038554
38 0.841610 0.702410 0.027397 0.033735
37 0.839897 0.660241 0.027397 0.043373
203 0.837329 0.621687 0.029110 0.028916
166 0.839041 0.589157 0.034247 0.028916
884 0.837329 0.554217 0.027397 0.028916
367 0.835616 0.524096 0.025685 0.031325
43 0.836473 0.489157 0.032534 0.031325
142 0.833904 0.457831 0.029110 0.028916
314 0.835616 0.427711 0.030822 0.026506
1088 0.835616 0.398795 0.030822 0.031325
129 0.835616 0.357831 0.029110 0.043373
1087 0.835616 0.318072 0.032534 0.036145
334 0.832192 0.277108 0.023973 0.040964
163 0.831336 0.236145 0.029110 0.036145
1089 0.828767 0.196386 0.032534 0.038554
1088 0.828767 0.155422 0.027397 0.038554
129 0.827911 0.116867 0.030822 0.031325
579 0.828767 0.085542 0.027397 0.024096
179 0.893836 0.900000 0.029110 0.040964
82 0.890411 0.860241 0.027397 0.033735
145 0.890411 0.827711 0.022260 0.024096
107 0.890411 0.797590 0.029110 0.031325
384 0.890411 0.760241 0.030822 0.033735
702 0.890411 0.722892 0.027397 0.031325
107 0.886986 0.685542 0.027397 0.031325
384 0.886986 0.645783 0.025685 0.036145
68 0.886986 0.607229 0.027397 0.033735
23 0.887842 0.572289 0.029110 0.036145
113 0.886986 0.536145 0.022260 0.031325
640 0.886986 0.500000 0.020548 0.026506
23 0.886130 0.461446 0.023973 0.040964
163 0.886130 0.422892 0.025685 0.036145
760 0.884418 0.383133 0.027397 0.036145
384 0.883562 0.343373 0.027397 0.033735
64 0.883562 0.304819 0.027397 0.036145
11 0.880137 0.261446 0.029110 0.040964
1084 0.880993 0.224096 0.034247 0.033735
29 0.880993 0.187952 0.027397 0.033735
64 0.881849 0.153012 0.027397 0.033735
165 0.880993 0.115663 0.025685 0.031325
107 0.880137 0.084337 0.023973 0.026506
163 0.938356 0.906024 0.023973 0.031325
863 0.935788 0.873494 0.029110 0.028916
581 0.935788 0.840964 0.029110 0.028916
495 0.934075 0.808434 0.023973 0.028916
72 0.934932 0.777108 0.025685 0.026506
255 0.934075 0.749398 0.022260 0.026506
657 0.933219 0.718072 0.025685 0.028916
640 0.936644 0.690361 0.023973 0.026506
157 0.934075 0.662651 0.025685 0.026506
38 0.931507 0.634940 0.020548 0.024096
37 0.931507 0.598795 0.023973 0.038554
31 0.931507 0.556627 0.025685 0.038554
163 0.929795 0.519277 0.023973 0.026506
11 0.931507 0.487952 0.025685 0.031325
10 0.928938 0.449398 0.025685 0.033735
68 0.928082 0.412048 0.025685 0.031325
202 0.928938 0.377108 0.023973 0.028916
165 0.928082 0.345783 0.027397 0.026506
1086 0.927226 0.315663 0.022260 0.033735
1085 0.926370 0.277108 0.025685 0.038554
517 0.927226 0.240964 0.027397 0.028916
68 0.925514 0.208434 0.029110 0.031325
1084 0.922945 0.175904 0.025685 0.028916
479 0.922089 0.144578 0.020548 0.026506
640 0.921233 0.118072 0.022260 0.026506
243 0.922945 0.083133 0.023973 0.036145
