0 0.048611 0.904255 0.031250 0.030733
0 0.049479 0.875887 0.031250 0.026005
0 0.049479 0.846336 0.029514 0.030733
0 0.047743 0.814421 0.027778 0.028369
0 0.048611 0.787234 0.027778 0.023641
0 0.049479 0.758865 0.031250 0.028369
0 0.049479 0.729314 0.031250 0.026005
0 0.051215 0.703310 0.027778 0.023641
0 0.051215 0.673759 0.026042 0.026005
0 0.052083 0.640662 0.026042 0.035461
0 0.052083 0.606383 0.031250 0.030733
0 0.050347 0.570922 0.029514 0.033097
0 0.051215 0.529551 0.027778 0.040189
0 0.050347 0.485816 0.029514 0.037825
0 0.052951 0.449173 0.029514 0.033097
0 0.053819 0.412530 0.029514 0.030733
0 0.053819 0.378251 0.027778 0.030733
0 0.053819 0.345154 0.022569 0.030733
0 0.056424 0.314421 0.024306 0.023641
0 0.057292 0.287234 0.026042 0.028369
0 0.057292 0.255319 0.027778 0.028369
0 0.057292 0.223404 0.031250 0.030733
0 0.057292 0.190307 0.022569 0.026005
0 0.056424 0.163121 0.022569 0.028369
0 0.059028 0.124113 0.031250 0.030733
0 0.058160 0.088652 0.029514 0.030733
0 0.091146 0.893617 0.029514 0.035461
0 0.092882 0.858156 0.027778 0.030733
0 0.092014 0.822695 0.026042 0.030733
0 0.092014 0.793144 0.024306 0.030733
0 0.092014 0.760047 0.027778 0.030733
0 0.093750 0.724586 0.027778 0.033097
0 0.094618 0.693853 0.027778 0.028369
0 0.095486 0.660757 0.031250 0.035461
0 0.093750 0.621749 0.029514 0.037825
0 0.097222 0.582742 0.027778 0.030733
0 0.098090 0.548463 0.027778 0.028369
0 0.098090 0.515366 0.029514 0.033097
0 0.098958 0.479905 0.026042 0.028369
0 0.099826 0.444444 0.026042 0.033097
0 0.099826 0.410165 0.024306 0.026005
0 0.099826 0.381797 0.022569 0.028369
0 0.101562 0.348700 0.027778 0.033097
0 0.101562 0.310875 0.029514 0.035461
0 0.100694 0.275414 0.027778 0.030733
0 0.103299 0.242317 0.026042 0.030733
0 0.104167 0.209220 0.027778 0.028369
0 0.104167 0.177305 0.027778 0.030733
0 0.104167 0.143026 0.031250 0.028369
0 0.105035 0.114657 0.029514 0.026005
0 0.103299 0.088652 0.024306 0.028369
0 0.138889 0.908983 0.024306 0.018913
0 0.137153 0.880615 0.027778 0.030733
0 0.134549 0.846336 0.029514 0.035461
0 0.137153 0.814421 0.024306 0.028369
0 0.137153 0.782506 0.034722 0.037825
0 0.136285 0.748227 0.026042 0.028369
0 0.137153 0.713948 0.031250 0.035461
0 0.139757 0.680851 0.027778 0.030733
0 0.140625 0.652482 0.024306 0.018913
0 0.141493 0.624113 0.029514 0.040189
0 0.143229 0.582742 0.029514 0.033097
0 0.144965 0.541371 0.027778 0.037825
0 0.144965 0.505910 0.031250 0.030733
0 0.144965 0.471631 0.029514 0.030733
0 0.144965 0.437352 0.026042 0.033097
0 0.146701 0.403073 0.027778 0.030733
0 0.146701 0.368794 0.027778 0.035461
0 0.147569 0.336879 0.024306 0.028369
0 0.146701 0.303783 0.032986 0.035461
0 0.147569 0.267139 0.027778 0.028369
0 0.149306 0.232861 0.031250 0.035461
0 0.149306 0.197400 0.027778 0.033097
0 0.148438 0.167849 0.026042 0.023641
0 0.149306 0.132388 0.029514 0.042553
0 0.151910 0.092199 0.024306 0.033097
712 0.183160 0.904255 0.027778 0.033097
712 0.181424 0.867612 0.029514 0.037825
712 0.183160 0.828605 0.031250 0.037825
712 0.183160 0.794326 0.029514 0.026005
712 0.185764 0.762411 0.027778 0.037825
712 0.184896 0.724586 0.031250 0.035461
712 0.185764 0.689125 0.027778 0.028369
75 0.186632 0.657210 0.029514 0.030733
68 0.187500 0.627660 0.027778 0.026005
67 0.188368 0.601655 0.027778 0.028369
1187 0.187500 0.570922 0.027778 0.035461
80 0.188368 0.537825 0.027778 0.026005
137 0.189236 0.503546 0.029514 0.037825
151 0.190104 0.468085 0.031250 0.033097
737 0.190972 0.438534 0.026042 0.023641
193 0.192708 0.407801 0.027778 0.037825
112 0.191840 0.371158 0.024306 0.035461
106 0.191840 0.330969 0.029514 0.042553
78 0.192708 0.287234 0.024306 0.035461
38 0.196181 0.255319 0.026042 0.033097
37 0.197049 0.219858 0.031250 0.033097
82 0.196181 0.185579 0.026042 0.030733
385 0.197917 0.154846 0.026042 0.026005
587 0.199653 0.126478 0.027778 0.026005
749 0.199653 0.094563 0.029514 0.033097
239 0.243056 0.270686 0.029514 0.044917
162 0.242188 0.232861 0.027778 0.030733
425 0.242188 0.197400 0.027778 0.035461
67 0.241319 0.166667 0.026042 0.028369
57 0.243056 0.132388 0.032986 0.035461
56 0.242188 0.095745 0.029514 0.030733
957 0.276042 0.911348 0.026042 0.030733
112 0.276910 0.879433 0.029514 0.030733
85 0.275174 0.849882 0.024306 0.026005
78 0.276910 0.814421 0.022569 0.037825
44 0.277778 0.774232 0.029514 0.040189
207 0.278646 0.726950 0.027778 0.037825
77 0.280382 0.691489 0.031250 0.033097
280 0.279514 0.658392 0.029514 0.028369
495 0.277778 0.627660 0.026042 0.028369
72 0.277778 0.596927 0.026042 0.028369
151 0.279514 0.566194 0.027778 0.028369
859 0.281250 0.518913 0.024306 0.047281
136 0.282986 0.473995 0.029514 0.035461
1186 0.284722 0.436170 0.027778 0.042553
501 0.284722 0.388889 0.026042 0.044917
157 0.285590 0.345154 0.027778 0.037825
38 0.285590 0.304965 0.031250 0.033097
195 0.289062 0.268322 0.032986 0.033097
179 0.287326 0.232861 0.032986 0.035461
110 0.287326 0.196217 0.026042 0.035461
258 0.289062 0.160757 0.032986 0.026005
21 0.289062 0.130024 0.032986 0.033097
297 0.289062 0.095745 0.034722 0.035461
123 0.322049 0.917258 0.022569 0.021277
162 0.326389 0.888889 0.031250 0.035461
86 0.325521 0.852246 0.026042 0.035461
96 0.326389 0.813239 0.031250 0.037825
114 0.326389 0.774232 0.032986 0.033097
68 0.327257 0.734043 0.027778 0.037825
1132 0.326389 0.696217 0.029514 0.035461
151 0.326389 0.660757 0.029514 0.035461
1185 0.327257 0.624113 0.026042 0.033097
504 0.328993 0.588652 0.026042 0.030733
363 0.328125 0.557920 0.022569 0.023641
122 0.328993 0.524823 0.022569 0.037825
16 0.328125 0.486998 0.027778 0.030733
82 0.330729 0.446809 0.027778 0.035461
835 0.330729 0.412530 0.026042 0.030733
338 0.332465 0.377069 0.029514 0.035461
1184 0.331597 0.340426 0.026042 0.028369
475 0.331597 0.309693 0.022569 0.023641
68 0.332465 0.274232 0.022569 0.037825
164 0.330729 0.238771 0.024306 0.030733
305 0.332465 0.206856 0.026042 0.026005
1183 0.333333 0.174941 0.029514 0.030733
1182 0.334201 0.139480 0.029514 0.033097
835 0.333333 0.100473 0.032986 0.042553
100 0.371528 0.893617 0.026042 0.040189
43 0.371528 0.855792 0.024306 0.030733
157 0.371528 0.822695 0.029514 0.030733
38 0.372396 0.787234 0.026042 0.030733
37 0.372396 0.748227 0.029514 0.037825
181 0.372396 0.709220 0.026042 0.035461
180 0.373264 0.672577 0.027778 0.035461
16 0.374132 0.632388 0.029514 0.035461
21 0.372396 0.593381 0.026042 0.035461
184 0.371528 0.554374 0.026042 0.040189
459 0.375000 0.513002 0.027778 0.035461
21 0.375868 0.473995 0.026042 0.035461
261 0.375868 0.437352 0.024306 0.030733
164 0.375868 0.406619 0.026042 0.023641
68 0.375868 0.369976 0.027778 0.040189
137 0.378472 0.330969 0.024306 0.033097
151 0.378472 0.293144 0.027778 0.035461
15 0.378472 0.257683 0.027778 0.030733
82 0.378472 0.226950 0.029514 0.026005
824 0.378472 0.197400 0.029514 0.033097
82 0.377604 0.160757 0.029514 0.033097
835 0.377604 0.126478 0.027778 0.028369
114 0.378472 0.096927 0.031250 0.028369
151 0.414931 0.894799 0.026042 0.033097
132 0.415799 0.867612 0.027778 0.021277
504 0.414931 0.835697 0.029514 0.037825
329 0.414931 0.794326 0.027778 0.042553
207 0.415799 0.749409 0.027778 0.035461
77 0.416667 0.711584 0.027778 0.033097
136 0.417535 0.677305 0.027778 0.030733
27 0.418403 0.651300 0.026042 0.026005
38 0.418403 0.619385 0.027778 0.040189
37 0.419271 0.581560 0.024306 0.033097
162 0.420139 0.549645 0.024306 0.023641
16 0.419271 0.521277 0.026042 0.028369
1181 0.419271 0.491726 0.024306 0.030733
1075 0.421007 0.460993 0.026042 0.023641
64 0.421875 0.431442 0.024306 0.030733
165 0.421875 0.398345 0.024306 0.028369
89 0.422743 0.364066 0.027778 0.037825
38 0.422743 0.333333 0.027778 0.023641
37 0.423611 0.307329 0.027778 0.028369
77 0.423611 0.271868 0.026042 0.037825
157 0.424479 0.235225 0.027778 0.033097
0 0.425347 0.200946 0.027778 0.035461
0 0.426215 0.159574 0.026042 0.042553
0 0.427083 0.113475 0.027778 0.040189
0 0.493056 0.919622 0.027778 0.028369
0 0.492188 0.890071 0.026042 0.030733
0 0.493056 0.858156 0.024306 0.028369
0 0.493056 0.822695 0.026042 0.037825
0 0.493924 0.788416 0.027778 0.026005
0 0.494792 0.755319 0.029514 0.040189
0 0.491319 0.712766 0.022569 0.035461
0 0.493056 0.671395 0.027778 0.042553
0 0.494792 0.622931 0.026042 0.040189
0 0.493056 0.580378 0.022569 0.030733
0 0.492188 0.542553 0.024306 0.035461
0 0.493056 0.507092 0.026042 0.033097
0 0.493924 0.463357 0.026042 0.040189
0 0.494792 0.423168 0.026042 0.037825
0 0.493924 0.384161 0.024306 0.033097
0 0.493056 0.343972 0.024306 0.040189
0 0.492188 0.302600 0.024306 0.033097
0 0.492188 0.269504 0.027778 0.028369
0 0.492188 0.235225 0.024306 0.037825
0 0.492188 0.193853 0.024306 0.044917
0 0.490451 0.157210 0.022569 0.030733
0 0.489583 0.120567 0.029514 0.037825
0 0.543403 0.920804 0.032986 0.030733
0 0.541667 0.890071 0.031250 0.028369
0 0.540799 0.856974 0.029514 0.035461
0 0.540799 0.825059 0.026042 0.030733
0 0.540799 0.787234 0.031250 0.044917
0 0.539931 0.736407 0.031250 0.049645
0 0.539931 0.691489 0.029514 0.035461
0 0.540799 0.652482 0.026042 0.033097
0 0.539931 0.615839 0.031250 0.035461
0 0.538194 0.575650 0.031250 0.035461
0 0.537326 0.534279 0.026042 0.040189
0 0.537326 0.489362 0.026042 0.042553
0 0.536458 0.453901 0.029514 0.028369
0 0.537326 0.419622 0.029514 0.037825
0 0.538194 0.377069 0.029514 0.040189
0 0.536458 0.333333 0.026042 0.040189
0 0.537326 0.293144 0.031250 0.037825
0 0.538194 0.258865 0.032986 0.028369
0 0.537326 0.226950 0.031250 0.035461
0 0.535590 0.186761 0.031250 0.040189
0 0.534722 0.147754 0.031250 0.030733
0 0.536458 0.112293 0.026042 0.035461
0 0.592014 0.918440 0.027778 0.033097
0 0.590278 0.882979 0.024306 0.035461
0 0.589410 0.836879 0.024306 0.047281
0 0.589410 0.789598 0.027778 0.042553
0 0.588542 0.754137 0.026042 0.030733
0 0.588542 0.719858 0.032986 0.037825
0 0.587674 0.682033 0.027778 0.033097
0 0.586806 0.643026 0.031250 0.040189
0 0.586806 0.605201 0.032986 0.037825
0 0.586806 0.573286 0.027778 0.023641
0 0.585938 0.540189 0.032986 0.040189
0 0.586806 0.496454 0.032986 0.044917
0 0.584201 0.452719 0.031250 0.040189
0 0.583333 0.412530 0.024306 0.033097
0 0.583333 0.378251 0.026042 0.030733
0 0.584201 0.345154 0.031250 0.033097
0 0.582465 0.304965 0.026042 0.040189
0 0.581597 0.263593 0.032986 0.040189
0 0.580729 0.217494 0.027778 0.037825
0 0.579861 0.182033 0.024306 0.033097
0 0.580729 0.146572 0.027778 0.028369
0 0.579861 0.108747 0.026042 0.037825
0 0.641493 0.910165 0.029514 0.035461
0 0.639757 0.875887 0.031250 0.035461
0 0.639757 0.835697 0.031250 0.042553
0 0.638889 0.791962 0.029514 0.037825
0 0.637153 0.751773 0.032986 0.037825
0 0.637153 0.708038 0.031250 0.040189
0 0.636285 0.664303 0.027778 0.035461
0 0.635417 0.626478 0.029514 0.033097
0 0.635417 0.591017 0.032986 0.033097
0 0.633681 0.550827 0.031250 0.037825
0 0.631944 0.509456 0.032986 0.037825
0 0.631076 0.471631 0.029514 0.033097
0 0.631944 0.433806 0.029514 0.037825
0 0.630208 0.388889 0.032986 0.042553
0 0.630208 0.353428 0.026042 0.028369
0 0.629340 0.317967 0.034722 0.037825
0 0.628472 0.281324 0.029514 0.030733
0 0.626736 0.243499 0.029514 0.037825
0 0.627604 0.204492 0.029514 0.035461
0 0.627604 0.170213 0.026042 0.026005
0 0.626736 0.137116 0.027778 0.030733
0 0.626736 0.102837 0.029514 0.030733
37 0.691840 0.905437 0.027778 0.035461
1180 0.688368 0.871158 0.032986 0.033097
279 0.688368 0.828605 0.032986 0.047281
21 0.687500 0.782506 0.026042 0.040189
137 0.685764 0.744681 0.027778 0.030733
279 0.684896 0.708038 0.031250 0.035461
110 0.684896 0.673759 0.026042 0.026005
651 0.684028 0.644208 0.026042 0.030733
178 0.684028 0.611111 0.032986 0.030733
641 0.684028 0.578014 0.031250 0.033097
179 0.683160 0.542553 0.031250 0.030733
110 0.683160 0.509456 0.024306 0.026005
162 0.682292 0.478723 0.031250 0.028369
425 0.678819 0.446809 0.029514 0.030733
78 0.681424 0.408983 0.026042 0.037825
77 0.681424 0.368794 0.029514 0.035461
460 0.681424 0.333333 0.029514 0.030733
722 0.679688 0.301418 0.031250 0.030733
292 0.678819 0.268322 0.027778 0.030733
153 0.677951 0.230496 0.022569 0.035461
421 0.677083 0.195035 0.031250 0.030733
594 0.676215 0.163121 0.026042 0.028369
164 0.675347 0.118203 0.032986 0.054374
1179 0.739583 0.903073 0.027778 0.037825
1070 0.739583 0.866430 0.026042 0.033097
57 0.739583 0.833333 0.027778 0.028369
56 0.736111 0.803783 0.026042 0.023641
114 0.736979 0.768322 0.024306 0.037825
68 0.736111 0.736407 0.022569 0.021277
27 0.736111 0.709220 0.029514 0.030733
38 0.736979 0.667849 0.026042 0.040189
37 0.736979 0.632388 0.032986 0.023641
151 0.735243 0.601655 0.032986 0.033097
607 0.734375 0.565012 0.029514 0.035461
164 0.735243 0.533097 0.024306 0.021277
43 0.733507 0.507092 0.027778 0.042553
260 0.730035 0.462175 0.031250 0.042553
251 0.728299 0.416076 0.031250 0.044917
34 0.728299 0.372340 0.032986 0.035461
933 0.727431 0.332151 0.027778 0.033097
136 0.730035 0.294326 0.027778 0.042553
157 0.730035 0.251773 0.029514 0.035461
500 0.727431 0.217494 0.026042 0.023641
500 0.727431 0.183215 0.027778 0.035461
394 0.726562 0.145390 0.029514 0.037825
737 0.725694 0.105201 0.031250 0.035461
15 0.785590 0.916076 0.026042 0.023641
84 0.786458 0.890071 0.031250 0.030733
34 0.785590 0.855792 0.026042 0.030733
279 0.785590 0.820331 0.027778 0.037825
151 0.784722 0.782506 0.029514 0.035461
186 0.785590 0.747045 0.026042 0.033097
16 0.785590 0.711584 0.029514 0.033097
281 0.785590 0.671395 0.032986 0.037825
687 0.781250 0.627660 0.031250 0.037825
136 0.780382 0.587470 0.031250 0.033097
163 0.778646 0.552009 0.031250 0.035461
279 0.781250 0.513002 0.024306 0.030733
294 0.780382 0.478723 0.027778 0.037825
27 0.779514 0.437352 0.029514 0.037825
38 0.778646 0.395981 0.026042 0.037825
37 0.778646 0.362884 0.022569 0.021277
264 0.779514 0.330969 0.024306 0.033097
1178 0.780382 0.295508 0.026042 0.028369
162 0.777778 0.255319 0.031250 0.044917
78 0.776910 0.210402 0.032986 0.037825
77 0.776042 0.167849 0.026042 0.035461
240 0.775174 0.132388 0.026042 0.028369
644 0.773438 0.105201 0.026042 0.030733
151 0.834201 0.900709 0.027778 0.035461
327 0.833333 0.858156 0.027778 0.033097
68 0.831597 0.823877 0.022569 0.026005
1177 0.831597 0.789598 0.027778 0.033097
294 0.832465 0.747045 0.031250 0.037825
68 0.830729 0.705674 0.026042 0.033097
209 0.830729 0.671395 0.024306 0.030733
27 0.830729 0.633570 0.027778 0.037825
38 0.832465 0.599291 0.026042 0.028369
37 0.831597 0.565012 0.031250 0.033097
264 0.830729 0.527187 0.026042 0.030733
130 0.828125 0.489362 0.029514 0.035461
448 0.829861 0.450355 0.029514 0.033097
1176 0.828993 0.418440 0.024306 0.026005
80 0.828125 0.384161 0.027778 0.035461
76 0.828125 0.346336 0.032986 0.035461
170 0.828993 0.310875 0.027778 0.033097
495 0.827257 0.280142 0.027778 0.028369
64 0.824653 0.244681 0.031250 0.040189
1132 0.824653 0.203310 0.031250 0.033097
151 0.824653 0.166667 0.024306 0.033097
899 0.823785 0.132388 0.029514 0.030733
294 0.826389 0.102837 0.032986 0.028369
293 0.877604 0.898345 0.029514 0.037825
293 0.875000 0.861702 0.026042 0.030733
648 0.875000 0.830969 0.022569 0.028369
77 0.873264 0.801418 0.027778 0.033097
1069 0.876736 0.762411 0.022569 0.037825
151 0.875868 0.725768 0.027778 0.033097
859 0.875000 0.690307 0.027778 0.030733
130 0.875000 0.654846 0.031250 0.030733
165 0.876736 0.615839 0.031250 0.037825
114 0.875000 0.574468 0.032986 0.037825
68 0.875000 0.536643 0.027778 0.030733
157 0.875000 0.505910 0.029514 0.033097
38 0.873264 0.472813 0.026042 0.026005
37 0.873264 0.442080 0.026042 0.035461
310 0.874132 0.405437 0.031250 0.035461
1058 0.875000 0.369976 0.031250 0.037825
72 0.872396 0.329787 0.029514 0.040189
114 0.871528 0.293144 0.029514 0.030733
109 0.871528 0.263593 0.026042 0.028369
31 0.872396 0.234043 0.026042 0.026005
163 0.870660 0.204492 0.024306 0.028369
198 0.871528 0.172577 0.029514 0.028369
10 0.870660 0.143026 0.024306 0.028369
202 0.869792 0.108747 0.031250 0.035461
