0 0.094618 0.832151 0.026042 0.030733
0 0.092882 0.800236 0.022569 0.028369
0 0.093750 0.769504 0.024306 0.026005
0 0.092014 0.742317 0.022569 0.028369
0 0.092882 0.708038 0.026042 0.033097
0 0.093750 0.678487 0.022569 0.023641
0 0.095486 0.647754 0.024306 0.033097
0 0.094618 0.612293 0.029514 0.035461
0 0.095486 0.575650 0.031250 0.033097
0 0.095486 0.542553 0.027778 0.030733
0 0.095486 0.507092 0.027778 0.035461
0 0.094618 0.472813 0.027778 0.030733
0 0.096354 0.431442 0.031250 0.042553
0 0.095486 0.401891 0.031250 0.028369
0 0.094618 0.368794 0.026042 0.033097
0 0.095486 0.333333 0.026042 0.035461
0 0.096354 0.291962 0.026042 0.037825
0 0.096354 0.254137 0.027778 0.035461
0 0.098090 0.211584 0.022569 0.040189
0 0.099826 0.170213 0.027778 0.030733
0 0.098958 0.138298 0.029514 0.033097
0 0.137153 0.856974 0.029514 0.035461
0 0.137153 0.817967 0.029514 0.040189
0 0.137153 0.776596 0.031250 0.035461
0 0.136285 0.737589 0.022569 0.030733
0 0.137153 0.703310 0.027778 0.033097
0 0.136285 0.669031 0.026042 0.028369
0 0.136285 0.644208 0.024306 0.021277
0 0.138889 0.609929 0.027778 0.033097
0 0.139757 0.579196 0.026042 0.026005
0 0.138021 0.548463 0.029514 0.028369
0 0.138021 0.521277 0.027778 0.028369
0 0.138021 0.485816 0.026042 0.037825
0 0.138021 0.447991 0.027778 0.035461
0 0.137153 0.408983 0.027778 0.040189
0 0.138889 0.366430 0.027778 0.037825
0 0.140625 0.327423 0.029514 0.030733
0 0.141493 0.293144 0.026042 0.030733
0 0.141493 0.257683 0.027778 0.033097
0 0.141493 0.218676 0.026042 0.040189
0 0.143229 0.177305 0.026042 0.030733
0 0.145833 0.144208 0.027778 0.028369
0 0.145833 0.114657 0.027778 0.026005
0 0.177951 0.917258 0.022569 0.030733
0 0.178819 0.884161 0.020833 0.028369
0 0.179688 0.849882 0.026042 0.030733
0 0.178819 0.816785 0.024306 0.030733
0 0.179688 0.784870 0.024306 0.030733
0 0.179688 0.749409 0.026042 0.033097
0 0.181424 0.717494 0.027778 0.028369
0 0.180556 0.680851 0.026042 0.033097
0 0.180556 0.647754 0.027778 0.030733
0 0.183160 0.609929 0.027778 0.040189
0 0.183160 0.568558 0.027778 0.035461
0 0.185764 0.531915 0.029514 0.035461
0 0.185764 0.492908 0.026042 0.040189
0 0.187500 0.452719 0.029514 0.033097
0 0.187500 0.412530 0.027778 0.044917
0 0.187500 0.374704 0.029514 0.028369
0 0.187500 0.343972 0.029514 0.033097
0 0.188368 0.309693 0.027778 0.035461
0 0.191840 0.276596 0.026042 0.026005
0 0.191840 0.247045 0.026042 0.028369
0 0.193576 0.212766 0.026042 0.030733
0 0.192708 0.180851 0.024306 0.030733
0 0.194444 0.146572 0.024306 0.028369
0 0.193576 0.112293 0.024306 0.033097
0 0.236111 0.314421 0.029514 0.033097
0 0.236111 0.276596 0.027778 0.030733
0 0.236979 0.245863 0.020833 0.026005
0 0.236979 0.218676 0.022569 0.026005
0 0.236979 0.184397 0.024306 0.035461
0 0.236111 0.146572 0.031250 0.037825
0 0.238715 0.113475 0.022569 0.026005
0 0.272569 0.910165 0.026042 0.030733
0 0.272569 0.873522 0.024306 0.035461
0 0.272569 0.832151 0.029514 0.040189
0 0.274306 0.793144 0.026042 0.035461
0 0.273438 0.757683 0.022569 0.030733
0 0.272569 0.735225 0.027778 0.026005
0 0.272569 0.700946 0.029514 0.035461
0 0.273438 0.666667 0.026042 0.033097
0 0.274306 0.627660 0.027778 0.037825
0 0.276042 0.587470 0.027778 0.042553
0 0.276910 0.546099 0.026042 0.033097
0 0.278646 0.510638 0.031250 0.033097
0 0.278646 0.472813 0.029514 0.035461
0 0.279514 0.437352 0.031250 0.035461
0 0.277778 0.398345 0.024306 0.037825
0 0.279514 0.358156 0.026042 0.033097
0 0.280382 0.322695 0.027778 0.033097
0 0.281250 0.284870 0.026042 0.037825
0 0.282118 0.248227 0.026042 0.035461
230 0.283854 0.209220 0.029514 0.040189
1313 0.284722 0.172577 0.027778 0.030733
1312 0.282986 0.139480 0.020833 0.028369
166 0.282986 0.112293 0.020833 0.026005
1311 0.316840 0.927896 0.026042 0.028369
1310 0.316840 0.897163 0.029514 0.033097
150 0.317708 0.867612 0.027778 0.023641
1309 0.316840 0.839243 0.027778 0.030733
389 0.315972 0.799054 0.029514 0.037825
64 0.316840 0.762411 0.026042 0.030733
997 0.316840 0.734043 0.024306 0.026005
389 0.316840 0.705674 0.026042 0.026005
596 0.318576 0.672577 0.024306 0.035461
66 0.320312 0.634752 0.022569 0.033097
282 0.322049 0.600473 0.026042 0.030733
109 0.322049 0.563830 0.024306 0.035461
1308 0.324653 0.528369 0.026042 0.035461
153 0.324653 0.489362 0.027778 0.037825
28 0.324653 0.445626 0.027778 0.040189
243 0.326389 0.400709 0.027778 0.042553
91 0.325521 0.356974 0.026042 0.030733
251 0.327257 0.325059 0.022569 0.026005
34 0.327257 0.295508 0.026042 0.033097
27 0.327257 0.262411 0.022569 0.023641
38 0.328125 0.232861 0.024306 0.028369
37 0.328125 0.200946 0.019097 0.026005
456 0.328125 0.173759 0.020833 0.028369
59 0.328993 0.143026 0.024306 0.028369
113 0.328993 0.112293 0.026042 0.028369
178 0.365451 0.926714 0.026042 0.028369
178 0.366319 0.894799 0.027778 0.030733
192 0.366319 0.864066 0.026042 0.030733
1307 0.366319 0.833333 0.026042 0.026005
1306 0.366319 0.796690 0.027778 0.037825
21 0.366319 0.760047 0.029514 0.033097
1305 0.368056 0.722222 0.027778 0.040189
1304 0.369792 0.678487 0.026042 0.033097
1219 0.368056 0.643026 0.026042 0.033097
266 0.369792 0.607565 0.024306 0.035461
653 0.369792 0.573286 0.029514 0.030733
78 0.368056 0.543735 0.024306 0.028369
243 0.368924 0.513002 0.024306 0.026005
91 0.369792 0.483452 0.024306 0.030733
199 0.372396 0.449173 0.029514 0.030733
221 0.370660 0.413712 0.026042 0.040189
77 0.371528 0.369976 0.027778 0.037825
499 0.372396 0.330969 0.020833 0.037825
374 0.372396 0.296690 0.022569 0.026005
814 0.372396 0.269504 0.020833 0.023641
21 0.373264 0.239953 0.022569 0.033097
360 0.373264 0.205674 0.024306 0.028369
631 0.375000 0.174941 0.026042 0.026005
1303 0.375868 0.144208 0.027778 0.028369
67 0.375000 0.114657 0.024306 0.030733
76 0.412326 0.917258 0.022569 0.030733
170 0.412326 0.895981 0.022569 0.026005
64 0.414931 0.862884 0.026042 0.033097
478 0.414931 0.825059 0.020833 0.037825
653 0.414931 0.789598 0.024306 0.028369
345 0.414931 0.758865 0.027778 0.026005
653 0.414931 0.724586 0.027778 0.040189
21 0.414062 0.683215 0.026042 0.035461
28 0.414931 0.647754 0.026042 0.035461
570 0.413194 0.615839 0.027778 0.026005
163 0.414931 0.581560 0.026042 0.040189
160 0.414931 0.544917 0.022569 0.028369
159 0.414931 0.517730 0.024306 0.023641
28 0.414931 0.488180 0.022569 0.030733
726 0.416667 0.452719 0.022569 0.037825
137 0.416667 0.407801 0.024306 0.040189
243 0.418403 0.368794 0.024306 0.035461
91 0.418403 0.332151 0.022569 0.035461
199 0.417535 0.299054 0.022569 0.030733
31 0.417535 0.260047 0.024306 0.042553
163 0.417535 0.218676 0.027778 0.035461
198 0.417535 0.189125 0.024306 0.018913
10 0.421007 0.158392 0.026042 0.037825
202 0.419271 0.120567 0.029514 0.035461
782 0.455729 0.910165 0.024306 0.035461
782 0.456597 0.869976 0.020833 0.035461
782 0.456597 0.830969 0.022569 0.040189
782 0.454861 0.789598 0.026042 0.037825
782 0.455729 0.754137 0.026042 0.028369
782 0.455729 0.718676 0.026042 0.037825
782 0.455729 0.679669 0.027778 0.035461
782 0.456597 0.646572 0.022569 0.028369
782 0.457465 0.614657 0.024306 0.030733
44 0.456597 0.582742 0.024306 0.030733
150 0.457465 0.552009 0.027778 0.033097
457 0.457465 0.522459 0.024306 0.028369
27 0.457465 0.491726 0.022569 0.033097
38 0.457465 0.462175 0.024306 0.026005
37 0.459201 0.431442 0.022569 0.033097
21 0.458333 0.403073 0.024306 0.026005
96 0.458333 0.374704 0.022569 0.030733
138 0.458333 0.340426 0.020833 0.030733
269 0.458333 0.309693 0.022569 0.030733
495 0.459201 0.278960 0.020833 0.026005
162 0.459201 0.249409 0.020833 0.030733
327 0.457465 0.218676 0.022569 0.030733
21 0.458333 0.189125 0.020833 0.026005
165 0.458333 0.159574 0.024306 0.030733
495 0.458333 0.126478 0.022569 0.033097
372 0.523438 0.763593 0.022569 0.035461
68 0.522569 0.724586 0.020833 0.035461
44 0.522569 0.687943 0.022569 0.037825
77 0.521701 0.652482 0.022569 0.033097
349 0.519965 0.621749 0.019097 0.026005
348 0.519097 0.585106 0.022569 0.037825
84 0.519097 0.550827 0.022569 0.030733
1301 0.519097 0.518913 0.022569 0.030733
653 0.517361 0.485816 0.020833 0.035461
59 0.517361 0.447991 0.020833 0.035461
44 0.515625 0.408983 0.024306 0.037825
77 0.514757 0.367612 0.020833 0.037825
177 0.514757 0.338061 0.022569 0.026005
37 0.513021 0.303783 0.020833 0.033097
86 0.512153 0.273050 0.020833 0.030733
35 0.510417 0.242317 0.019097 0.028369
267 0.509549 0.208038 0.026042 0.033097
165 0.507812 0.174941 0.019097 0.028369
1302 0.507812 0.145390 0.020833 0.028369
0 0.566840 0.784870 0.024306 0.030733
0 0.565104 0.748227 0.022569 0.037825
0 0.565104 0.706856 0.027778 0.040189
0 0.563368 0.661939 0.020833 0.040189
0 0.561632 0.619385 0.026042 0.033097
0 0.559896 0.585106 0.022569 0.028369
0 0.559028 0.559102 0.022569 0.023641
0 0.558160 0.529551 0.024306 0.028369
0 0.557292 0.492908 0.027778 0.040189
0 0.556424 0.451537 0.022569 0.028369
0 0.554688 0.421986 0.026042 0.028369
0 0.554688 0.385343 0.026042 0.037825
0 0.552951 0.347518 0.024306 0.028369
0 0.552083 0.310875 0.024306 0.037825
0 0.552083 0.273050 0.020833 0.033097
0 0.551215 0.239953 0.029514 0.028369
0 0.548611 0.209220 0.024306 0.026005
0 0.548611 0.178487 0.022569 0.026005
0 0.611111 0.691489 0.027778 0.042553
0 0.607639 0.648936 0.029514 0.035461
0 0.605903 0.609929 0.032986 0.037825
0 0.605035 0.574468 0.022569 0.030733
0 0.603299 0.544917 0.027778 0.028369
0 0.604167 0.507092 0.031250 0.040189
0 0.602431 0.463357 0.029514 0.042553
0 0.599826 0.418440 0.026042 0.035461
0 0.598958 0.378251 0.027778 0.040189
0 0.598090 0.336879 0.027778 0.037825
0 0.598958 0.300236 0.029514 0.033097
0 0.596354 0.269504 0.029514 0.026005
0 0.593750 0.238771 0.022569 0.030733
0 0.593750 0.203310 0.022569 0.033097
0 0.658854 0.782506 0.031250 0.040189
0 0.657118 0.741135 0.026042 0.033097
0 0.657118 0.702128 0.029514 0.035461
0 0.656250 0.669031 0.024306 0.026005
0 0.655382 0.635934 0.031250 0.033097
0 0.653646 0.601655 0.034722 0.033097
0 0.651910 0.569740 0.026042 0.028369
0 0.649306 0.534279 0.032986 0.040189
0 0.648438 0.495272 0.026042 0.030733
0 0.646701 0.457447 0.031250 0.040189
0 0.647569 0.412530 0.026042 0.042553
0 0.645833 0.366430 0.026042 0.049645
0 0.645833 0.323877 0.026042 0.033097
0 0.644097 0.284870 0.029514 0.037825
0 0.640625 0.247045 0.027778 0.035461
724 0.709201 0.734043 0.032986 0.030733
27 0.708333 0.703310 0.027778 0.028369
38 0.708333 0.664303 0.026042 0.042553
37 0.705729 0.617021 0.029514 0.047281
86 0.703993 0.562648 0.024306 0.037825
774 0.702257 0.526005 0.027778 0.033097
0 0.698785 0.488180 0.029514 0.033097
0 0.698785 0.455083 0.031250 0.026005
0 0.697917 0.429078 0.029514 0.033097
0 0.694444 0.391253 0.026042 0.033097
0 0.694444 0.356974 0.031250 0.035461
0 0.692708 0.312057 0.032986 0.040189
0 0.692708 0.273050 0.031250 0.040189
122 0.757812 0.706856 0.027778 0.033097
68 0.755208 0.674941 0.026042 0.028369
146 0.754340 0.637116 0.027778 0.040189
457 0.754340 0.599291 0.026042 0.030733
648 0.752604 0.565012 0.027778 0.030733
27 0.750868 0.533097 0.024306 0.028369
38 0.750868 0.503546 0.019097 0.028369
37 0.750000 0.476359 0.020833 0.026005
625 0.750000 0.443262 0.029514 0.028369
644 0.747396 0.407801 0.027778 0.033097
1300 0.745660 0.372340 0.032986 0.030733
88 0.743924 0.341608 0.032986 0.026005
87 0.743056 0.312057 0.026042 0.028369
21 0.742188 0.278960 0.029514 0.030733
288 0.741319 0.247045 0.027778 0.028369
292 0.740451 0.218676 0.026042 0.021277
153 0.740451 0.189125 0.024306 0.030733
91 0.804688 0.713948 0.027778 0.037825
199 0.803819 0.678487 0.026042 0.028369
242 0.802951 0.645390 0.026042 0.035461
616 0.802083 0.605201 0.029514 0.042553
480 0.799479 0.560284 0.029514 0.037825
221 0.798611 0.521277 0.026042 0.037825
495 0.798611 0.479905 0.032986 0.040189
221 0.795139 0.440898 0.029514 0.026005
100 0.793403 0.407801 0.027778 0.033097
77 0.791667 0.369976 0.022569 0.040189
494 0.789931 0.323877 0.024306 0.037825
27 0.789062 0.283688 0.029514 0.035461
38 0.788194 0.243499 0.029514 0.037825
37 0.787326 0.210402 0.027778 0.026005
495 0.788194 0.179669 0.027778 0.035461
171 0.854167 0.726950 0.031250 0.035461
813 0.851562 0.689125 0.027778 0.033097
812 0.850694 0.650118 0.027778 0.035461
203 0.849826 0.613475 0.026042 0.033097
112 0.848958 0.580378 0.029514 0.030733
281 0.848090 0.549645 0.027778 0.026005
687 0.848090 0.518913 0.027778 0.028369
1297 0.845486 0.484634 0.031250 0.030733
38 0.843750 0.451537 0.027778 0.030733
37 0.842882 0.414894 0.029514 0.037825
36 0.841146 0.371158 0.031250 0.040189
35 0.837674 0.329787 0.022569 0.035461
1299 0.837674 0.290780 0.031250 0.035461
737 0.836806 0.213948 0.031250 0.040189
495 0.835938 0.163121 0.032986 0.040189
136 0.901910 0.875887 0.026042 0.030733
243 0.901910 0.841608 0.031250 0.035461
91 0.901910 0.807329 0.020833 0.026005
199 0.901910 0.773050 0.029514 0.037825
876 0.901910 0.739953 0.029514 0.023641
1008 0.900174 0.712766 0.031250 0.028369
762 0.899306 0.683215 0.031250 0.026005
631 0.898438 0.654846 0.027778 0.028369
67 0.897569 0.625296 0.031250 0.028369
1298 0.896701 0.592199 0.032986 0.033097
158 0.895833 0.556738 0.027778 0.033097
163 0.894965 0.524823 0.029514 0.030733
1297 0.893229 0.491726 0.026042 0.030733
91 0.892361 0.458629 0.029514 0.028369
109 0.890625 0.429078 0.029514 0.028369
631 0.889757 0.393617 0.029514 0.035461
43 0.887153 0.360520 0.031250 0.026005
1296 0.888021 0.329787 0.026042 0.033097
91 0.887153 0.297872 0.026042 0.028369
199 0.887153 0.264775 0.027778 0.035461
1036 0.884549 0.148936 0.026042 0.028369
