192 0.561329 0.268204 0.027257 0.038835
89 0.557922 0.223301 0.025554 0.036408
55 0.556218 0.183252 0.022147 0.033981
92 0.556218 0.145631 0.023850 0.036408
108 0.556218 0.105583 0.025554 0.033981
176 0.614140 0.933252 0.027257 0.033981
55 0.611584 0.895631 0.025554 0.033981
127 0.610733 0.858010 0.020443 0.033981
29 0.608177 0.826456 0.020443 0.024272
28 0.609029 0.792476 0.022147 0.036408
75 0.609881 0.756068 0.028961 0.021845
54 0.609029 0.722087 0.034072 0.036408
201 0.609029 0.684466 0.032368 0.036408
22 0.609029 0.641990 0.032368 0.036408
33 0.609029 0.601942 0.027257 0.031553
496 0.609029 0.565534 0.030664 0.033981
83 0.608177 0.531553 0.030664 0.031553
2 0.605622 0.496359 0.023850 0.031553
133 0.608177 0.459951 0.027257 0.036408
58 0.606474 0.417476 0.030664 0.033981
9 0.604770 0.382282 0.028961 0.029126
62 0.604770 0.351942 0.028961 0.031553
180 0.603918 0.315534 0.032368 0.036408
179 0.603918 0.277913 0.028961 0.026699
136 0.603918 0.245146 0.028961 0.031553
127 0.602215 0.207524 0.025554 0.033981
29 0.602215 0.169903 0.023850 0.033981
28 0.600511 0.135922 0.023850 0.029126
75 0.600511 0.099515 0.025554 0.036408
244 0.661840 0.927184 0.030664 0.033981
65 0.660988 0.896845 0.023850 0.029126
55 0.660136 0.850728 0.027257 0.036408
33 0.657581 0.808252 0.027257 0.033981
176 0.659284 0.771845 0.034072 0.033981
55 0.656729 0.734223 0.032368 0.031553
127 0.656729 0.701456 0.030664 0.026699
29 0.655877 0.668689 0.032368 0.033981
28 0.653322 0.634709 0.027257 0.031553
75 0.653322 0.598301 0.028961 0.033981
54 0.654174 0.553398 0.030664 0.041262
201 0.653322 0.512136 0.027257 0.031553
11 0.652470 0.479369 0.028961 0.029126
108 0.652470 0.444175 0.020443 0.036408
26 0.653322 0.406553 0.022147 0.031553
280 0.652470 0.372573 0.032368 0.033981
52 0.652470 0.334951 0.032368 0.033981
33 0.649063 0.302184 0.028961 0.029126
97 0.649915 0.270631 0.028961 0.029126
26 0.647359 0.241505 0.023850 0.029126
64 0.650767 0.203883 0.030664 0.036408
127 0.648211 0.163835 0.028961 0.041262
29 0.647359 0.125000 0.027257 0.029126
28 0.648211 0.095874 0.025554 0.029126
201 0.706985 0.923544 0.028961 0.031553
22 0.706985 0.891990 0.027257 0.029126
136 0.706985 0.861650 0.028961 0.031553
107 0.706985 0.826456 0.030664 0.031553
22 0.707836 0.793689 0.028961 0.033981
462 0.707836 0.754854 0.027257 0.036408
224 0.704429 0.718447 0.025554 0.036408
767 0.702726 0.680825 0.022147 0.033981
214 0.700170 0.643204 0.028961 0.033981
65 0.701022 0.600728 0.027257 0.041262
353 0.701022 0.555825 0.030664 0.031553
55 0.699319 0.520631 0.025554 0.036408
70 0.700170 0.485437 0.022147 0.031553
176 0.696763 0.452670 0.027257 0.033981
64 0.696763 0.417476 0.027257 0.029126
22 0.696763 0.387136 0.023850 0.026699
156 0.693356 0.358010 0.023850 0.029126
143 0.694208 0.322816 0.025554 0.031553
3 0.693356 0.287621 0.022147 0.038835
520 0.695060 0.246359 0.022147 0.041262
56 0.692504 0.205097 0.030664 0.033981
167 0.692504 0.165049 0.028961 0.036408
180 0.692504 0.131068 0.023850 0.026699
179 0.692504 0.093447 0.025554 0.033981
107 0.753833 0.901699 0.032368 0.029126
199 0.753833 0.864078 0.028961 0.041262
11 0.753833 0.817961 0.027257 0.036408
249 0.751278 0.774272 0.025554 0.041262
83 0.751278 0.731796 0.027257 0.031553
13 0.748722 0.699029 0.027257 0.031553
22 0.748722 0.663835 0.027257 0.041262
350 0.747871 0.625000 0.020443 0.026699
395 0.747019 0.593447 0.022147 0.033981
163 0.747019 0.558252 0.027257 0.033981
701 0.746167 0.519417 0.030664 0.033981
28 0.744463 0.483010 0.027257 0.033981
7 0.741908 0.446602 0.027257 0.031553
766 0.742760 0.410194 0.032368 0.033981
63 0.742760 0.368932 0.025554 0.041262
352 0.741908 0.324029 0.027257 0.033981
135 0.740204 0.290049 0.028961 0.033981
256 0.738501 0.256068 0.023850 0.031553
33 0.739353 0.225728 0.023850 0.026699
176 0.735945 0.196602 0.023850 0.031553
55 0.735945 0.158981 0.025554 0.033981
201 0.735094 0.126214 0.025554 0.031553
353 0.798126 0.868932 0.023850 0.036408
11 0.796422 0.831311 0.025554 0.031553
56 0.796422 0.792476 0.027257 0.033981
55 0.794719 0.745146 0.025554 0.041262
127 0.793015 0.701456 0.027257 0.038835
29 0.793015 0.666262 0.023850 0.026699
28 0.791312 0.635922 0.023850 0.031553
75 0.792164 0.601942 0.018739 0.029126
54 0.791312 0.564320 0.025554 0.036408
68 0.790460 0.523058 0.027257 0.036408
280 0.790460 0.485437 0.027257 0.036408
15 0.789608 0.447816 0.027257 0.029126
337 0.787905 0.413835 0.025554 0.029126
127 0.785349 0.377427 0.022147 0.033981
29 0.785349 0.339806 0.023850 0.031553
11 0.784497 0.302184 0.027257 0.038835
105 0.783646 0.258495 0.027257 0.031553
52 0.783646 0.225728 0.025554 0.033981
107 0.781090 0.191748 0.027257 0.026699
549 0.780239 0.157767 0.025554 0.036408
765 0.780239 0.120146 0.028961 0.033981
55 0.839012 0.922330 0.028961 0.021845
99 0.839012 0.894417 0.023850 0.031553
39 0.839864 0.864078 0.030664 0.029126
259 0.837308 0.832524 0.023850 0.033981
97 0.838160 0.799757 0.027257 0.029126
55 0.835605 0.765777 0.018739 0.033981
22 0.837308 0.728155 0.030664 0.033981
180 0.837308 0.686893 0.025554 0.038835
179 0.837308 0.646845 0.028961 0.038835
22 0.838160 0.605583 0.028961 0.031553
34 0.834753 0.567961 0.023850 0.038835
7 0.834753 0.526699 0.027257 0.038835
541 0.833901 0.485437 0.028961 0.031553
127 0.833049 0.452670 0.030664 0.031553
29 0.833901 0.412621 0.030664 0.043689
28 0.829642 0.365291 0.027257 0.038835
457 0.828790 0.322816 0.025554 0.038835
456 0.828790 0.279126 0.025554 0.036408
531 0.826235 0.241505 0.027257 0.026699
69 0.828790 0.203883 0.028961 0.036408
479 0.826235 0.166262 0.030664 0.033981
55 0.825383 0.131068 0.025554 0.036408
98 0.824532 0.088592 0.032368 0.041262
290 0.887564 0.901699 0.023850 0.038835
289 0.885860 0.864078 0.025554 0.033981
239 0.884157 0.826456 0.027257 0.041262
288 0.883305 0.786408 0.028961 0.031553
117 0.882453 0.751214 0.027257 0.031553
337 0.880750 0.714806 0.028961 0.038835
135 0.880750 0.672330 0.028961 0.031553
15 0.880750 0.631068 0.030664 0.036408
133 0.880750 0.591019 0.027257 0.033981
75 0.881601 0.553398 0.030664 0.031553
117 0.879046 0.518204 0.027257 0.036408
133 0.877342 0.479369 0.022147 0.029126
355 0.875639 0.442961 0.025554 0.036408
214 0.877342 0.401699 0.027257 0.031553
85 0.878194 0.367718 0.027257 0.029126
531 0.877342 0.333738 0.022147 0.036408
133 0.876491 0.294903 0.025554 0.038835
239 0.874787 0.254854 0.022147 0.036408
288 0.873935 0.216019 0.028961 0.038835
127 0.873083 0.177184 0.030664 0.031553
29 0.871380 0.143204 0.025554 0.029126
28 0.871380 0.112864 0.018739 0.026699
612 0.869676 0.083738 0.022147 0.029126
75 0.928450 0.904126 0.027257 0.036408
75 0.928450 0.870146 0.025554 0.026699
478 0.927598 0.832524 0.022147 0.038835
20 0.926746 0.793689 0.028961 0.038835
229 0.925894 0.745146 0.023850 0.041262
98 0.927598 0.703883 0.022147 0.026699
69 0.927598 0.673544 0.022147 0.031553
228 0.925894 0.639563 0.028961 0.029126
128 0.925043 0.604369 0.022147 0.031553
33 0.925043 0.570388 0.030664 0.031553
393 0.924191 0.537621 0.023850 0.029126
249 0.924191 0.507282 0.022147 0.029126
127 0.922487 0.480583 0.022147 0.026699
29 0.922487 0.446602 0.023850 0.033981
28 0.922487 0.411408 0.027257 0.031553
75 0.919932 0.376214 0.022147 0.031553
54 0.921635 0.341019 0.025554 0.033981
201 0.921635 0.308252 0.027257 0.029126
142 0.922487 0.273058 0.032368 0.033981
22 0.919080 0.240291 0.028961 0.031553
180 0.919080 0.207524 0.027257 0.026699
179 0.919080 0.172330 0.025554 0.036408
136 0.919932 0.132282 0.023850 0.031553
92 0.917376 0.091019 0.030664 0.038835
