56 0.244792 0.777778 0.024306 0.030733
220 0.247396 0.742317 0.027778 0.033097
75 0.248264 0.706856 0.029514 0.033097
158 0.248264 0.672577 0.027778 0.033097
33 0.249132 0.633570 0.027778 0.040189
70 0.250000 0.591017 0.029514 0.042553
932 0.251736 0.547281 0.024306 0.037825
931 0.252604 0.511820 0.029514 0.030733
280 0.253472 0.476359 0.026042 0.037825
107 0.254340 0.440898 0.022569 0.028369
936 0.254340 0.410165 0.027778 0.030733
68 0.256944 0.369976 0.031250 0.033097
591 0.258681 0.335697 0.029514 0.028369
774 0.258681 0.303783 0.027778 0.033097
64 0.259549 0.270686 0.024306 0.028369
121 0.263021 0.243499 0.024306 0.028369
65 0.263021 0.216312 0.022569 0.030733
775 0.291667 0.846336 0.027778 0.028369
145 0.290799 0.816785 0.029514 0.026005
144 0.290799 0.784870 0.026042 0.030733
13 0.291667 0.750591 0.024306 0.030733
127 0.292535 0.717494 0.024306 0.033097
29 0.292535 0.683215 0.026042 0.030733
28 0.295139 0.650118 0.027778 0.030733
13 0.295139 0.611111 0.027778 0.040189
108 0.297743 0.569740 0.031250 0.030733
7 0.297743 0.539007 0.027778 0.030733
145 0.298611 0.502364 0.022569 0.035461
144 0.300347 0.466903 0.029514 0.030733
56 0.300347 0.434988 0.026042 0.030733
314 0.301215 0.405437 0.024306 0.028369
158 0.302951 0.378251 0.024306 0.028369
133 0.303819 0.343972 0.029514 0.035461
547 0.303819 0.303783 0.026042 0.037825
786 0.305556 0.263593 0.027778 0.037825
615 0.306424 0.223404 0.026042 0.035461
22 0.336806 0.757683 0.029514 0.037825
350 0.336806 0.723404 0.022569 0.021277
268 0.338542 0.698582 0.024306 0.035461
728 0.341146 0.663121 0.024306 0.030733
82 0.341146 0.630024 0.029514 0.033097
230 0.342014 0.595745 0.029514 0.033097
125 0.342882 0.561466 0.027778 0.033097
124 0.342014 0.528369 0.026042 0.030733
552 0.342882 0.491726 0.026042 0.040189
274 0.345486 0.449173 0.027778 0.040189
69 0.348090 0.406619 0.029514 0.040189
91 0.348958 0.369976 0.024306 0.033097
65 0.349826 0.333333 0.027778 0.040189
529 0.350694 0.293144 0.031250 0.037825
56 0.351562 0.261229 0.027778 0.028369
220 0.351562 0.241135 0.024306 0.018913
75 0.351562 0.215130 0.027778 0.033097
158 0.351562 0.179669 0.024306 0.037825
33 0.352431 0.145390 0.024306 0.028369
413 0.353299 0.113475 0.031250 0.028369
11 0.353299 0.083924 0.027778 0.030733
70 0.376736 0.786052 0.027778 0.037825
161 0.378472 0.745863 0.026042 0.030733
133 0.377604 0.715130 0.024306 0.028369
63 0.378472 0.680851 0.029514 0.035461
138 0.381076 0.646572 0.024306 0.030733
110 0.381944 0.613475 0.024306 0.026005
129 0.381076 0.587470 0.024306 0.023641
528 0.381076 0.557920 0.026042 0.033097
20 0.382812 0.520095 0.022569 0.037825
935 0.383681 0.484634 0.024306 0.030733
174 0.384549 0.450355 0.020833 0.033097
699 0.386285 0.414894 0.024306 0.037825
699 0.386285 0.381797 0.026042 0.026005
69 0.388021 0.352246 0.026042 0.030733
711 0.388021 0.323877 0.020833 0.028369
934 0.390625 0.293144 0.019097 0.030733
154 0.390625 0.265957 0.020833 0.026005
203 0.392361 0.235225 0.026042 0.033097
15 0.393229 0.204492 0.026042 0.028369
263 0.411458 0.875887 0.022569 0.026005
52 0.411458 0.845154 0.022569 0.030733
89 0.414062 0.812057 0.022569 0.035461
99 0.414931 0.769504 0.022569 0.037825
6 0.415799 0.734043 0.022569 0.030733
100 0.416667 0.700946 0.024306 0.028369
62 0.416667 0.670213 0.022569 0.028369
756 0.417535 0.643026 0.022569 0.026005
755 0.418403 0.614657 0.026042 0.028369
33 0.420139 0.582742 0.022569 0.030733
189 0.420139 0.550827 0.020833 0.028369
56 0.419271 0.518913 0.022569 0.035461
933 0.657986 0.671395 0.031250 0.033097
157 0.657118 0.633570 0.031250 0.037825
4 0.656250 0.595745 0.029514 0.035461
676 0.653646 0.563830 0.024306 0.028369
675 0.653646 0.531915 0.027778 0.026005
859 0.651910 0.490544 0.031250 0.037825
738 0.651042 0.452719 0.029514 0.033097
413 0.704861 0.712766 0.032986 0.037825
11 0.703993 0.670213 0.031250 0.035461
932 0.703125 0.631206 0.032986 0.035461
931 0.701389 0.598109 0.026042 0.023641
52 0.698785 0.570922 0.029514 0.037825
51 0.698785 0.531915 0.027778 0.033097
120 0.696181 0.501182 0.024306 0.028369
89 0.696181 0.469267 0.031250 0.030733
156 0.693576 0.434988 0.026042 0.033097
143 0.693576 0.398345 0.027778 0.035461
155 0.690972 0.358156 0.027778 0.037825
183 0.690104 0.328605 0.029514 0.026005
154 0.686632 0.290780 0.026042 0.035461
163 0.686632 0.251773 0.032986 0.037825
183 0.686632 0.213948 0.029514 0.033097
138 0.753472 0.758865 0.026042 0.035461
52 0.753472 0.719858 0.027778 0.033097
70 0.754340 0.684397 0.032986 0.033097
161 0.752604 0.644208 0.027778 0.037825
498 0.751736 0.601655 0.029514 0.040189
111 0.753472 0.559102 0.029514 0.035461
19 0.750868 0.526005 0.026042 0.030733
123 0.748264 0.494090 0.029514 0.033097
224 0.747396 0.459811 0.029514 0.030733
821 0.743924 0.423168 0.031250 0.037825
158 0.741319 0.384161 0.026042 0.035461
64 0.740451 0.346336 0.024306 0.033097
246 0.741319 0.313239 0.026042 0.023641
109 0.738715 0.281324 0.031250 0.040189
19 0.802083 0.682033 0.031250 0.035461
123 0.800347 0.646572 0.027778 0.028369
238 0.798611 0.614657 0.031250 0.030733
932 0.796875 0.582742 0.024306 0.030733
931 0.798611 0.553191 0.024306 0.026005
0 0.796875 0.527187 0.026042 0.026005
879 0.794271 0.497636 0.032986 0.028369
251 0.794271 0.472813 0.032986 0.030733
168 0.792535 0.440898 0.034722 0.030733
111 0.790799 0.410165 0.026042 0.028369
763 0.786458 0.375887 0.024306 0.033097
15 0.784722 0.345154 0.026042 0.028369
107 0.783854 0.310875 0.022569 0.030733
19 0.784722 0.275414 0.026042 0.026005
123 0.785590 0.242317 0.032986 0.033097
20 0.782986 0.206856 0.029514 0.035461
65 0.850694 0.793144 0.026042 0.033097
381 0.851562 0.760047 0.031250 0.033097
64 0.849826 0.723404 0.029514 0.033097
261 0.848958 0.689125 0.031250 0.030733
256 0.848090 0.656028 0.027778 0.028369
386 0.848090 0.620567 0.031250 0.028369
385 0.846354 0.583924 0.029514 0.033097
64 0.844618 0.554374 0.026042 0.023641
26 0.845486 0.522459 0.031250 0.035461
165 0.842882 0.485816 0.031250 0.026005
930 0.842014 0.453901 0.027778 0.033097
161 0.840278 0.418440 0.029514 0.035461
0 0.840278 0.380615 0.027778 0.033097
2 0.836806 0.341608 0.027778 0.040189
133 0.835938 0.306147 0.027778 0.028369
51 0.834201 0.268322 0.027778 0.040189
9 0.834201 0.232861 0.027778 0.030733
62 0.832465 0.134752 0.029514 0.030733
