55 0.285714 0.936740 0.028912 0.021898
107 0.287415 0.924574 0.034014 0.034063
26 0.289116 0.911192 0.032313 0.026764
111 0.289966 0.881995 0.028912 0.031630
538 0.288265 0.852798 0.025510 0.017032
34 0.291667 0.821168 0.028912 0.034063
299 0.287415 0.781022 0.023810 0.031630
476 0.290816 0.745742 0.020408 0.026764
619 0.290816 0.714112 0.018707 0.026764
476 0.289966 0.687348 0.023810 0.024331
440 0.290816 0.659367 0.027211 0.026764
476 0.293367 0.628954 0.030612 0.031630
133 0.294218 0.594891 0.028912 0.031630
56 0.295918 0.562044 0.030612 0.024331
253 0.295068 0.530414 0.025510 0.034063
55 0.295068 0.497567 0.027211 0.029197
224 0.297619 0.470803 0.027211 0.021898
34 0.300170 0.444039 0.030612 0.026764
618 0.299320 0.411192 0.028912 0.034063
271 0.299320 0.371046 0.027211 0.034063
617 0.301020 0.333333 0.025510 0.031630
105 0.301020 0.300487 0.032313 0.029197
281 0.301020 0.270073 0.030612 0.026764
64 0.301871 0.240876 0.034014 0.026764
15 0.300170 0.211679 0.027211 0.029197
106 0.302721 0.178832 0.027211 0.031630
25 0.304422 0.145985 0.022109 0.029197
34 0.305272 0.115572 0.022109 0.026764
285 0.303571 0.086375 0.025510 0.026764
69 0.337585 0.928224 0.032313 0.038929
611 0.338435 0.888078 0.030612 0.038929
106 0.340136 0.846715 0.023810 0.029197
525 0.341837 0.811436 0.030612 0.036496
285 0.340136 0.774939 0.020408 0.019465
55 0.340986 0.742092 0.027211 0.036496
34 0.338435 0.701946 0.025510 0.031630
616 0.340986 0.669100 0.020408 0.026764
271 0.341837 0.638686 0.022109 0.029197
102 0.340136 0.609489 0.028912 0.029197
278 0.346088 0.575426 0.027211 0.029197
226 0.345238 0.541363 0.030612 0.029197
92 0.346939 0.507299 0.028912 0.034063
115 0.346939 0.476886 0.027211 0.019465
615 0.347789 0.445255 0.030612 0.034063
109 0.345238 0.405109 0.027211 0.031630
64 0.347789 0.372263 0.020408 0.024331
54 0.348639 0.341849 0.023810 0.026764
428 0.346939 0.313869 0.027211 0.026764
142 0.349490 0.281022 0.025510 0.031630
153 0.351190 0.245742 0.027211 0.031630
479 0.353741 0.209246 0.028912 0.031630
259 0.352041 0.180049 0.023810 0.021898
479 0.353741 0.152068 0.028912 0.031630
28 0.350340 0.118005 0.025510 0.029197
67 0.352041 0.087591 0.022109 0.024331
13 0.385204 0.933090 0.020408 0.021898
70 0.384354 0.916058 0.020408 0.026764
457 0.385204 0.888078 0.025510 0.026764
456 0.386054 0.854015 0.027211 0.034063
141 0.391156 0.816302 0.027211 0.029197
28 0.390306 0.784672 0.027211 0.029197
67 0.390306 0.750608 0.027211 0.036496
68 0.388605 0.712895 0.025510 0.036496
576 0.391156 0.672749 0.023810 0.036496
135 0.391156 0.638686 0.030612 0.029197
70 0.390306 0.609489 0.028912 0.029197
28 0.391156 0.579075 0.032313 0.026764
67 0.389456 0.548662 0.022109 0.029197
116 0.389456 0.513382 0.025510 0.034063
101 0.392007 0.475669 0.027211 0.034063
148 0.393707 0.439173 0.030612 0.026764
4 0.391156 0.403893 0.025510 0.034063
13 0.394558 0.361314 0.028912 0.038929
614 0.394558 0.322384 0.032313 0.029197
39 0.393707 0.291971 0.030612 0.024331
259 0.394558 0.262774 0.022109 0.026764
26 0.396259 0.233577 0.022109 0.029197
68 0.397959 0.204380 0.028912 0.029197
13 0.397959 0.170316 0.028912 0.034063
26 0.400510 0.132603 0.028912 0.034063
121 0.399660 0.096107 0.028912 0.036496
343 0.436224 0.934307 0.030612 0.026764
343 0.435374 0.903893 0.025510 0.031630
136 0.437925 0.867397 0.030612 0.034063
83 0.437075 0.834550 0.022109 0.019465
7 0.438776 0.800487 0.027211 0.036496
28 0.436224 0.757908 0.023810 0.031630
67 0.437925 0.727494 0.018707 0.024331
0 0.440476 0.698297 0.023810 0.024331
344 0.439626 0.672749 0.022109 0.024331
170 0.440476 0.638686 0.027211 0.034063
75 0.441327 0.599757 0.023810 0.036496
4 0.440476 0.558394 0.032313 0.036496
34 0.442177 0.521898 0.030612 0.036496
3 0.443027 0.480535 0.032313 0.036496
613 0.442177 0.439173 0.027211 0.036496
13 0.443878 0.397810 0.028912 0.038929
298 0.443027 0.360097 0.028912 0.021898
541 0.441327 0.333333 0.027211 0.034063
109 0.442177 0.299270 0.025510 0.029197
481 0.443027 0.268856 0.027211 0.026764
480 0.445578 0.233577 0.027211 0.038929
29 0.445578 0.193431 0.028912 0.029197
28 0.444728 0.160584 0.022109 0.024331
27 0.443878 0.130170 0.025510 0.029197
26 0.444728 0.098540 0.025510 0.034063
480 0.480442 0.939173 0.023810 0.024331
29 0.481293 0.908759 0.027211 0.031630
28 0.481293 0.872263 0.027211 0.034063
111 0.483844 0.836983 0.023810 0.029197
204 0.484694 0.800487 0.027211 0.036496
28 0.483844 0.761557 0.027211 0.034063
67 0.486395 0.725061 0.027211 0.031630
249 0.485544 0.692214 0.028912 0.034063
13 0.488095 0.661800 0.023810 0.024331
54 0.488095 0.636253 0.023810 0.024331
142 0.487245 0.602190 0.028912 0.036496
153 0.487245 0.565693 0.032313 0.036496
612 0.488946 0.530414 0.025510 0.031630
289 0.487245 0.497567 0.027211 0.031630
479 0.488946 0.462287 0.027211 0.034063
360 0.491497 0.425791 0.025510 0.031630
259 0.490646 0.394161 0.022109 0.026764
56 0.491497 0.362530 0.022109 0.036496
64 0.491497 0.324818 0.022109 0.031630
20 0.491497 0.287105 0.020408 0.038929
65 0.491497 0.248175 0.022109 0.029197
214 0.492347 0.211679 0.025510 0.034063
136 0.493197 0.177616 0.022109 0.031630
34 0.491497 0.141119 0.027211 0.031630
285 0.491497 0.105839 0.022109 0.034063
55 0.762755 0.937956 0.028912 0.026764
107 0.762755 0.909976 0.027211 0.026764
281 0.761054 0.883212 0.027211 0.029197
201 0.761905 0.854015 0.025510 0.024331
15 0.761054 0.822384 0.027211 0.034063
230 0.759354 0.784672 0.025510 0.029197
440 0.756803 0.750608 0.027211 0.031630
55 0.757653 0.722628 0.023810 0.021898
107 0.757653 0.694647 0.027211 0.029197
268 0.758503 0.669100 0.027211 0.026764
69 0.758503 0.637470 0.027211 0.036496
611 0.756803 0.599757 0.023810 0.029197
230 0.755952 0.562044 0.025510 0.038929
610 0.754252 0.527981 0.023810 0.029197
153 0.754252 0.497567 0.027211 0.026764
34 0.754252 0.465937 0.025510 0.029197
65 0.755952 0.436740 0.023810 0.026764
214 0.753401 0.406326 0.030612 0.024331
54 0.753401 0.380779 0.030612 0.029197
34 0.805272 0.935523 0.027211 0.021898
65 0.808673 0.906326 0.027211 0.031630
214 0.806973 0.871046 0.022109 0.036496
33 0.806973 0.832117 0.027211 0.036496
136 0.806973 0.793187 0.025510 0.036496
54 0.806122 0.762774 0.030612 0.021898
285 0.803571 0.737226 0.025510 0.026764
135 0.802721 0.710462 0.023810 0.024331
350 0.805272 0.681265 0.030612 0.026764
463 0.805272 0.652068 0.025510 0.029197
13 0.805272 0.616788 0.025510 0.031630
19 0.802721 0.585158 0.022109 0.029197
29 0.803571 0.555961 0.023810 0.024331
28 0.803571 0.525547 0.025510 0.031630
74 0.803571 0.487835 0.028912 0.036496
73 0.800170 0.450122 0.025510 0.031630
34 0.800170 0.418491 0.030612 0.029197
65 0.801020 0.386861 0.025510 0.026764
52 0.801020 0.356448 0.023810 0.031630
0 0.799320 0.321168 0.027211 0.036496
55 0.799320 0.283455 0.030612 0.029197
34 0.796769 0.244526 0.032313 0.036496
3 0.796769 0.206813 0.027211 0.038929
457 0.793367 0.131387 0.027211 0.029197
456 0.793367 0.096107 0.027211 0.036496
315 0.793367 0.058394 0.028912 0.029197
111 0.855442 0.925791 0.023810 0.034063
111 0.855442 0.889294 0.020408 0.026764
111 0.854592 0.860097 0.018707 0.021898
111 0.852891 0.826034 0.020408 0.036496
111 0.852041 0.790754 0.023810 0.031630
111 0.851190 0.760341 0.022109 0.021898
70 0.850340 0.732360 0.028912 0.024331
7 0.851190 0.700730 0.030612 0.034063
132 0.849490 0.660584 0.023810 0.036496
225 0.848639 0.622871 0.022109 0.031630
425 0.848639 0.587591 0.028912 0.029197
65 0.847789 0.554745 0.018707 0.034063
110 0.847789 0.520681 0.017007 0.024331
6 0.847789 0.491484 0.018707 0.029197
3 0.847789 0.461071 0.025510 0.026764
107 0.847789 0.419708 0.022109 0.041363
26 0.848639 0.375912 0.027211 0.036496
64 0.847789 0.338200 0.023810 0.026764
80 0.847789 0.304136 0.025510 0.034063
106 0.845238 0.276156 0.020408 0.014599
133 0.846939 0.248175 0.025510 0.031630
2 0.841837 0.211679 0.023810 0.026764
133 0.842687 0.183698 0.018707 0.024331
51 0.841837 0.153285 0.018707 0.026764
9 0.840986 0.126521 0.018707 0.024331
62 0.840986 0.094891 0.028912 0.029197
28 0.899660 0.923358 0.028912 0.036496
75 0.900510 0.889294 0.028912 0.026764
60 0.899660 0.860097 0.025510 0.024331
71 0.899660 0.827251 0.030612 0.031630
254 0.897109 0.791971 0.022109 0.029197
26 0.897959 0.761557 0.018707 0.029197
176 0.897959 0.729927 0.025510 0.031630
110 0.898810 0.695864 0.027211 0.034063
75 0.897959 0.660584 0.027211 0.031630
157 0.897109 0.625304 0.025510 0.029197
65 0.895408 0.597324 0.022109 0.017032
479 0.896259 0.568127 0.023810 0.034063
103 0.892857 0.532847 0.025510 0.029197
26 0.892857 0.497567 0.018707 0.026764
133 0.892007 0.470803 0.017007 0.024331
26 0.892007 0.445255 0.023810 0.026764
165 0.892857 0.417275 0.028912 0.026764
34 0.891156 0.388078 0.028912 0.029197
109 0.888605 0.358881 0.027211 0.029197
337 0.889456 0.334550 0.022109 0.024331
159 0.890306 0.302920 0.028912 0.031630
79 0.889456 0.272506 0.025510 0.029197
78 0.888605 0.239659 0.030612 0.029197
75 0.889456 0.203163 0.028912 0.038929
4 0.886054 0.164234 0.025510 0.031630
13 0.886905 0.128954 0.030612 0.031630
171 0.883503 0.092457 0.028912 0.034063
170 0.885204 0.057178 0.027211 0.026764
325 0.941327 0.928224 0.025510 0.021898
21 0.940476 0.896594 0.028912 0.034063
20 0.941327 0.862530 0.028912 0.029197
26 0.939626 0.829684 0.025510 0.026764
64 0.940476 0.790754 0.020408 0.038929
13 0.940476 0.753041 0.023810 0.031630
130 0.939626 0.718978 0.022109 0.026764
129 0.939626 0.683698 0.023810 0.034063
609 0.938776 0.652068 0.027211 0.029197
64 0.937925 0.621655 0.025510 0.029197
246 0.936224 0.596107 0.022109 0.021898
348 0.935374 0.568127 0.023810 0.029197
171 0.934524 0.534063 0.027211 0.031630
170 0.935374 0.500000 0.023810 0.034063
75 0.934524 0.465937 0.023810 0.031630
4 0.934524 0.430657 0.025510 0.029197
64 0.934524 0.400243 0.022109 0.024331
171 0.935374 0.371046 0.023810 0.031630
170 0.934524 0.339416 0.023810 0.029197
75 0.933673 0.306569 0.022109 0.029197
33 0.931122 0.274939 0.022109 0.029197
481 0.931122 0.243309 0.025510 0.026764
4 0.932823 0.214112 0.025510 0.029197
480 0.931122 0.182482 0.027211 0.029197
29 0.930272 0.148418 0.023810 0.031630
28 0.930272 0.116788 0.022109 0.024331
132 0.929422 0.087591 0.023810 0.031630
377 0.929422 0.053528 0.023810 0.031630
