6 0.278061 0.649635 0.025510 0.046229
121 0.279762 0.597324 0.023810 0.034063
120 0.280612 0.548662 0.027211 0.036496
55 0.279762 0.508516 0.028912 0.031630
119 0.282313 0.463504 0.025510 0.038929
118 0.283163 0.422141 0.018707 0.031630
117 0.284014 0.388078 0.020408 0.031630
52 0.284014 0.350365 0.027211 0.031630
26 0.287415 0.313869 0.027211 0.031630
43 0.287415 0.277372 0.034014 0.031630
26 0.286565 0.237226 0.025510 0.036496
88 0.289116 0.194647 0.020408 0.036496
83 0.290816 0.156934 0.028912 0.029197
99 0.290816 0.124088 0.028912 0.029197
98 0.289116 0.083942 0.028912 0.036496
85 0.321429 0.913625 0.018707 0.029197
94 0.323129 0.874696 0.027211 0.034063
116 0.323129 0.838200 0.025510 0.026764
101 0.327381 0.798054 0.025510 0.036496
3 0.326531 0.751825 0.032313 0.048662
19 0.324830 0.701946 0.020408 0.034063
29 0.324830 0.665450 0.025510 0.031630
28 0.325680 0.630170 0.028912 0.029197
92 0.327381 0.587591 0.027211 0.041363
115 0.327381 0.543796 0.028912 0.041363
90 0.329082 0.495134 0.022109 0.038929
114 0.330782 0.448905 0.027211 0.038929
65 0.333333 0.407543 0.025510 0.036496
26 0.332483 0.366180 0.028912 0.038929
113 0.332483 0.319951 0.022109 0.036496
64 0.333333 0.277372 0.028912 0.031630
112 0.333333 0.243309 0.022109 0.029197
103 0.336735 0.201946 0.022109 0.034063
52 0.336735 0.161800 0.025510 0.036496
111 0.335884 0.122871 0.025510 0.029197
110 0.336735 0.087591 0.027211 0.036496
109 0.367347 0.945255 0.022109 0.026764
19 0.367347 0.914842 0.023810 0.031630
29 0.368197 0.872263 0.025510 0.038929
28 0.369048 0.826034 0.017007 0.029197
85 0.371599 0.785888 0.023810 0.036496
69 0.374150 0.738443 0.027211 0.041363
91 0.371599 0.700730 0.027211 0.026764
68 0.372449 0.666667 0.027211 0.034063
13 0.373299 0.625304 0.028912 0.034063
108 0.371599 0.579075 0.027211 0.034063
85 0.374150 0.538929 0.028912 0.034063
34 0.374150 0.492701 0.025510 0.041363
56 0.375850 0.446472 0.025510 0.034063
19 0.375850 0.406326 0.023810 0.036496
29 0.375850 0.368613 0.018707 0.029197
28 0.376701 0.338200 0.020408 0.029197
83 0.378401 0.296837 0.030612 0.036496
15 0.377551 0.254258 0.028912 0.034063
107 0.380102 0.214112 0.025510 0.031630
58 0.379252 0.172749 0.028912 0.034063
9 0.379252 0.131387 0.027211 0.036496
82 0.381803 0.086375 0.028912 0.036496
62 0.420068 0.950122 0.023810 0.024331
62 0.419218 0.920925 0.027211 0.031630
62 0.417517 0.881995 0.023810 0.036496
105 0.420918 0.841849 0.023810 0.031630
106 0.422619 0.805353 0.022109 0.038929
105 0.422619 0.763990 0.025510 0.041363
85 0.423469 0.721411 0.030612 0.031630
94 0.421769 0.687348 0.028912 0.031630
0 0.422619 0.649635 0.028912 0.034063
17 0.423469 0.610706 0.023810 0.038929
16 0.422619 0.570560 0.028912 0.034063
13 0.422619 0.534063 0.022109 0.029197
2 0.424320 0.497567 0.020408 0.029197
33 0.423469 0.465937 0.023810 0.029197
62 0.425170 0.429440 0.025510 0.038929
105 0.424320 0.386861 0.032313 0.038929
106 0.426871 0.341849 0.022109 0.038929
105 0.426871 0.302920 0.023810 0.029197
2 0.426871 0.266423 0.027211 0.031630
1 0.427721 0.226277 0.023810 0.034063
104 0.428571 0.189781 0.018707 0.029197
103 0.427721 0.158151 0.022109 0.029197
102 0.428571 0.120438 0.027211 0.034063
101 0.426871 0.086375 0.025510 0.029197
100 0.465136 0.948905 0.022109 0.026764
100 0.465136 0.919708 0.023810 0.026764
100 0.464286 0.884428 0.023810 0.041363
100 0.465136 0.841849 0.018707 0.031630
88 0.465136 0.806569 0.023810 0.031630
83 0.468537 0.768856 0.025510 0.041363
33 0.466837 0.723844 0.027211 0.036496
99 0.466837 0.684915 0.025510 0.034063
98 0.467687 0.652068 0.027211 0.026764
97 0.467687 0.616788 0.023810 0.036496
34 0.466837 0.577859 0.022109 0.034063
96 0.469388 0.545012 0.023810 0.031630
95 0.470238 0.507299 0.025510 0.034063
52 0.470238 0.469586 0.018707 0.031630
58 0.470238 0.435523 0.020408 0.031630
85 0.470238 0.396594 0.022109 0.034063
94 0.472789 0.352798 0.028912 0.041363
52 0.472789 0.305353 0.025510 0.036496
93 0.474490 0.261557 0.025510 0.036496
70 0.474490 0.215328 0.025510 0.041363
85 0.474490 0.171533 0.022109 0.029197
92 0.474490 0.132603 0.018707 0.034063
90 0.473639 0.092457 0.022109 0.036496
89 0.605442 0.281022 0.025510 0.031630
54 0.604592 0.240876 0.025510 0.038929
69 0.602041 0.197080 0.028912 0.034063
91 0.602041 0.155718 0.023810 0.036496
13 0.602041 0.120438 0.028912 0.029197
54 0.601190 0.081509 0.027211 0.046229
89 0.790816 0.627737 0.020408 0.029197
24 0.787415 0.562044 0.025510 0.038929
23 0.784014 0.517032 0.018707 0.029197
90 0.784864 0.480535 0.022109 0.034063
69 0.784014 0.439173 0.023810 0.031630
0 0.784014 0.397810 0.023810 0.036496
52 0.782313 0.355231 0.018707 0.031630
89 0.782313 0.317518 0.028912 0.034063
28 0.838435 0.826034 0.023810 0.036496
88 0.836735 0.783455 0.027211 0.038929
69 0.835884 0.727494 0.025510 0.046229
87 0.835884 0.673966 0.023810 0.034063
34 0.835884 0.630170 0.022109 0.034063
86 0.836735 0.590024 0.025510 0.034063
34 0.833333 0.543796 0.022109 0.043796
52 0.831633 0.500000 0.023810 0.034063
85 0.830782 0.456204 0.030612 0.038929
84 0.829082 0.406326 0.020408 0.036496
13 0.827381 0.368613 0.027211 0.034063
17 0.826531 0.327251 0.023810 0.034063
16 0.824830 0.284672 0.025510 0.041363
34 0.824830 0.238443 0.025510 0.036496
52 0.821429 0.195864 0.022109 0.038929
89 0.823129 0.149635 0.028912 0.036496
64 0.883503 0.879562 0.027211 0.031630
57 0.882653 0.838200 0.023810 0.038929
81 0.884354 0.795620 0.023810 0.034063
19 0.882653 0.756691 0.017007 0.029197
29 0.881803 0.718978 0.020408 0.029197
28 0.880102 0.676399 0.025510 0.036496
13 0.880102 0.635036 0.023810 0.031630
80 0.878401 0.591241 0.020408 0.036496
79 0.878401 0.549878 0.020408 0.034063
78 0.875850 0.503650 0.027211 0.041363
75 0.877551 0.454988 0.023810 0.036496
4 0.876701 0.417275 0.018707 0.029197
13 0.875850 0.381995 0.030612 0.031630
77 0.875000 0.341849 0.027211 0.038929
58 0.871599 0.300487 0.028912 0.031630
83 0.870748 0.265207 0.025510 0.034063
15 0.869898 0.221411 0.032313 0.036496
51 0.869048 0.181265 0.027211 0.031630
9 0.866497 0.138686 0.025510 0.038929
82 0.866497 0.099757 0.028912 0.026764
65 0.931973 0.872263 0.025510 0.029197
2 0.931122 0.832117 0.027211 0.031630
26 0.930272 0.796837 0.018707 0.026764
64 0.929422 0.763990 0.020408 0.029197
19 0.929422 0.727494 0.022109 0.029197
29 0.929422 0.689781 0.027211 0.034063
28 0.926871 0.648418 0.025510 0.031630
74 0.925170 0.609489 0.023810 0.038929
73 0.926871 0.568127 0.027211 0.036496
46 0.925170 0.530414 0.028912 0.036496
65 0.923469 0.487835 0.023810 0.034063
26 0.923469 0.450122 0.025510 0.029197
34 0.923469 0.414842 0.028912 0.031630
76 0.920918 0.374696 0.034014 0.034063
28 0.918367 0.332117 0.027211 0.036496
75 0.917517 0.284672 0.028912 0.036496
60 0.916667 0.243309 0.023810 0.034063
13 0.915816 0.206813 0.023810 0.034063
72 0.914966 0.164234 0.023810 0.031630
71 0.975340 0.873479 0.025510 0.026764
26 0.974490 0.836983 0.025510 0.036496
70 0.975340 0.801703 0.028912 0.029197
69 0.973639 0.763990 0.027211 0.038929
68 0.973639 0.721411 0.028912 0.036496
67 0.973639 0.684915 0.027211 0.024331
19 0.971088 0.599757 0.027211 0.038929
29 0.973639 0.549878 0.022109 0.041363
28 0.971939 0.507299 0.027211 0.034063
34 0.971088 0.468370 0.027211 0.029197
66 0.971088 0.429440 0.023810 0.031630
65 0.970238 0.392944 0.022109 0.026764
2 0.967687 0.362530 0.023810 0.029197
26 0.969388 0.323601 0.023810 0.036496
64 0.968537 0.284672 0.028912 0.038929
63 0.966837 0.244526 0.030612 0.036496
29 0.964286 0.204380 0.027211 0.026764
62 0.965986 0.171533 0.022109 0.024331
28 0.965136 0.136253 0.028912 0.038929
72 0.964286 0.093674 0.025510 0.031630
13 0.961735 0.052311 0.030612 0.034063
