74 0.178808 0.914179 0.046358 0.022388
72 0.178808 0.815920 0.043046 0.034826
21 0.178808 0.772388 0.039735 0.029851
73 0.182119 0.732587 0.046358 0.037313
72 0.180464 0.691542 0.046358 0.024876
71 0.182119 0.656716 0.039735 0.027363
70 0.180464 0.616915 0.043046 0.034826
27 0.183775 0.565920 0.046358 0.039801
38 0.187086 0.526119 0.043046 0.032338
37 0.188742 0.483831 0.046358 0.037313
69 0.190397 0.434080 0.043046 0.039801
58 0.269868 0.587065 0.046358 0.034826
68 0.276490 0.544776 0.049669 0.047264
67 0.276490 0.498756 0.046358 0.037313
30 0.276490 0.452736 0.056291 0.037313
66 0.276490 0.410448 0.046358 0.032338
65 0.276490 0.374378 0.049669 0.027363
23 0.279801 0.337065 0.049669 0.034826
64 0.279801 0.296020 0.039735 0.029851
63 0.278146 0.253731 0.056291 0.037313
62 0.354305 0.631841 0.046358 0.022388
61 0.357616 0.599502 0.052980 0.034826
59 0.360927 0.553483 0.039735 0.037313
60 0.359272 0.514925 0.046358 0.024876
59 0.360927 0.477612 0.043046 0.034826
26 0.365894 0.435323 0.046358 0.037313
58 0.364238 0.393035 0.046358 0.034826
44 0.367550 0.350746 0.046358 0.039801
44 0.440397 0.761194 0.052980 0.037313
57 0.440397 0.684080 0.049669 0.039801
56 0.447020 0.594527 0.046358 0.029851
44 0.447020 0.557214 0.049669 0.032338
55 0.448675 0.518657 0.036424 0.029851
44 0.450331 0.485075 0.039735 0.029851
27 0.453642 0.436567 0.039735 0.049751
38 0.455298 0.388060 0.039735 0.034826
37 0.456954 0.344527 0.049669 0.037313
54 0.458609 0.298507 0.056291 0.039801
43 0.526490 0.697761 0.046358 0.032338
53 0.528146 0.664179 0.043046 0.024876
52 0.529801 0.631841 0.036424 0.029851
51 0.531457 0.599502 0.043046 0.032338
50 0.529801 0.562189 0.046358 0.029851
49 0.533113 0.524876 0.043046 0.029851
48 0.534768 0.490050 0.029801 0.027363
47 0.534768 0.458955 0.043046 0.027363
46 0.538079 0.424129 0.049669 0.027363
45 0.609272 0.735075 0.046358 0.032338
44 0.612583 0.694030 0.039735 0.032338
43 0.615894 0.657960 0.049669 0.034826
42 0.614238 0.611940 0.039735 0.034826
41 0.614238 0.572139 0.036424 0.024876
40 0.615894 0.537313 0.039735 0.019900
39 0.617550 0.500000 0.043046 0.032338
15 0.617550 0.470149 0.043046 0.009950
28 0.619205 0.444030 0.043046 0.032338
27 0.622517 0.404229 0.046358 0.034826
38 0.625828 0.368159 0.046358 0.029851
37 0.625828 0.334577 0.036424 0.024876
36 0.624172 0.305970 0.033113 0.019900
35 0.627483 0.274876 0.049669 0.029851
34 0.703642 0.594527 0.049669 0.044776
33 0.703642 0.502488 0.052980 0.037313
32 0.703642 0.457711 0.056291 0.039801
21 0.708609 0.412935 0.052980 0.037313
31 0.713576 0.369403 0.043046 0.029851
30 0.713576 0.328358 0.049669 0.029851
29 0.711921 0.286070 0.046358 0.032338
28 0.711921 0.243781 0.049669 0.034826
14 0.715232 0.203980 0.046358 0.029851
27 0.713576 0.169154 0.046358 0.029851
26 0.718543 0.130597 0.052980 0.032338
19 0.718543 0.089552 0.039735 0.034826
25 0.781457 0.716418 0.043046 0.032338
24 0.781457 0.680348 0.043046 0.022388
23 0.784768 0.644279 0.043046 0.034826
22 0.786424 0.601990 0.039735 0.039801
16 0.786424 0.555970 0.039735 0.037313
21 0.791391 0.512438 0.049669 0.037313
20 0.788079 0.470149 0.049669 0.032338
19 0.789735 0.426617 0.043046 0.037313
18 0.793046 0.384328 0.043046 0.032338
17 0.794702 0.340796 0.049669 0.039801
16 0.796358 0.293532 0.043046 0.039801
15 0.798013 0.248756 0.049669 0.032338
14 0.798013 0.208955 0.043046 0.032338
13 0.799669 0.123134 0.056291 0.037313
12 0.799669 0.084577 0.049669 0.032338
11 0.884106 0.592040 0.039735 0.039801
10 0.882450 0.553483 0.033113 0.029851
9 0.884106 0.514925 0.039735 0.037313
8 0.882450 0.458955 0.046358 0.042289
7 0.874172 0.410448 0.049669 0.039801
6 0.877483 0.361940 0.043046 0.037313
5 0.880795 0.313433 0.056291 0.034826
4 0.884106 0.269900 0.052980 0.037313
3 0.884106 0.221393 0.052980 0.034826
2 0.882450 0.176617 0.056291 0.037313
1 0.882450 0.135572 0.046358 0.029851
