69 0.237733 0.971814 0.028765 0.031863
120 0.237733 0.935049 0.021997 0.031863
55 0.240271 0.895833 0.018613 0.034314
107 0.239425 0.857843 0.025381 0.036765
147 0.240271 0.813725 0.025381 0.034314
5 0.240271 0.780637 0.021997 0.029412
127 0.241963 0.741422 0.030457 0.034314
29 0.241963 0.694853 0.025381 0.044118
28 0.245347 0.644608 0.028765 0.046569
142 0.245347 0.594363 0.032149 0.039216
35 0.245347 0.552696 0.033841 0.036765
244 0.245347 0.503676 0.023689 0.041667
65 0.247039 0.457108 0.028765 0.044118
55 0.247039 0.408088 0.027073 0.039216
243 0.247885 0.367647 0.032149 0.029412
224 0.248731 0.333333 0.030457 0.034314
152 0.247885 0.289216 0.025381 0.034314
133 0.249577 0.253676 0.020305 0.031863
74 0.248731 0.220588 0.021997 0.031863
56 0.252115 0.178922 0.030457 0.039216
55 0.250423 0.138480 0.030457 0.036765
152 0.252115 0.100490 0.028765 0.029412
21 0.285110 0.969363 0.030457 0.041667
242 0.285110 0.930147 0.023689 0.034314
110 0.288494 0.889706 0.030457 0.036765
241 0.287648 0.845588 0.028765 0.041667
240 0.289340 0.794118 0.028765 0.046569
52 0.288494 0.740196 0.027073 0.044118
199 0.291032 0.689951 0.027073 0.039216
11 0.291032 0.645833 0.028765 0.034314
83 0.291878 0.606618 0.027073 0.029412
238 0.296108 0.567402 0.033841 0.036765
239 0.293570 0.525735 0.028765 0.039216
99 0.296954 0.480392 0.025381 0.041667
238 0.296108 0.435049 0.030457 0.034314
237 0.296954 0.398284 0.030457 0.031863
65 0.297800 0.359069 0.028765 0.039216
236 0.298646 0.312500 0.027073 0.041667
152 0.296954 0.273284 0.033841 0.029412
230 0.298646 0.234069 0.028765 0.039216
235 0.297800 0.188725 0.027073 0.044118
234 0.301184 0.100490 0.032149 0.034314
233 0.334179 0.982843 0.027073 0.024510
233 0.335871 0.950980 0.027073 0.039216
233 0.336717 0.904412 0.030457 0.044118
69 0.336717 0.848039 0.027073 0.051471
91 0.338409 0.790441 0.025381 0.044118
13 0.337563 0.742647 0.027073 0.034314
232 0.337563 0.698529 0.023689 0.039216
75 0.337563 0.660539 0.030457 0.031863
4 0.340948 0.622549 0.027073 0.039216
135 0.340102 0.579657 0.028765 0.034314
147 0.339255 0.540441 0.027073 0.031863
25 0.340948 0.506127 0.025381 0.031863
69 0.340102 0.469363 0.021997 0.031863
91 0.341794 0.431373 0.025381 0.031863
120 0.342640 0.395833 0.028765 0.024510
231 0.340948 0.360294 0.027073 0.034314
61 0.343486 0.316176 0.028765 0.049020
65 0.342640 0.270833 0.027073 0.031863
142 0.344332 0.227941 0.027073 0.041667
152 0.342640 0.187500 0.025381 0.029412
230 0.341794 0.145833 0.027073 0.036765
70 0.344332 0.104167 0.030457 0.036765
117 0.381557 0.982843 0.027073 0.022059
117 0.381557 0.959559 0.028765 0.034314
229 0.380711 0.925245 0.028765 0.026961
98 0.384095 0.882353 0.023689 0.044118
154 0.383249 0.838235 0.028765 0.034314
228 0.383249 0.794118 0.028765 0.036765
130 0.382403 0.747549 0.021997 0.036765
129 0.383249 0.704657 0.025381 0.034314
69 0.383249 0.665441 0.027073 0.034314
228 0.383249 0.625000 0.021997 0.034314
214 0.384941 0.585784 0.023689 0.036765
115 0.384941 0.546569 0.023689 0.034314
55 0.386633 0.501225 0.032149 0.041667
33 0.385787 0.458333 0.030457 0.034314
127 0.386633 0.416667 0.028765 0.034314
29 0.388325 0.379902 0.020305 0.031863
28 0.387479 0.346814 0.021997 0.029412
120 0.390863 0.307598 0.030457 0.039216
117 0.390863 0.269608 0.028765 0.034314
52 0.390863 0.192402 0.025381 0.044118
176 0.390017 0.149510 0.033841 0.039216
139 0.392555 0.102941 0.032149 0.039216
190 0.429780 0.980392 0.028765 0.026961
190 0.429780 0.949755 0.030457 0.031863
75 0.430626 0.912990 0.025381 0.039216
158 0.428088 0.868873 0.023689 0.034314
161 0.428934 0.829657 0.028765 0.036765
135 0.428934 0.787990 0.023689 0.034314
13 0.431472 0.752451 0.021997 0.026961
199 0.429780 0.718137 0.021997 0.029412
88 0.429780 0.680147 0.027073 0.031863
65 0.432318 0.644608 0.028765 0.024510
225 0.431472 0.613971 0.030457 0.029412
176 0.431472 0.578431 0.030457 0.034314
64 0.430626 0.537990 0.025381 0.034314
227 0.434010 0.501225 0.018613 0.029412
226 0.433164 0.465686 0.021997 0.031863
15 0.434010 0.424020 0.028765 0.039216
55 0.434856 0.379902 0.025381 0.031863
33 0.435702 0.343137 0.028765 0.026961
168 0.435702 0.308824 0.027073 0.031863
120 0.438240 0.261029 0.028765 0.046569
225 0.437394 0.212010 0.023689 0.034314
64 0.437394 0.175245 0.023689 0.026961
224 0.725888 0.958333 0.027073 0.029412
224 0.724196 0.924020 0.025381 0.034314
224 0.725042 0.882353 0.020305 0.039216
224 0.725888 0.838235 0.030457 0.034314
223 0.722504 0.794118 0.025381 0.036765
109 0.723350 0.747549 0.027073 0.041667
19 0.724196 0.703431 0.027073 0.031863
123 0.722504 0.656863 0.030457 0.049020
20 0.722504 0.607843 0.030457 0.036765
168 0.721658 0.564951 0.027073 0.039216
173 0.723350 0.520833 0.030457 0.029412
222 0.720812 0.481618 0.027073 0.034314
221 0.720812 0.438725 0.023689 0.031863
139 0.721658 0.367647 0.023689 0.031863
220 0.719966 0.324755 0.027073 0.039216
75 0.719966 0.270833 0.021997 0.044118
158 0.720812 0.225490 0.028765 0.034314
219 0.718274 0.187500 0.028765 0.031863
127 0.717428 0.147059 0.030457 0.039216
29 0.718274 0.105392 0.021997 0.036765
198 0.771574 0.949755 0.021997 0.044118
29 0.769882 0.906863 0.020305 0.026961
28 0.770728 0.867647 0.021997 0.031863
65 0.771574 0.824755 0.025381 0.036765
64 0.770728 0.778186 0.028765 0.036765
136 0.770728 0.735294 0.023689 0.031863
218 0.769036 0.692402 0.027073 0.039216
135 0.769882 0.650735 0.027073 0.031863
69 0.769036 0.612745 0.028765 0.031863
91 0.769036 0.574755 0.030457 0.036765
217 0.768190 0.526961 0.023689 0.041667
13 0.768190 0.482843 0.032149 0.034314
69 0.767343 0.446078 0.032149 0.034314
91 0.764805 0.409314 0.028765 0.031863
216 0.766497 0.368873 0.027073 0.026961
109 0.763959 0.332108 0.025381 0.031863
152 0.763113 0.294118 0.027073 0.034314
133 0.763959 0.258578 0.021997 0.031863
152 0.764805 0.224265 0.023689 0.034314
29 0.764805 0.182598 0.027073 0.041667
52 0.762267 0.137255 0.028765 0.031863
117 0.761421 0.099265 0.028765 0.031863
54 0.818105 0.964461 0.023689 0.026961
215 0.818951 0.938725 0.021997 0.026961
24 0.815567 0.908088 0.021997 0.029412
23 0.815567 0.868873 0.023689 0.034314
64 0.815567 0.825980 0.023689 0.044118
20 0.816413 0.778186 0.027073 0.034314
0 0.815567 0.737745 0.025381 0.034314
74 0.817259 0.697304 0.027073 0.026961
214 0.815567 0.661765 0.027073 0.031863
33 0.813875 0.618873 0.023689 0.031863
110 0.813875 0.582108 0.020305 0.029412
213 0.814721 0.545343 0.027073 0.034314
212 0.813875 0.501225 0.027073 0.046569
69 0.813029 0.455882 0.025381 0.031863
13 0.811337 0.414216 0.023689 0.034314
211 0.811337 0.377451 0.023689 0.031863
210 0.810491 0.344363 0.027073 0.034314
69 0.811337 0.306373 0.030457 0.031863
209 0.811337 0.265931 0.030457 0.039216
28 0.807953 0.224265 0.023689 0.034314
115 0.807107 0.187500 0.023689 0.039216
187 0.807107 0.144608 0.025381 0.041667
186 0.804569 0.098039 0.025381 0.034314
207 0.863790 0.931373 0.028765 0.031863
109 0.862098 0.886029 0.025381 0.036765
127 0.860406 0.838235 0.027073 0.036765
29 0.860406 0.787990 0.025381 0.044118
28 0.859560 0.743873 0.027073 0.039216
43 0.859560 0.702206 0.021997 0.031863
206 0.859560 0.665441 0.020305 0.034314
198 0.859560 0.629902 0.021997 0.031863
29 0.860406 0.588235 0.030457 0.034314
28 0.858714 0.542892 0.027073 0.041667
176 0.859560 0.493873 0.028765 0.036765
120 0.857022 0.448529 0.028765 0.034314
117 0.856176 0.410539 0.021997 0.029412
63 0.856176 0.343137 0.021997 0.029412
138 0.855330 0.306373 0.025381 0.029412
69 0.853638 0.267157 0.028765 0.034314
205 0.854484 0.223039 0.028765 0.041667
0 0.853638 0.176471 0.023689 0.044118
201 0.851946 0.134804 0.027073 0.029412
208 0.849408 0.096814 0.023689 0.031863
204 0.906937 0.941176 0.018613 0.031863
204 0.906091 0.906863 0.020305 0.031863
52 0.906937 0.867647 0.025381 0.039216
176 0.906937 0.828431 0.027073 0.039216
55 0.906937 0.789216 0.027073 0.026961
127 0.905245 0.756127 0.028765 0.029412
29 0.904399 0.724265 0.025381 0.026961
28 0.906091 0.687500 0.030457 0.031863
120 0.904399 0.643382 0.033841 0.036765
117 0.904399 0.602941 0.027073 0.034314
13 0.902707 0.562500 0.025381 0.031863
127 0.905245 0.523284 0.027073 0.041667
29 0.901861 0.475490 0.021997 0.039216
28 0.902707 0.439951 0.027073 0.026961
176 0.901861 0.403186 0.030457 0.034314
120 0.900169 0.361520 0.025381 0.036765
117 0.901015 0.323529 0.028765 0.031863
0 0.900169 0.285539 0.025381 0.034314
2 0.901015 0.251225 0.020305 0.031863
133 0.900169 0.218137 0.020305 0.031863
51 0.901861 0.172794 0.025381 0.044118
9 0.900169 0.129902 0.025381 0.034314
62 0.899323 0.093137 0.016920 0.026961
176 0.951777 0.939951 0.030457 0.034314
176 0.950931 0.900735 0.023689 0.029412
176 0.952623 0.866422 0.021997 0.034314
176 0.950931 0.828431 0.021997 0.031863
176 0.951777 0.786765 0.030457 0.036765
176 0.950085 0.743873 0.021997 0.034314
176 0.951777 0.704657 0.025381 0.036765
176 0.951777 0.665441 0.027073 0.034314
64 0.950931 0.622549 0.028765 0.046569
127 0.949239 0.572304 0.030457 0.041667
29 0.949239 0.524510 0.032149 0.049020
28 0.948393 0.474265 0.025381 0.041667
120 0.948393 0.427696 0.028765 0.041667
26 0.947547 0.379902 0.027073 0.039216
64 0.945854 0.343137 0.028765 0.026961
34 0.947547 0.308824 0.032149 0.031863
203 0.945854 0.273284 0.027073 0.031863
127 0.945008 0.235294 0.021997 0.034314
29 0.946701 0.200980 0.018613 0.029412
28 0.945854 0.170343 0.020305 0.026961
72 0.945008 0.133578 0.021997 0.034314
26 0.945854 0.098039 0.027073 0.034314
