176 0.276740 0.920732 0.027165 0.041463
64 0.279287 0.781707 0.022071 0.043902
22 0.280136 0.734146 0.027165 0.039024
156 0.283531 0.691463 0.027165 0.034146
143 0.284380 0.647561 0.025467 0.034146
65 0.284380 0.606098 0.030560 0.043902
473 0.286078 0.560976 0.027165 0.039024
22 0.286078 0.514634 0.027165 0.043902
15 0.286927 0.473171 0.032258 0.034146
476 0.288625 0.428049 0.023769 0.043902
22 0.289474 0.380488 0.027165 0.041463
133 0.290323 0.339024 0.030560 0.036585
444 0.289474 0.298780 0.028862 0.039024
127 0.292020 0.258537 0.030560 0.029268
29 0.294567 0.220732 0.028862 0.041463
28 0.295416 0.095122 0.027165 0.036585
277 0.322581 0.873171 0.030560 0.041463
33 0.323430 0.830488 0.027165 0.026829
19 0.324278 0.789024 0.032258 0.041463
305 0.326825 0.745122 0.032258 0.039024
127 0.326825 0.696341 0.028862 0.043902
29 0.328523 0.651220 0.030560 0.034146
28 0.329372 0.613415 0.025467 0.034146
115 0.329372 0.567073 0.027165 0.041463
28 0.333616 0.519512 0.028862 0.039024
71 0.332767 0.478049 0.025467 0.034146
254 0.334465 0.442683 0.022071 0.031707
65 0.336163 0.407317 0.028862 0.031707
22 0.336163 0.371951 0.025467 0.031707
64 0.337861 0.335366 0.020374 0.031707
13 0.337861 0.302439 0.023769 0.029268
176 0.337012 0.254878 0.028862 0.048780
64 0.337861 0.207317 0.028862 0.036585
475 0.338710 0.169512 0.032258 0.031707
6 0.339559 0.134146 0.032258 0.034146
315 0.340407 0.096341 0.030560 0.034146
254 0.367572 0.960976 0.027165 0.024390
65 0.369270 0.930488 0.027165 0.029268
64 0.370968 0.892683 0.025467 0.036585
22 0.370968 0.852439 0.028862 0.036585
156 0.370119 0.818293 0.025467 0.029268
143 0.371817 0.785366 0.020374 0.026829
473 0.371817 0.756098 0.023769 0.026829
15 0.375212 0.712195 0.027165 0.046341
128 0.374363 0.664634 0.027165 0.039024
33 0.376061 0.617073 0.023769 0.041463
393 0.376061 0.576829 0.028862 0.034146
249 0.376910 0.535366 0.025467 0.043902
68 0.378608 0.487805 0.025467 0.034146
136 0.379457 0.451220 0.027165 0.034146
19 0.379457 0.412195 0.032258 0.031707
29 0.379457 0.375610 0.025467 0.034146
28 0.380306 0.342683 0.022071 0.029268
395 0.381154 0.310976 0.022071 0.026829
131 0.382003 0.274390 0.028862 0.041463
117 0.382003 0.230488 0.023769 0.039024
135 0.382003 0.186585 0.028862 0.041463
224 0.382852 0.143902 0.032258 0.041463
474 0.383701 0.101220 0.025467 0.039024
65 0.415959 0.956098 0.022071 0.031707
64 0.415959 0.937805 0.022071 0.031707
109 0.415959 0.898780 0.023769 0.043902
202 0.419355 0.852439 0.030560 0.039024
156 0.417657 0.815854 0.023769 0.021951
143 0.418506 0.782927 0.028862 0.031707
473 0.419355 0.746341 0.023769 0.026829
252 0.418506 0.708537 0.028862 0.039024
133 0.420204 0.659756 0.023769 0.043902
19 0.421902 0.615854 0.030560 0.039024
29 0.423599 0.575610 0.023769 0.041463
28 0.421902 0.530488 0.030560 0.041463
13 0.423599 0.491463 0.022071 0.034146
18 0.424448 0.458537 0.028862 0.024390
80 0.425297 0.426829 0.032258 0.031707
29 0.426995 0.391463 0.023769 0.034146
28 0.426995 0.353659 0.027165 0.036585
161 0.426995 0.317073 0.022071 0.031707
56 0.427844 0.280488 0.028862 0.034146
2 0.427844 0.241463 0.023769 0.039024
133 0.426995 0.201220 0.028862 0.039024
10 0.427844 0.165854 0.022071 0.034146
9 0.428693 0.134146 0.027165 0.024390
62 0.427844 0.101220 0.027165 0.034146
19 0.464346 0.953659 0.025467 0.031707
19 0.463497 0.917073 0.030560 0.034146
19 0.463497 0.878049 0.030560 0.024390
19 0.463497 0.846341 0.027165 0.031707
19 0.464346 0.806098 0.023769 0.036585
19 0.465195 0.768293 0.025467 0.029268
19 0.467742 0.735366 0.025467 0.021951
19 0.466893 0.700000 0.027165 0.036585
19 0.468591 0.651220 0.030560 0.043902
19 0.468591 0.606098 0.023769 0.039024
305 0.468591 0.567073 0.030560 0.034146
127 0.468591 0.526829 0.030560 0.039024
29 0.468591 0.490244 0.025467 0.031707
28 0.469440 0.447561 0.025467 0.041463
6 0.470289 0.400000 0.025467 0.043902
5 0.472835 0.353659 0.027165 0.029268
25 0.472835 0.321951 0.028862 0.031707
2 0.472835 0.282927 0.030560 0.041463
1 0.473684 0.240244 0.027165 0.031707
472 0.765705 0.960976 0.027165 0.024390
472 0.765705 0.934146 0.027165 0.026829
472 0.764856 0.904878 0.027165 0.029268
26 0.764856 0.869512 0.027165 0.031707
165 0.765705 0.836585 0.025467 0.029268
29 0.764007 0.800000 0.030560 0.034146
471 0.764007 0.762195 0.027165 0.029268
29 0.764007 0.726829 0.028862 0.034146
275 0.763158 0.682927 0.032258 0.041463
470 0.759762 0.639024 0.027165 0.036585
328 0.761460 0.597561 0.032258 0.036585
68 0.761460 0.557317 0.028862 0.046341
52 0.758065 0.512195 0.027165 0.036585
89 0.758913 0.464634 0.023769 0.046341
127 0.756367 0.418293 0.027165 0.034146
29 0.756367 0.268293 0.028862 0.024390
127 0.814941 0.929268 0.025467 0.024390
127 0.814941 0.900000 0.022071 0.029268
127 0.814092 0.869512 0.022071 0.024390
127 0.811545 0.835366 0.027165 0.034146
127 0.812394 0.800000 0.028862 0.029268
127 0.812394 0.764634 0.028862 0.036585
127 0.811545 0.723171 0.027165 0.041463
29 0.808998 0.682927 0.027165 0.036585
28 0.807301 0.641463 0.028862 0.039024
13 0.807301 0.601220 0.028862 0.034146
105 0.807301 0.564634 0.028862 0.031707
83 0.806452 0.521951 0.028862 0.046341
469 0.806452 0.481707 0.032258 0.026829
26 0.804754 0.445122 0.032258 0.041463
52 0.803056 0.371951 0.027165 0.034146
182 0.804754 0.335366 0.027165 0.029268
140 0.804754 0.301220 0.033956 0.029268
17 0.801358 0.265854 0.025467 0.029268
16 0.801358 0.235366 0.022071 0.029268
405 0.799660 0.206098 0.023769 0.026829
15 0.799660 0.169512 0.028862 0.036585
22 0.798812 0.132927 0.028862 0.024390
161 0.799660 0.100000 0.027165 0.031707
444 0.863328 0.930488 0.027165 0.031707
212 0.861630 0.898780 0.022071 0.026829
69 0.860781 0.869512 0.022071 0.031707
91 0.860781 0.837805 0.027165 0.031707
210 0.859932 0.808537 0.030560 0.026829
69 0.860781 0.765854 0.030560 0.046341
91 0.859932 0.724390 0.028862 0.026829
466 0.858234 0.685366 0.030560 0.041463
13 0.859932 0.639024 0.030560 0.039024
26 0.857385 0.596341 0.027165 0.034146
54 0.857385 0.559756 0.027165 0.031707
142 0.855688 0.520732 0.030560 0.043902
153 0.853990 0.478049 0.028862 0.026829
139 0.853141 0.446341 0.028862 0.026829
468 0.851443 0.412195 0.028862 0.031707
75 0.852292 0.380488 0.022071 0.029268
158 0.850594 0.348780 0.023769 0.026829
13 0.851443 0.315854 0.022071 0.029268
183 0.850594 0.281707 0.025467 0.036585
467 0.849745 0.241463 0.028862 0.041463
65 0.848048 0.202439 0.028862 0.026829
103 0.848896 0.170732 0.028862 0.026829
127 0.848896 0.135366 0.027165 0.036585
29 0.848048 0.098780 0.023769 0.036585
440 0.910866 0.946341 0.028862 0.031707
33 0.910017 0.919512 0.027165 0.024390
127 0.908319 0.889024 0.030560 0.029268
29 0.909168 0.856098 0.023769 0.029268
28 0.910017 0.817073 0.025467 0.041463
268 0.910017 0.767073 0.028862 0.043902
343 0.908319 0.719512 0.023769 0.036585
69 0.907470 0.679268 0.030560 0.041463
48 0.904924 0.635366 0.025467 0.039024
26 0.904924 0.598780 0.028862 0.026829
64 0.904924 0.563415 0.027165 0.031707
47 0.904924 0.525610 0.028862 0.031707
127 0.904075 0.492683 0.030560 0.029268
29 0.904075 0.456098 0.027165 0.036585
28 0.903226 0.415854 0.030560 0.034146
72 0.905772 0.381707 0.032258 0.026829
214 0.902377 0.347561 0.025467 0.031707
26 0.904075 0.312195 0.028862 0.029268
157 0.903226 0.281707 0.030560 0.029268
69 0.901528 0.251220 0.027165 0.026829
75 0.899830 0.224390 0.023769 0.026829
135 0.898981 0.184146 0.028862 0.041463
115 0.898981 0.140244 0.032258 0.039024
453 0.898981 0.096341 0.028862 0.036585
105 0.957555 0.935366 0.032258 0.041463
105 0.955008 0.895122 0.028862 0.036585
439 0.955008 0.851220 0.027165 0.039024
438 0.955857 0.813415 0.027165 0.031707
465 0.954160 0.780488 0.028862 0.026829
15 0.955008 0.743902 0.028862 0.031707
117 0.954160 0.703659 0.030560 0.041463
0 0.954160 0.660976 0.027165 0.031707
464 0.954160 0.630488 0.028862 0.029268
440 0.955008 0.596341 0.025467 0.029268
33 0.954160 0.560976 0.027165 0.034146
437 0.954160 0.523171 0.025467 0.031707
436 0.952462 0.484146 0.027165 0.034146
463 0.954160 0.446341 0.032258 0.029268
343 0.953311 0.414634 0.027165 0.029268
26 0.953311 0.382927 0.025467 0.029268
64 0.950764 0.352439 0.027165 0.031707
13 0.951613 0.315854 0.025467 0.034146
444 0.951613 0.285366 0.028862 0.026829
453 0.951613 0.252439 0.030560 0.039024
452 0.951613 0.213415 0.030560 0.029268
440 0.949066 0.171951 0.028862 0.039024
52 0.947368 0.131707 0.028862 0.036585
33 0.948217 0.095122 0.030560 0.031707
