166 0.117188 0.933806 0.026042 0.026005
1247 0.116319 0.905437 0.027778 0.026005
133 0.116319 0.874704 0.024306 0.030733
44 0.116319 0.841608 0.029514 0.033097
163 0.117188 0.806147 0.024306 0.033097
1583 0.117188 0.774232 0.020833 0.030733
67 0.114583 0.742317 0.027778 0.030733
44 0.117188 0.706856 0.026042 0.035461
421 0.116319 0.672577 0.020833 0.030733
106 0.116319 0.637116 0.027778 0.037825
83 0.117188 0.598109 0.022569 0.033097
889 0.116319 0.568558 0.026042 0.023641
1178 0.116319 0.533097 0.022569 0.040189
1582 0.119792 0.492908 0.031250 0.033097
1149 0.119792 0.459811 0.027778 0.033097
108 0.122396 0.427896 0.029514 0.033097
67 0.121528 0.394799 0.029514 0.037825
524 0.121528 0.352246 0.031250 0.040189
286 0.119792 0.312057 0.031250 0.040189
109 0.119792 0.267139 0.034722 0.044917
163 0.120660 0.223404 0.024306 0.037825
100 0.120660 0.189125 0.029514 0.030733
44 0.118056 0.156028 0.027778 0.035461
421 0.117188 0.117021 0.027778 0.037825
106 0.164931 0.934988 0.031250 0.026005
106 0.164931 0.900709 0.032986 0.035461
693 0.165799 0.862884 0.029514 0.035461
1356 0.164931 0.823877 0.032986 0.033097
100 0.163194 0.781324 0.034722 0.044917
44 0.167535 0.739953 0.032986 0.028369
150 0.166667 0.709220 0.032986 0.030733
42 0.167535 0.676123 0.026042 0.033097
87 0.167535 0.640662 0.027778 0.035461
30 0.169271 0.604019 0.026042 0.035461
464 0.168403 0.565012 0.024306 0.037825
77 0.167535 0.528369 0.034722 0.030733
1581 0.166667 0.495272 0.032986 0.030733
68 0.167535 0.456265 0.029514 0.042553
1478 0.166667 0.419622 0.031250 0.028369
44 0.168403 0.388889 0.032986 0.028369
163 0.167535 0.359338 0.029514 0.030733
46 0.168403 0.328605 0.027778 0.026005
1040 0.167535 0.302600 0.027778 0.028369
1039 0.168403 0.265957 0.032986 0.042553
221 0.170139 0.225768 0.034722 0.030733
46 0.168403 0.192671 0.034722 0.033097
180 0.168403 0.163121 0.031250 0.030733
78 0.169271 0.121749 0.034722 0.044917
338 0.214410 0.918440 0.034722 0.052009
68 0.214410 0.868794 0.031250 0.035461
44 0.215278 0.822695 0.032986 0.047281
1524 0.215278 0.774232 0.034722 0.042553
15 0.213542 0.730496 0.032986 0.033097
719 0.215278 0.690307 0.036458 0.040189
1580 0.214410 0.651300 0.034722 0.030733
605 0.217882 0.618203 0.031250 0.028369
621 0.217882 0.586288 0.032986 0.030733
44 0.217014 0.554374 0.031250 0.028369
163 0.217014 0.524823 0.027778 0.028369
147 0.215278 0.495272 0.029514 0.030733
100 0.217014 0.460993 0.029514 0.030733
44 0.217882 0.430260 0.027778 0.030733
150 0.217014 0.392435 0.032986 0.035461
223 0.218750 0.355792 0.027778 0.033097
1579 0.218750 0.317967 0.032986 0.035461
276 0.217882 0.286052 0.027778 0.026005
44 0.219618 0.256501 0.029514 0.035461
1030 0.219618 0.221040 0.031250 0.030733
44 0.217882 0.189125 0.032986 0.028369
163 0.220486 0.157210 0.032986 0.033097
44 0.218750 0.119385 0.027778 0.037825
88 0.264757 0.927896 0.032986 0.035461
88 0.263021 0.887707 0.027778 0.040189
88 0.263021 0.848700 0.029514 0.035461
88 0.263021 0.814421 0.032986 0.026005
87 0.264757 0.781324 0.032986 0.037825
43 0.264757 0.742317 0.029514 0.037825
338 0.266493 0.700946 0.026042 0.037825
658 0.267361 0.666667 0.031250 0.026005
252 0.264757 0.634752 0.031250 0.035461
1569 0.266493 0.593381 0.027778 0.033097
91 0.265625 0.552009 0.031250 0.040189
199 0.266493 0.505910 0.026042 0.042553
1331 0.266493 0.460993 0.031250 0.042553
652 0.266493 0.420804 0.029514 0.033097
182 0.265625 0.386525 0.029514 0.033097
38 0.267361 0.355792 0.026042 0.028369
37 0.265625 0.326241 0.026042 0.033097
1331 0.266493 0.283688 0.029514 0.047281
652 0.268229 0.238771 0.029514 0.037825
28 0.266493 0.198582 0.031250 0.040189
44 0.269097 0.154846 0.031250 0.035461
1578 0.267361 0.115839 0.026042 0.035461
199 0.313368 0.912530 0.031250 0.042553
36 0.313368 0.866430 0.031250 0.037825
44 0.314236 0.825059 0.027778 0.033097
182 0.314236 0.790780 0.031250 0.026005
38 0.315104 0.756501 0.027778 0.030733
37 0.314236 0.722222 0.032986 0.035461
36 0.311632 0.689125 0.029514 0.026005
44 0.312500 0.659574 0.024306 0.030733
1323 0.312500 0.624113 0.031250 0.035461
937 0.314236 0.588652 0.032986 0.033097
80 0.315972 0.547281 0.027778 0.035461
1003 0.315104 0.504728 0.029514 0.042553
495 0.315972 0.458629 0.031250 0.040189
318 0.313368 0.424350 0.024306 0.026005
146 0.315104 0.393617 0.026042 0.033097
294 0.314236 0.353428 0.027778 0.042553
281 0.314236 0.312057 0.024306 0.042553
43 0.314236 0.274232 0.029514 0.035461
182 0.315972 0.238771 0.027778 0.035461
38 0.315972 0.198582 0.029514 0.040189
37 0.315972 0.158392 0.027778 0.035461
368 0.316840 0.119385 0.026042 0.037825
620 0.360243 0.917258 0.031250 0.030733
284 0.361111 0.890071 0.027778 0.028369
643 0.361111 0.859338 0.026042 0.028369
113 0.361111 0.821513 0.026042 0.040189
83 0.360243 0.778960 0.027778 0.040189
293 0.360243 0.739953 0.031250 0.033097
43 0.361979 0.702128 0.027778 0.040189
294 0.361111 0.665485 0.024306 0.033097
1036 0.361979 0.626478 0.029514 0.040189
268 0.361979 0.587470 0.029514 0.037825
774 0.361979 0.543735 0.031250 0.049645
67 0.361979 0.500000 0.034722 0.037825
1577 0.362847 0.460993 0.027778 0.037825
91 0.361979 0.423168 0.029514 0.037825
199 0.363715 0.380615 0.031250 0.040189
221 0.364583 0.341608 0.027778 0.033097
77 0.364583 0.310875 0.024306 0.030733
257 0.364583 0.274232 0.027778 0.037825
231 0.365451 0.236407 0.034722 0.040189
122 0.364583 0.195035 0.031250 0.035461
68 0.363715 0.159574 0.031250 0.033097
146 0.362847 0.120567 0.029514 0.040189
166 0.407118 0.908983 0.024306 0.028369
166 0.405382 0.879433 0.026042 0.026005
166 0.408854 0.849882 0.026042 0.030733
368 0.406250 0.822695 0.024306 0.021277
430 0.407986 0.790780 0.027778 0.033097
153 0.407118 0.756501 0.027778 0.028369
1576 0.407986 0.726950 0.026042 0.021277
21 0.405382 0.702128 0.026042 0.028369
824 0.405382 0.674941 0.024306 0.030733
68 0.406250 0.641844 0.022569 0.030733
146 0.405382 0.609929 0.027778 0.028369
64 0.406250 0.579196 0.026042 0.030733
116 0.406250 0.546099 0.022569 0.030733
136 0.404514 0.515366 0.024306 0.026005
1476 0.405382 0.484634 0.029514 0.033097
154 0.406250 0.447991 0.029514 0.035461
221 0.406250 0.410165 0.022569 0.030733
77 0.407118 0.380615 0.020833 0.023641
230 0.406250 0.348700 0.020833 0.035461
66 0.407986 0.320331 0.024306 0.021277
587 0.405382 0.287234 0.026042 0.040189
122 0.405382 0.247045 0.022569 0.033097
129 0.406250 0.211584 0.024306 0.028369
166 0.406250 0.179669 0.026042 0.033097
100 0.405382 0.147754 0.024306 0.026005
43 0.405382 0.118203 0.022569 0.026005
587 0.445312 0.905437 0.020833 0.023641
122 0.446181 0.880615 0.022569 0.023641
1575 0.445312 0.854610 0.022569 0.026005
136 0.446181 0.823877 0.022569 0.033097
113 0.445312 0.787234 0.024306 0.028369
507 0.446181 0.748227 0.024306 0.037825
44 0.445312 0.709220 0.020833 0.035461
100 0.445312 0.673759 0.022569 0.030733
146 0.446181 0.643026 0.022569 0.023641
201 0.445312 0.607565 0.022569 0.035461
200 0.444444 0.567376 0.019097 0.035461
100 0.445312 0.529551 0.020833 0.030733
260 0.444444 0.497636 0.022569 0.030733
136 0.443576 0.465721 0.019097 0.028369
303 0.443576 0.439716 0.017361 0.026005
159 0.443576 0.411348 0.017361 0.030733
495 0.442708 0.365248 0.017361 0.037825
318 0.441840 0.327423 0.020833 0.030733
83 0.442708 0.294326 0.020833 0.033097
112 0.442708 0.261229 0.019097 0.026005
284 0.441840 0.231678 0.020833 0.033097
136 0.441840 0.200946 0.020833 0.028369
66 0.441840 0.170213 0.017361 0.028369
38 0.441840 0.137116 0.019097 0.030733
507 0.475694 0.776596 0.019097 0.030733
44 0.473958 0.741135 0.017361 0.023641
21 0.474826 0.710402 0.017361 0.028369
201 0.474826 0.684397 0.019097 0.021277
200 0.474826 0.657210 0.017361 0.026005
1288 0.611111 0.830969 0.027778 0.037825
21 0.609375 0.794326 0.019097 0.030733
479 0.606771 0.756501 0.022569 0.035461
28 0.606771 0.722222 0.026042 0.028369
643 0.606771 0.690307 0.026042 0.030733
1574 0.605035 0.654846 0.027778 0.033097
421 0.602431 0.617021 0.026042 0.033097
43 0.600694 0.574468 0.027778 0.042553
251 0.598090 0.530733 0.026042 0.035461
628 0.598090 0.491726 0.027778 0.035461
133 0.594618 0.451537 0.027778 0.035461
464 0.592882 0.414894 0.027778 0.028369
294 0.747396 0.919622 0.031250 0.028369
43 0.746528 0.893617 0.029514 0.030733
647 0.743056 0.860520 0.027778 0.026005
153 0.741319 0.825059 0.026042 0.033097
495 0.740451 0.790780 0.020833 0.028369
463 0.736111 0.760047 0.024306 0.030733
318 0.737847 0.726950 0.027778 0.033097
750 0.735243 0.692671 0.022569 0.033097
78 0.734375 0.658392 0.022569 0.037825
495 0.732639 0.618203 0.032986 0.035461
318 0.730035 0.576832 0.026042 0.040189
83 0.729167 0.508274 0.027778 0.030733
110 0.815972 0.457447 0.031250 0.040189
510 0.814236 0.417258 0.031250 0.030733
178 0.813368 0.380615 0.024306 0.037825
1573 0.812500 0.343972 0.027778 0.030733
193 0.813368 0.308511 0.029514 0.030733
564 0.809028 0.271868 0.026042 0.030733
479 0.805556 0.235225 0.024306 0.030733
266 0.804688 0.200946 0.024306 0.030733
64 0.802083 0.165485 0.024306 0.030733
1569 0.799479 0.134752 0.024306 0.026005
91 0.800347 0.101655 0.027778 0.028369
43 0.852431 0.248227 0.029514 0.035461
163 0.852431 0.212766 0.026042 0.026005
876 0.851562 0.178487 0.027778 0.030733
470 0.849826 0.145390 0.029514 0.028369
138 0.848090 0.106383 0.027778 0.040189
