22 0.269097 0.459811 0.031250 0.040189
64 0.269965 0.418440 0.034722 0.042553
83 0.269965 0.374704 0.024306 0.035461
258 0.272569 0.336879 0.032986 0.040189
257 0.271701 0.300236 0.032986 0.030733
136 0.274306 0.264775 0.032986 0.040189
30 0.275174 0.222222 0.024306 0.035461
552 0.306424 0.913712 0.029514 0.040189
818 0.306424 0.874704 0.029514 0.030733
817 0.306424 0.843972 0.029514 0.035461
120 0.306424 0.765957 0.027778 0.037825
109 0.309896 0.728132 0.031250 0.037825
795 0.309896 0.695035 0.020833 0.028369
75 0.311632 0.665485 0.027778 0.030733
158 0.310764 0.627660 0.029514 0.042553
10 0.312500 0.588652 0.031250 0.037825
9 0.312500 0.550827 0.029514 0.035461
188 0.313368 0.511820 0.029514 0.042553
68 0.315972 0.470449 0.032986 0.033097
75 0.316840 0.437352 0.027778 0.033097
158 0.317708 0.401891 0.027778 0.033097
46 0.317708 0.371158 0.020833 0.026005
148 0.319444 0.342790 0.024306 0.030733
816 0.321181 0.307329 0.032986 0.033097
64 0.322049 0.273050 0.029514 0.035461
262 0.322917 0.234043 0.031250 0.040189
262 0.355035 0.932624 0.024306 0.026005
54 0.357639 0.905437 0.029514 0.026005
142 0.357639 0.872340 0.026042 0.035461
153 0.355903 0.835697 0.022569 0.030733
303 0.355903 0.799054 0.029514 0.035461
300 0.355903 0.767139 0.024306 0.030733
201 0.356771 0.735225 0.026042 0.030733
570 0.358507 0.704492 0.026042 0.026005
262 0.359375 0.673759 0.027778 0.030733
133 0.361111 0.638298 0.031250 0.033097
262 0.361979 0.605201 0.024306 0.030733
300 0.362847 0.575650 0.032986 0.028369
22 0.363715 0.543735 0.031250 0.033097
814 0.366319 0.504728 0.031250 0.037825
282 0.365451 0.469267 0.032986 0.030733
813 0.366319 0.440898 0.027778 0.026005
271 0.368924 0.407801 0.029514 0.035461
349 0.368924 0.372340 0.029514 0.033097
785 0.369792 0.336879 0.024306 0.030733
274 0.370660 0.301418 0.029514 0.035461
262 0.371528 0.267139 0.029514 0.030733
54 0.371528 0.231678 0.026042 0.035461
815 0.373264 0.193853 0.031250 0.033097
262 0.373264 0.153664 0.032986 0.042553
33 0.373264 0.115839 0.034722 0.037825
282 0.401910 0.929078 0.026042 0.028369
224 0.402778 0.898345 0.032986 0.030733
64 0.403646 0.858156 0.031250 0.044917
814 0.406250 0.816785 0.031250 0.030733
282 0.405382 0.786052 0.026042 0.030733
813 0.407118 0.757683 0.024306 0.026005
197 0.405382 0.729314 0.027778 0.026005
262 0.407986 0.696217 0.029514 0.035461
106 0.410590 0.664303 0.029514 0.028369
52 0.410590 0.630024 0.032986 0.037825
105 0.410590 0.596927 0.032986 0.028369
110 0.411458 0.529551 0.029514 0.030733
795 0.413194 0.494090 0.031250 0.040189
75 0.413194 0.453901 0.026042 0.035461
158 0.413194 0.421986 0.027778 0.028369
120 0.414062 0.391253 0.027778 0.028369
22 0.416667 0.358156 0.027778 0.035461
64 0.417535 0.320331 0.026042 0.035461
182 0.416667 0.286052 0.027778 0.030733
140 0.416667 0.252955 0.029514 0.035461
6 0.418403 0.216312 0.026042 0.030733
3 0.419271 0.183215 0.024306 0.033097
20 0.451389 0.931442 0.022569 0.023641
139 0.453125 0.868794 0.024306 0.033097
163 0.453993 0.839243 0.024306 0.023641
174 0.453125 0.803783 0.027778 0.037825
127 0.455729 0.764775 0.027778 0.030733
29 0.456597 0.735225 0.022569 0.026005
28 0.457465 0.710402 0.027778 0.028369
2 0.458333 0.678487 0.026042 0.033097
133 0.458333 0.645390 0.022569 0.028369
51 0.460069 0.609929 0.029514 0.037825
9 0.460938 0.572104 0.027778 0.035461
62 0.460938 0.536643 0.027778 0.033097
33 0.461806 0.500000 0.027778 0.035461
809 0.463542 0.465721 0.026042 0.030733
808 0.463542 0.434988 0.027778 0.033097
75 0.462674 0.400709 0.027778 0.037825
158 0.465278 0.367612 0.024306 0.028369
574 0.464410 0.338061 0.022569 0.030733
160 0.465278 0.306147 0.026042 0.030733
159 0.464410 0.276596 0.027778 0.028369
176 0.464410 0.245863 0.026042 0.033097
26 0.466146 0.210402 0.027778 0.035461
64 0.465278 0.173759 0.026042 0.033097
80 0.465278 0.132388 0.024306 0.044917
201 0.727431 0.906619 0.024306 0.033097
33 0.727431 0.875887 0.022569 0.028369
468 0.727431 0.846336 0.027778 0.026005
75 0.725694 0.813239 0.026042 0.030733
158 0.723958 0.778960 0.029514 0.033097
13 0.722222 0.739953 0.029514 0.035461
688 0.722222 0.702128 0.026042 0.030733
83 0.719618 0.665485 0.026042 0.033097
65 0.719618 0.631206 0.026042 0.030733
109 0.720486 0.591017 0.024306 0.040189
795 0.718750 0.554374 0.027778 0.030733
75 0.719618 0.515366 0.031250 0.040189
154 0.775174 0.914894 0.022569 0.026005
52 0.774306 0.882979 0.029514 0.035461
268 0.773438 0.845154 0.026042 0.033097
728 0.772569 0.809693 0.032986 0.033097
154 0.772569 0.774232 0.022569 0.033097
183 0.770833 0.744681 0.020833 0.023641
530 0.770833 0.711584 0.029514 0.033097
26 0.768229 0.676123 0.027778 0.028369
64 0.767361 0.639480 0.027778 0.035461
34 0.767361 0.608747 0.022569 0.026005
203 0.767361 0.579196 0.027778 0.030733
19 0.766493 0.548463 0.031250 0.028369
29 0.765625 0.517730 0.026042 0.033097
117 0.763889 0.482270 0.024306 0.030733
4 0.763889 0.451537 0.027778 0.030733
142 0.763889 0.410165 0.031250 0.047281
171 0.763021 0.366430 0.029514 0.040189
170 0.763021 0.325059 0.026042 0.035461
75 0.763021 0.287234 0.029514 0.037825
4 0.760417 0.249409 0.032986 0.035461
13 0.759549 0.218676 0.029514 0.026005
127 0.758681 0.190307 0.032986 0.028369
29 0.758681 0.163121 0.029514 0.023641
28 0.756076 0.133570 0.027778 0.033097
64 0.756076 0.102837 0.031250 0.030733
224 0.823785 0.907801 0.020833 0.035461
26 0.822049 0.874704 0.020833 0.026005
64 0.821181 0.846336 0.022569 0.028369
261 0.821181 0.813239 0.024306 0.033097
256 0.820312 0.775414 0.027778 0.035461
133 0.819444 0.726950 0.029514 0.049645
268 0.817708 0.680851 0.029514 0.030733
35 0.817708 0.645390 0.027778 0.035461
69 0.815972 0.609929 0.022569 0.033097
15 0.815972 0.575650 0.029514 0.035461
26 0.814236 0.534279 0.031250 0.040189
106 0.814236 0.489362 0.024306 0.037825
26 0.813368 0.451537 0.031250 0.037825
532 0.812500 0.412530 0.029514 0.035461
525 0.812500 0.377069 0.027778 0.030733
178 0.811632 0.343972 0.031250 0.030733
812 0.810764 0.316785 0.031250 0.023641
142 0.810764 0.290780 0.027778 0.028369
210 0.809028 0.256501 0.027778 0.033097
154 0.808160 0.224586 0.022569 0.026005
812 0.809028 0.193853 0.024306 0.033097
13 0.807292 0.161939 0.022569 0.030733
268 0.805556 0.130024 0.024306 0.030733
482 0.871528 0.913712 0.022569 0.026005
120 0.871528 0.884161 0.027778 0.028369
109 0.870660 0.853428 0.024306 0.026005
26 0.870660 0.817967 0.027778 0.037825
68 0.869792 0.780142 0.027778 0.037825
34 0.867188 0.702128 0.029514 0.040189
285 0.865451 0.660757 0.031250 0.037825
64 0.863715 0.620567 0.022569 0.035461
130 0.863715 0.580378 0.031250 0.037825
129 0.863715 0.544917 0.022569 0.028369
20 0.863715 0.514184 0.029514 0.033097
611 0.863715 0.482270 0.027778 0.030733
26 0.863715 0.447991 0.024306 0.035461
64 0.864583 0.411348 0.029514 0.030733
127 0.861111 0.374704 0.027778 0.035461
811 0.861979 0.336879 0.029514 0.037825
29 0.860243 0.303783 0.031250 0.028369
28 0.858507 0.276596 0.026042 0.026005
28 0.858507 0.248227 0.022569 0.026005
67 0.855903 0.219858 0.022569 0.030733
191 0.856771 0.189125 0.029514 0.028369
115 0.856771 0.160757 0.031250 0.026005
187 0.854167 0.133570 0.022569 0.026005
186 0.853299 0.102837 0.022569 0.033097
154 0.916667 0.903073 0.027778 0.033097
91 0.914931 0.867612 0.026042 0.028369
728 0.914931 0.839243 0.022569 0.028369
201 0.914931 0.808511 0.026042 0.028369
109 0.914062 0.764775 0.027778 0.042553
795 0.912326 0.724586 0.024306 0.030733
75 0.911458 0.691489 0.031250 0.033097
158 0.913194 0.659574 0.024306 0.030733
27 0.912326 0.630024 0.026042 0.028369
26 0.910590 0.601655 0.026042 0.028369
111 0.910590 0.572104 0.026042 0.026005
728 0.908854 0.542553 0.022569 0.028369
107 0.908854 0.514184 0.026042 0.026005
133 0.908854 0.486998 0.026042 0.028369
794 0.908854 0.455083 0.024306 0.030733
793 0.907118 0.424350 0.022569 0.028369
80 0.906250 0.392435 0.026042 0.030733
15 0.907986 0.354610 0.029514 0.037825
386 0.905382 0.317967 0.027778 0.033097
385 0.903646 0.281324 0.024306 0.030733
19 0.903646 0.247045 0.031250 0.035461
29 0.903646 0.210402 0.029514 0.033097
28 0.903646 0.173759 0.026042 0.033097
13 0.903646 0.132388 0.029514 0.033097
498 0.902778 0.098109 0.029514 0.030733
