64 0.240582 0.481928 0.030822 0.031325
80 0.240582 0.448193 0.029110 0.036145
133 0.242295 0.404819 0.032534 0.043373
63 0.243151 0.365060 0.025685 0.028916
138 0.246575 0.328916 0.025685 0.036145
127 0.248288 0.287952 0.029110 0.036145
29 0.246575 0.250602 0.025685 0.033735
28 0.248288 0.214458 0.029110 0.031325
195 0.248288 0.179518 0.030822 0.031325
136 0.276541 0.813253 0.030822 0.033735
135 0.277397 0.773494 0.025685 0.036145
107 0.277397 0.733735 0.029110 0.033735
127 0.281678 0.690361 0.030822 0.043373
29 0.282534 0.644578 0.027397 0.040964
28 0.283390 0.600000 0.029110 0.038554
75 0.285103 0.555422 0.029110 0.043373
54 0.284247 0.515663 0.029110 0.031325
201 0.285959 0.483133 0.027397 0.028916
56 0.286815 0.449398 0.023973 0.033735
337 0.287671 0.413253 0.025685 0.031325
76 0.290240 0.379518 0.032534 0.036145
28 0.290240 0.338554 0.025685 0.038554
75 0.291096 0.290361 0.029110 0.040964
60 0.292808 0.249398 0.029110 0.031325
27 0.291096 0.215663 0.027397 0.031325
26 0.293664 0.178313 0.025685 0.036145
133 0.319349 0.824096 0.027397 0.038554
26 0.321918 0.780723 0.029110 0.036145
13 0.321918 0.742169 0.030822 0.031325
110 0.321918 0.707229 0.023973 0.031325
75 0.323630 0.677108 0.020548 0.024096
737 0.324486 0.646988 0.022260 0.028916
425 0.326199 0.613253 0.032534 0.028916
312 0.327055 0.574699 0.029110 0.040964
127 0.328767 0.533735 0.029110 0.036145
29 0.327911 0.502410 0.023973 0.026506
65 0.329623 0.469880 0.030822 0.036145
26 0.330479 0.432530 0.029110 0.031325
33 0.330479 0.401205 0.025685 0.031325
110 0.333048 0.368675 0.025685 0.028916
7 0.333048 0.339759 0.023973 0.026506
132 0.334760 0.308434 0.025685 0.026506
280 0.336473 0.274699 0.029110 0.031325
68 0.338185 0.239759 0.027397 0.031325
110 0.367295 0.845783 0.030822 0.040964
737 0.366438 0.806024 0.027397 0.033735
425 0.366438 0.768675 0.023973 0.031325
69 0.367295 0.733735 0.018836 0.031325
121 0.367295 0.701205 0.025685 0.031325
13 0.371575 0.662651 0.023973 0.036145
110 0.373288 0.622892 0.027397 0.036145
7 0.372432 0.589157 0.023973 0.026506
132 0.374144 0.554217 0.030822 0.033735
201 0.374144 0.521687 0.023973 0.026506
312 0.375000 0.487952 0.030822 0.033735
476 0.375000 0.444578 0.023973 0.040964
28 0.378425 0.404819 0.025685 0.033735
196 0.379281 0.367470 0.030822 0.033735
223 0.378425 0.337349 0.022260 0.024096
103 0.378425 0.298795 0.023973 0.043373
33 0.380993 0.256627 0.022260 0.036145
349 0.385274 0.216867 0.027397 0.038554
280 0.384418 0.175904 0.032534 0.038554
52 0.383562 0.138554 0.030822 0.028916
407 0.383562 0.103614 0.025685 0.031325
728 0.410103 0.927711 0.030822 0.036145
683 0.410103 0.892771 0.027397 0.031325
268 0.410103 0.857831 0.027397 0.033735
743 0.411815 0.822892 0.025685 0.033735
43 0.412671 0.789157 0.025685 0.026506
476 0.414384 0.754217 0.030822 0.038554
713 0.416096 0.709639 0.022260 0.040964
712 0.416952 0.666265 0.027397 0.040964
85 0.416952 0.624096 0.029110 0.036145
34 0.416952 0.587952 0.032534 0.026506
56 0.417808 0.556627 0.029110 0.031325
63 0.418664 0.522892 0.029110 0.031325
29 0.418664 0.492771 0.023973 0.021687
47 0.422089 0.460241 0.023973 0.036145
64 0.424658 0.416867 0.027397 0.040964
110 0.424658 0.378313 0.029110 0.031325
11 0.425514 0.340964 0.030822 0.040964
246 0.427226 0.297590 0.025685 0.043373
312 0.426370 0.259036 0.023973 0.031325
127 0.425514 0.221687 0.025685 0.038554
29 0.425514 0.177108 0.025685 0.036145
28 0.428938 0.139759 0.027397 0.026506
33 0.428938 0.107229 0.029110 0.033735
60 0.750856 0.927711 0.032534 0.028916
499 0.749144 0.898795 0.030822 0.028916
60 0.749144 0.867470 0.034247 0.033735
127 0.749144 0.825301 0.032534 0.038554
29 0.748288 0.777108 0.029110 0.040964
28 0.747432 0.734940 0.030822 0.033735
26 0.746575 0.691566 0.030822 0.043373
165 0.746575 0.645783 0.027397 0.038554
34 0.745719 0.607229 0.029110 0.031325
52 0.745719 0.567470 0.025685 0.036145
38 0.744007 0.524096 0.030822 0.043373
37 0.744863 0.479518 0.029110 0.038554
547 0.740582 0.439759 0.023973 0.033735
60 0.738870 0.402410 0.030822 0.033735
77 0.740582 0.360241 0.029110 0.040964
124 0.738870 0.316867 0.023973 0.033735
524 0.739726 0.284337 0.030822 0.028916
4 0.737158 0.250602 0.025685 0.033735
123 0.736301 0.215663 0.029110 0.036145
541 0.734589 0.178313 0.027397 0.036145
127 0.736301 0.137349 0.029110 0.043373
29 0.735445 0.096386 0.025685 0.031325
442 0.795377 0.918072 0.032534 0.033735
65 0.793664 0.875904 0.034247 0.043373
63 0.792808 0.830120 0.025685 0.036145
26 0.791952 0.795181 0.023973 0.026506
165 0.792808 0.763855 0.027397 0.028916
378 0.793664 0.727711 0.032534 0.033735
13 0.791096 0.692771 0.032534 0.028916
20 0.791096 0.659036 0.030822 0.033735
127 0.791096 0.620482 0.032534 0.036145
29 0.790240 0.590361 0.029110 0.021687
28 0.790240 0.562651 0.030822 0.038554
742 0.787671 0.519277 0.030822 0.038554
554 0.786815 0.479518 0.029110 0.031325
34 0.785959 0.443373 0.029110 0.038554
153 0.786815 0.412048 0.023973 0.024096
26 0.786815 0.383133 0.027397 0.031325
127 0.786815 0.346988 0.030822 0.036145
29 0.786815 0.307229 0.030822 0.040964
28 0.785959 0.269880 0.027397 0.033735
196 0.785103 0.234940 0.027397 0.028916
312 0.784247 0.201205 0.030822 0.033735
127 0.782534 0.162651 0.029110 0.033735
29 0.781678 0.128916 0.030822 0.026506
28 0.779966 0.095181 0.030822 0.033735
110 0.839897 0.918072 0.029110 0.036145
139 0.841610 0.845783 0.030822 0.036145
174 0.839897 0.804819 0.029110 0.038554
33 0.839041 0.767470 0.025685 0.028916
110 0.839897 0.733735 0.034247 0.031325
246 0.837329 0.702410 0.027397 0.026506
109 0.839041 0.673494 0.027397 0.026506
127 0.837329 0.644578 0.023973 0.026506
29 0.835616 0.610843 0.025685 0.031325
28 0.835616 0.579518 0.023973 0.031325
11 0.837329 0.543373 0.030822 0.028916
68 0.835616 0.510843 0.027397 0.033735
19 0.836473 0.473494 0.027397 0.036145
305 0.836473 0.433735 0.030822 0.038554
473 0.837329 0.386747 0.030822 0.043373
127 0.835616 0.340964 0.029110 0.043373
29 0.833048 0.300000 0.023973 0.033735
28 0.832192 0.261446 0.029110 0.036145
161 0.832192 0.226506 0.034247 0.033735
550 0.829623 0.193976 0.027397 0.026506
239 0.829623 0.165060 0.029110 0.026506
64 0.827911 0.134940 0.027397 0.028916
166 0.827055 0.097590 0.030822 0.036145
29 0.886986 0.918072 0.032534 0.024096
28 0.884418 0.885542 0.030822 0.031325
68 0.885274 0.846988 0.032534 0.036145
740 0.886130 0.804819 0.035959 0.038554
26 0.885274 0.759036 0.027397 0.043373
165 0.886130 0.714458 0.034247 0.038554
4 0.886130 0.680723 0.029110 0.028916
13 0.883562 0.642169 0.025685 0.031325
174 0.884418 0.604819 0.025685 0.033735
92 0.884418 0.569880 0.030822 0.028916
56 0.883562 0.533735 0.030822 0.036145
107 0.885274 0.487952 0.030822 0.043373
180 0.882705 0.442169 0.029110 0.038554
179 0.882705 0.393976 0.023973 0.043373
171 0.881849 0.353012 0.025685 0.033735
170 0.879281 0.315663 0.030822 0.033735
75 0.878425 0.280723 0.027397 0.028916
4 0.879281 0.249398 0.027397 0.028916
170 0.876712 0.218072 0.023973 0.028916
524 0.875000 0.175904 0.029110 0.043373
105 0.875856 0.130120 0.027397 0.036145
741 0.875000 0.091566 0.030822 0.033735
109 0.932363 0.903614 0.030822 0.040964
127 0.930651 0.859036 0.025685 0.036145
29 0.932363 0.824096 0.029110 0.028916
28 0.932363 0.787952 0.029110 0.038554
70 0.930651 0.748193 0.034247 0.033735
161 0.930651 0.709639 0.035959 0.031325
43 0.933219 0.674699 0.030822 0.031325
196 0.931507 0.637349 0.023973 0.031325
320 0.930651 0.595181 0.027397 0.040964
201 0.931507 0.551807 0.029110 0.038554
739 0.931507 0.509639 0.029110 0.040964
201 0.927226 0.465060 0.029110 0.038554
168 0.928082 0.425301 0.029110 0.033735
106 0.928082 0.392771 0.029110 0.028916
25 0.928082 0.351807 0.022260 0.038554
166 0.927226 0.313253 0.032534 0.031325
165 0.926370 0.271084 0.027397 0.040964
13 0.926370 0.232530 0.029110 0.028916
182 0.924658 0.197590 0.030822 0.033735
738 0.924658 0.161446 0.030822 0.028916
737 0.923801 0.130120 0.027397 0.031325
425 0.922945 0.091566 0.030822 0.036145
