5 0.246528 0.950355 0.026042 0.026005
22 0.247396 0.919622 0.027778 0.030733
64 0.247396 0.881797 0.031250 0.040189
71 0.247396 0.843972 0.024306 0.030733
254 0.249132 0.810875 0.024306 0.035461
33 0.248264 0.769504 0.026042 0.035461
779 0.248264 0.738771 0.022569 0.021277
185 0.249132 0.711584 0.027778 0.033097
22 0.250000 0.677305 0.027778 0.030733
285 0.250868 0.641844 0.027778 0.035461
235 0.253472 0.601655 0.029514 0.042553
196 0.255208 0.562648 0.031250 0.033097
728 0.256076 0.523641 0.029514 0.040189
476 0.256076 0.484634 0.029514 0.030733
285 0.256944 0.451537 0.029514 0.033097
64 0.259549 0.413712 0.029514 0.040189
235 0.260417 0.371158 0.031250 0.040189
33 0.260417 0.333333 0.026042 0.030733
35 0.262153 0.299054 0.026042 0.035461
709 0.263889 0.262411 0.027778 0.030733
65 0.263889 0.197400 0.022569 0.023641
121 0.264757 0.166667 0.022569 0.035461
55 0.264757 0.133570 0.031250 0.028369
196 0.296875 0.943262 0.027778 0.035461
196 0.297743 0.908983 0.026042 0.030733
7 0.296007 0.882979 0.019097 0.023641
499 0.296875 0.856974 0.022569 0.026005
773 0.297743 0.821513 0.029514 0.040189
153 0.297743 0.786052 0.031250 0.028369
152 0.298611 0.751773 0.031250 0.035461
83 0.299479 0.716312 0.027778 0.030733
709 0.298611 0.683215 0.026042 0.030733
139 0.299479 0.614657 0.029514 0.037825
778 0.302951 0.576832 0.026042 0.033097
75 0.302083 0.544917 0.027778 0.030733
158 0.302951 0.513002 0.024306 0.028369
161 0.303819 0.482270 0.022569 0.028369
56 0.306424 0.450355 0.026042 0.033097
109 0.305556 0.414894 0.029514 0.035461
68 0.304688 0.378251 0.027778 0.033097
33 0.307292 0.338061 0.024306 0.037825
773 0.308160 0.303783 0.020833 0.030733
153 0.309896 0.267139 0.024306 0.035461
152 0.310764 0.234043 0.024306 0.030733
83 0.310764 0.204492 0.026042 0.028369
22 0.310764 0.174941 0.026042 0.030733
230 0.311632 0.139480 0.031250 0.037825
107 0.341146 0.946809 0.026042 0.035461
721 0.342014 0.925532 0.027778 0.026005
29 0.342882 0.893617 0.027778 0.035461
331 0.341146 0.856974 0.024306 0.033097
28 0.341146 0.825059 0.024306 0.030733
75 0.342882 0.787234 0.029514 0.037825
60 0.344618 0.744681 0.031250 0.042553
230 0.344618 0.705674 0.022569 0.030733
77 0.345486 0.673759 0.026042 0.035461
124 0.347222 0.634752 0.027778 0.037825
524 0.345486 0.594563 0.029514 0.035461
4 0.346354 0.559102 0.029514 0.030733
230 0.348958 0.528369 0.026042 0.030733
130 0.349826 0.498818 0.027778 0.028369
129 0.350694 0.465721 0.027778 0.035461
305 0.351562 0.430260 0.024306 0.033097
65 0.352431 0.388889 0.027778 0.042553
22 0.352431 0.349882 0.024306 0.033097
350 0.352431 0.313239 0.024306 0.033097
64 0.353299 0.281324 0.022569 0.023641
83 0.355035 0.250591 0.029514 0.030733
133 0.355035 0.218676 0.027778 0.028369
98 0.355035 0.185579 0.029514 0.030733
701 0.356771 0.146572 0.029514 0.042553
52 0.386285 0.951537 0.024306 0.026005
51 0.385417 0.927896 0.024306 0.026005
9 0.387153 0.905437 0.020833 0.023641
11 0.387153 0.867612 0.026042 0.044917
519 0.388889 0.827423 0.026042 0.035461
33 0.390625 0.794326 0.024306 0.028369
549 0.390625 0.762411 0.024306 0.033097
777 0.392361 0.728132 0.024306 0.033097
662 0.392361 0.698582 0.020833 0.023641
11 0.393229 0.669031 0.022569 0.033097
3 0.393229 0.631206 0.026042 0.037825
298 0.391493 0.599291 0.022569 0.026005
541 0.393229 0.568558 0.026042 0.028369
19 0.393229 0.541371 0.020833 0.023641
29 0.395833 0.507092 0.024306 0.035461
524 0.396701 0.468085 0.027778 0.037825
28 0.394965 0.431442 0.026042 0.033097
106 0.396701 0.393617 0.027778 0.037825
665 0.397569 0.351064 0.027778 0.044917
124 0.399306 0.312057 0.027778 0.030733
98 0.400174 0.278960 0.027778 0.030733
529 0.400174 0.245863 0.022569 0.028369
11 0.401042 0.212766 0.027778 0.033097
52 0.401910 0.176123 0.026042 0.035461
51 0.401042 0.141844 0.029514 0.030733
345 0.428819 0.944444 0.024306 0.033097
13 0.427951 0.908983 0.022569 0.037825
54 0.428819 0.873522 0.022569 0.030733
516 0.429688 0.840426 0.024306 0.030733
747 0.428819 0.808511 0.024306 0.030733
13 0.428819 0.780142 0.020833 0.026005
746 0.430556 0.744681 0.020833 0.035461
83 0.431424 0.712766 0.022569 0.030733
11 0.431424 0.677305 0.022569 0.035461
52 0.434028 0.638298 0.019097 0.035461
105 0.434896 0.599291 0.020833 0.035461
246 0.434896 0.561466 0.020833 0.037825
127 0.435764 0.523641 0.022569 0.033097
29 0.435764 0.490544 0.020833 0.030733
28 0.436632 0.456265 0.020833 0.035461
195 0.436632 0.424350 0.017361 0.028369
576 0.438368 0.397163 0.019097 0.026005
108 0.438368 0.372340 0.019097 0.028369
