127 0.269949 0.741463 0.027165 0.031707
29 0.269949 0.709756 0.027165 0.026829
28 0.269949 0.680488 0.025467 0.031707
27 0.272496 0.646341 0.030560 0.029268
26 0.272496 0.615854 0.023769 0.029268
127 0.270798 0.585366 0.030560 0.029268
29 0.275042 0.548780 0.028862 0.031707
28 0.276740 0.512195 0.025467 0.031707
13 0.277589 0.473171 0.028862 0.034146
20 0.276740 0.436585 0.025467 0.034146
13 0.280985 0.400000 0.028862 0.036585
19 0.283531 0.359756 0.027165 0.036585
123 0.284380 0.318293 0.023769 0.036585
20 0.284380 0.276829 0.025467 0.041463
425 0.285229 0.236585 0.027165 0.034146
0 0.284380 0.193902 0.025467 0.039024
26 0.285229 0.154878 0.022071 0.036585
115 0.317487 0.797561 0.028862 0.031707
117 0.316638 0.764634 0.028862 0.029268
52 0.317487 0.730488 0.030560 0.031707
93 0.318336 0.696341 0.027165 0.029268
103 0.320034 0.667073 0.022071 0.026829
70 0.318336 0.639024 0.030560 0.029268
34 0.322581 0.603659 0.027165 0.034146
56 0.326825 0.567073 0.030560 0.034146
117 0.322581 0.534146 0.028862 0.031707
70 0.324278 0.493902 0.027165 0.039024
123 0.325976 0.454878 0.027165 0.029268
107 0.329372 0.425610 0.032258 0.024390
133 0.328523 0.391463 0.027165 0.039024
19 0.330221 0.352439 0.030560 0.031707
305 0.331070 0.314634 0.030560 0.034146
127 0.331919 0.280488 0.030560 0.031707
29 0.331070 0.247561 0.025467 0.029268
28 0.330221 0.219512 0.023769 0.029268
106 0.331070 0.190244 0.027165 0.031707
102 0.331919 0.159756 0.025467 0.026829
109 0.364177 0.928049 0.028862 0.041463
133 0.364177 0.882927 0.028862 0.041463
457 0.365025 0.839024 0.027165 0.039024
456 0.367572 0.798780 0.022071 0.024390
224 0.368421 0.765854 0.023769 0.034146
33 0.369270 0.724390 0.027165 0.041463
214 0.369270 0.687805 0.030560 0.024390
531 0.370119 0.654878 0.030560 0.031707
106 0.371817 0.617073 0.025467 0.034146
13 0.371817 0.576829 0.027165 0.034146
70 0.373514 0.541463 0.030560 0.029268
33 0.374363 0.512195 0.030560 0.026829
69 0.373514 0.479268 0.023769 0.031707
130 0.376061 0.442683 0.030560 0.034146
129 0.375212 0.413415 0.028862 0.029268
35 0.376910 0.376829 0.028862 0.039024
69 0.376910 0.337805 0.027165 0.029268
121 0.377759 0.304878 0.028862 0.034146
256 0.381154 0.264634 0.027165 0.039024
130 0.380306 0.225610 0.025467 0.034146
129 0.381154 0.190244 0.025467 0.034146
69 0.382003 0.156098 0.028862 0.026829
228 0.381154 0.120732 0.022071 0.034146
514 0.381154 0.084146 0.025467 0.031707
54 0.414261 0.900000 0.028862 0.036585
338 0.415110 0.863415 0.033956 0.039024
22 0.413413 0.820732 0.027165 0.039024
163 0.412564 0.775610 0.025467 0.039024
13 0.415110 0.736585 0.020374 0.029268
556 0.415959 0.701220 0.027165 0.034146
83 0.417657 0.669512 0.030560 0.026829
92 0.416808 0.632927 0.025467 0.039024
56 0.418506 0.591463 0.030560 0.029268
133 0.421902 0.557317 0.030560 0.034146
275 0.422750 0.521951 0.030560 0.026829
321 0.421902 0.487805 0.028862 0.036585
127 0.426146 0.450000 0.030560 0.031707
29 0.425297 0.414634 0.028862 0.034146
28 0.424448 0.381707 0.023769 0.029268
92 0.424448 0.347561 0.025467 0.031707
75 0.426995 0.315854 0.030560 0.031707
52 0.426995 0.284146 0.025467 0.026829
276 0.426995 0.248780 0.027165 0.039024
555 0.428693 0.203659 0.022071 0.041463
33 0.429542 0.163415 0.027165 0.034146
70 0.430390 0.121951 0.028862 0.036585
123 0.431239 0.082927 0.023769 0.031707
180 0.460102 0.920732 0.030560 0.041463
179 0.463497 0.881707 0.030560 0.031707
130 0.464346 0.845122 0.030560 0.036585
129 0.465195 0.807317 0.025467 0.029268
528 0.462649 0.770732 0.025467 0.039024
214 0.466044 0.729268 0.025467 0.034146
20 0.466893 0.692683 0.028862 0.029268
128 0.467742 0.654878 0.023769 0.041463
226 0.468591 0.574390 0.027165 0.026829
230 0.469440 0.537805 0.030560 0.041463
4 0.753820 0.913415 0.033956 0.034146
13 0.753820 0.874390 0.030560 0.036585
76 0.755518 0.831707 0.028862 0.039024
28 0.755518 0.787805 0.028862 0.039024
75 0.753820 0.746341 0.032258 0.036585
60 0.751273 0.707317 0.025467 0.031707
135 0.751273 0.673171 0.023769 0.029268
70 0.749576 0.639024 0.030560 0.031707
305 0.747878 0.604878 0.022071 0.031707
127 0.748727 0.571951 0.020374 0.029268
29 0.747029 0.540244 0.020374 0.031707
28 0.748727 0.500000 0.025467 0.039024
115 0.747029 0.463415 0.032258 0.029268
33 0.747878 0.435366 0.032258 0.034146
74 0.745331 0.395122 0.028862 0.041463
56 0.802207 0.897561 0.023769 0.041463
128 0.800509 0.852439 0.025467 0.036585
55 0.799660 0.810976 0.027165 0.031707
33 0.798812 0.774390 0.030560 0.031707
183 0.797114 0.736585 0.030560 0.036585
70 0.797114 0.690244 0.027165 0.046341
59 0.796265 0.647561 0.023769 0.034146
65 0.797114 0.604878 0.025467 0.041463
147 0.795416 0.559756 0.030560 0.043902
5 0.795416 0.514634 0.030560 0.034146
26 0.793718 0.468293 0.025467 0.046341
64 0.792869 0.425610 0.022071 0.031707
305 0.791171 0.384146 0.030560 0.036585
127 0.790323 0.342683 0.023769 0.034146
29 0.790323 0.298780 0.028862 0.041463
28 0.789474 0.257317 0.023769 0.031707
2 0.787776 0.224390 0.028862 0.031707
133 0.786927 0.185366 0.025467 0.041463
58 0.787776 0.148780 0.025467 0.029268
9 0.787776 0.112195 0.028862 0.039024
62 0.785229 0.073171 0.020374 0.034146
64 0.848896 0.917073 0.030560 0.029268
197 0.848048 0.886585 0.025467 0.026829
202 0.847199 0.857317 0.027165 0.029268
133 0.849745 0.826829 0.027165 0.021951
189 0.848048 0.801220 0.025467 0.034146
20 0.844652 0.765854 0.027165 0.034146
202 0.845501 0.728049 0.027165 0.026829
139 0.844652 0.647561 0.027165 0.034146
171 0.843803 0.607317 0.025467 0.031707
170 0.842105 0.568293 0.028862 0.034146
75 0.840407 0.523171 0.027165 0.041463
4 0.840407 0.484146 0.028862 0.031707
64 0.839559 0.448780 0.028862 0.031707
541 0.837861 0.415854 0.030560 0.031707
127 0.837012 0.382927 0.027165 0.031707
29 0.837861 0.341463 0.025467 0.031707
28 0.838710 0.298780 0.025467 0.043902
106 0.836163 0.263415 0.022071 0.024390
383 0.837012 0.232927 0.025467 0.034146
127 0.837012 0.192683 0.030560 0.036585
29 0.835314 0.147561 0.028862 0.043902
28 0.833616 0.104878 0.027165 0.034146
72 0.831919 0.069512 0.023769 0.031707
176 0.893888 0.904878 0.023769 0.031707
64 0.893888 0.869512 0.027165 0.031707
111 0.892190 0.832927 0.025467 0.029268
63 0.892190 0.802439 0.020374 0.029268
393 0.892190 0.773171 0.025467 0.029268
70 0.892190 0.742683 0.028862 0.026829
59 0.889643 0.701220 0.027165 0.043902
462 0.886248 0.652439 0.030560 0.043902
216 0.886248 0.607317 0.025467 0.041463
33 0.888795 0.568293 0.027165 0.031707
63 0.887946 0.531707 0.030560 0.031707
98 0.885399 0.498780 0.023769 0.026829
435 0.885399 0.467073 0.020374 0.031707
59 0.883701 0.432927 0.022071 0.031707
56 0.885399 0.397561 0.023769 0.031707
128 0.884550 0.362195 0.027165 0.031707
121 0.882852 0.323171 0.027165 0.041463
479 0.882852 0.286585 0.023769 0.029268
127 0.882852 0.256098 0.027165 0.029268
29 0.883701 0.224390 0.030560 0.026829
28 0.882852 0.195122 0.027165 0.029268
13 0.879457 0.159756 0.023769 0.034146
72 0.879457 0.123171 0.027165 0.029268
554 0.878608 0.087805 0.027165 0.029268
216 0.940577 0.909756 0.030560 0.026829
109 0.940577 0.880488 0.030560 0.031707
26 0.937182 0.843902 0.027165 0.034146
33 0.937182 0.804878 0.027165 0.031707
393 0.937182 0.770732 0.025467 0.026829
414 0.937182 0.741463 0.027165 0.021951
196 0.935484 0.712195 0.023769 0.029268
489 0.934635 0.679268 0.025467 0.031707
488 0.934635 0.642683 0.022071 0.034146
118 0.934635 0.608537 0.027165 0.026829
133 0.933786 0.575610 0.023769 0.031707
26 0.932937 0.542683 0.025467 0.024390
46 0.933786 0.506098 0.025467 0.039024
183 0.934635 0.468293 0.025467 0.034146
120 0.932937 0.426829 0.028862 0.039024
26 0.931239 0.382927 0.027165 0.036585
68 0.931239 0.347561 0.028862 0.026829
26 0.932937 0.315854 0.027165 0.031707
64 0.931239 0.279268 0.023769 0.031707
386 0.931239 0.246341 0.020374 0.029268
26 0.929542 0.217073 0.020374 0.029268
7 0.928693 0.179268 0.022071 0.039024
98 0.930390 0.143902 0.027165 0.026829
116 0.927844 0.109756 0.028862 0.036585
278 0.926146 0.068293 0.025467 0.029268
