0 0.085739 0.940244 0.027165 0.031707
0 0.086587 0.928049 0.032258 0.039024
0 0.085739 0.913415 0.030560 0.024390
0 0.086587 0.876829 0.030560 0.036585
0 0.084041 0.836585 0.027165 0.034146
0 0.084890 0.785366 0.028862 0.048780
0 0.084890 0.735366 0.022071 0.029268
0 0.086587 0.693902 0.028862 0.041463
0 0.087436 0.650000 0.028862 0.046341
0 0.089134 0.600000 0.027165 0.039024
0 0.090832 0.553659 0.028862 0.039024
0 0.091681 0.507317 0.030560 0.039024
0 0.089134 0.458537 0.028862 0.039024
0 0.088285 0.412195 0.028862 0.036585
0 0.090832 0.373171 0.030560 0.036585
0 0.092530 0.328049 0.028862 0.036585
0 0.093379 0.289024 0.028862 0.026829
0 0.092530 0.257317 0.025467 0.026829
0 0.094228 0.219512 0.028862 0.043902
0 0.093379 0.174390 0.027165 0.036585
0 0.094228 0.130488 0.028862 0.041463
0 0.095076 0.082927 0.032258 0.041463
0 0.133277 0.935366 0.028862 0.031707
0 0.134975 0.900000 0.027165 0.034146
0 0.134126 0.859756 0.025467 0.034146
0 0.136672 0.818293 0.025467 0.039024
0 0.137521 0.773171 0.028862 0.043902
0 0.135823 0.730488 0.025467 0.034146
0 0.135823 0.689024 0.030560 0.036585
0 0.135823 0.645122 0.025467 0.031707
0 0.138370 0.608537 0.020374 0.031707
0 0.136672 0.570732 0.027165 0.036585
0 0.138370 0.528049 0.027165 0.039024
0 0.139219 0.486585 0.025467 0.039024
0 0.140917 0.443902 0.032258 0.031707
0 0.140917 0.400000 0.028862 0.041463
0 0.142615 0.362195 0.033956 0.034146
0 0.140917 0.324390 0.028862 0.034146
0 0.142615 0.285366 0.023769 0.031707
0 0.144312 0.250000 0.020374 0.034146
0 0.142615 0.214634 0.025467 0.029268
0 0.146010 0.174390 0.032258 0.036585
0 0.143463 0.130488 0.028862 0.041463
0 0.146859 0.082927 0.027165 0.039024
0 0.180815 0.936585 0.028862 0.034146
0 0.179117 0.898780 0.028862 0.034146
0 0.179966 0.858537 0.027165 0.036585
0 0.181664 0.820732 0.022071 0.034146
0 0.184211 0.782927 0.025467 0.029268
0 0.184211 0.742683 0.027165 0.034146
0 0.182513 0.696341 0.030560 0.046341
0 0.185059 0.643902 0.028862 0.039024
0 0.185059 0.600000 0.028862 0.039024
0 0.187606 0.553659 0.023769 0.043902
0 0.186757 0.504878 0.030560 0.048780
0 0.188455 0.452439 0.037351 0.043902
371 0.191851 0.401220 0.033956 0.041463
0 0.190153 0.354878 0.032258 0.039024
354 0.192699 0.313415 0.028862 0.029268
91 0.191002 0.275610 0.025467 0.031707
199 0.191002 0.240244 0.025467 0.034146
370 0.192699 0.193902 0.030560 0.043902
167 0.191851 0.140244 0.030560 0.051220
100 0.192699 0.086585 0.028862 0.043902
91 0.230051 0.929268 0.022071 0.031707
199 0.230051 0.887805 0.025467 0.039024
369 0.231749 0.839024 0.025467 0.048780
167 0.233447 0.785366 0.030560 0.046341
157 0.233447 0.737805 0.030560 0.034146
38 0.233447 0.697561 0.025467 0.031707
37 0.235144 0.659756 0.023769 0.031707
166 0.235144 0.624390 0.025467 0.031707
368 0.237691 0.582927 0.032258 0.034146
367 0.238540 0.540244 0.028862 0.036585
366 0.239389 0.498780 0.028862 0.036585
365 0.241087 0.458537 0.028862 0.029268
314 0.240238 0.412195 0.032258 0.048780
318 0.241087 0.368293 0.027165 0.036585
364 0.243633 0.326829 0.030560 0.036585
363 0.241935 0.285366 0.028862 0.031707
314 0.242784 0.245122 0.025467 0.036585
178 0.241935 0.202439 0.027165 0.039024
192 0.243633 0.159756 0.027165 0.041463
186 0.243633 0.118293 0.027165 0.034146
362 0.243633 0.080488 0.025467 0.036585
77 0.280136 0.935366 0.028862 0.031707
361 0.278438 0.900000 0.022071 0.031707
260 0.279287 0.862195 0.022071 0.034146
360 0.279287 0.824390 0.025467 0.034146
260 0.282683 0.779268 0.028862 0.041463
17 0.282683 0.737805 0.025467 0.034146
359 0.281834 0.698780 0.028862 0.031707
358 0.280985 0.651220 0.030560 0.048780
357 0.285229 0.593902 0.030560 0.048780
314 0.286927 0.542683 0.028862 0.039024
77 0.286078 0.500000 0.032258 0.034146
27 0.287776 0.460976 0.032258 0.036585
38 0.286927 0.423171 0.025467 0.034146
37 0.288625 0.387805 0.025467 0.031707
91 0.287776 0.354878 0.025467 0.031707
91 0.291171 0.317073 0.028862 0.034146
356 0.290323 0.270732 0.028862 0.051220
355 0.292020 0.223171 0.027165 0.039024
170 0.291171 0.178049 0.027165 0.039024
64 0.291171 0.134146 0.023769 0.041463
222 0.291171 0.086585 0.033956 0.048780
254 0.332767 0.930488 0.030560 0.029268
254 0.329372 0.887805 0.028862 0.041463
38 0.330221 0.837805 0.030560 0.043902
37 0.330221 0.792683 0.027165 0.039024
78 0.331919 0.746341 0.027165 0.041463
149 0.331919 0.697561 0.028862 0.043902
235 0.332767 0.648780 0.028862 0.041463
136 0.333616 0.598780 0.023769 0.043902
354 0.335314 0.556098 0.025467 0.034146
91 0.335314 0.513415 0.032258 0.034146
199 0.335314 0.464634 0.035654 0.046341
21 0.336163 0.409756 0.028862 0.043902
206 0.339559 0.370732 0.030560 0.026829
91 0.337861 0.334146 0.030560 0.034146
199 0.339559 0.292683 0.028862 0.039024
31 0.337861 0.253659 0.023769 0.034146
163 0.338710 0.218293 0.023769 0.031707
101 0.339559 0.179268 0.033956 0.034146
10 0.339559 0.132927 0.030560 0.048780
202 0.340407 0.081707 0.032258 0.043902
233 0.383701 0.940244 0.027165 0.034146
233 0.381154 0.898780 0.028862 0.041463
233 0.380306 0.856098 0.027165 0.031707
233 0.380306 0.815854 0.025467 0.036585
233 0.382003 0.774390 0.030560 0.039024
233 0.382003 0.731707 0.032258 0.039024
233 0.380306 0.690244 0.028862 0.031707
233 0.381154 0.648780 0.030560 0.034146
233 0.382852 0.606098 0.023769 0.036585
233 0.382852 0.564634 0.030560 0.036585
233 0.384550 0.524390 0.025467 0.041463
233 0.385399 0.476829 0.030560 0.041463
233 0.384550 0.423171 0.028862 0.048780
233 0.386248 0.374390 0.028862 0.039024
233 0.385399 0.330488 0.028862 0.041463
233 0.386248 0.281707 0.028862 0.043902
233 0.387097 0.231707 0.025467 0.043902
77 0.385399 0.187805 0.030560 0.039024
157 0.387097 0.146341 0.023769 0.034146
38 0.388795 0.112195 0.027165 0.024390
37 0.387946 0.082927 0.030560 0.041463
236 0.426146 0.921951 0.030560 0.036585
21 0.428693 0.876829 0.028862 0.039024
301 0.427844 0.828049 0.030560 0.043902
44 0.426146 0.782927 0.028862 0.034146
236 0.427844 0.747561 0.023769 0.036585
44 0.429542 0.706098 0.027165 0.036585
45 0.428693 0.662195 0.028862 0.041463
353 0.429542 0.619512 0.032258 0.031707
281 0.428693 0.580488 0.030560 0.031707
43 0.429542 0.536585 0.030560 0.041463
352 0.431239 0.492683 0.030560 0.036585
224 0.432088 0.447561 0.027165 0.039024
114 0.428693 0.396341 0.030560 0.048780
91 0.429542 0.346341 0.025467 0.034146
351 0.432088 0.306098 0.033956 0.031707
350 0.430390 0.262195 0.028862 0.043902
349 0.431239 0.212195 0.028862 0.046341
348 0.434635 0.164634 0.028862 0.036585
347 0.434635 0.125610 0.025467 0.036585
224 0.434635 0.085366 0.025467 0.041463
86 0.471138 0.942683 0.032258 0.031707
44 0.471986 0.906098 0.027165 0.034146
163 0.473684 0.870732 0.027165 0.024390
346 0.471986 0.828049 0.027165 0.041463
253 0.472835 0.779268 0.023769 0.041463
67 0.472835 0.730488 0.033956 0.043902
44 0.473684 0.685366 0.027165 0.034146
345 0.476231 0.640244 0.027165 0.043902
112 0.477080 0.592683 0.025467 0.034146
305 0.477929 0.551220 0.027165 0.043902
344 0.477080 0.501220 0.028862 0.046341
343 0.478778 0.450000 0.028862 0.046341
137 0.479626 0.402439 0.025467 0.034146
44 0.478778 0.360976 0.028862 0.036585
297 0.478778 0.318293 0.027165 0.031707
305 0.479626 0.275610 0.028862 0.039024
220 0.479626 0.234146 0.023769 0.036585
38 0.479626 0.198780 0.020374 0.029268
37 0.479626 0.164634 0.022071 0.031707
162 0.480475 0.123171 0.025467 0.039024
340 0.478778 0.082927 0.030560 0.034146
0 0.577250 0.941463 0.028862 0.039024
0 0.574703 0.895122 0.028862 0.031707
0 0.577250 0.847561 0.028862 0.043902
0 0.575552 0.803659 0.030560 0.036585
0 0.577250 0.765854 0.030560 0.029268
0 0.576401 0.729268 0.025467 0.031707
0 0.577250 0.682927 0.025467 0.043902
0 0.575552 0.640244 0.023769 0.036585
0 0.575552 0.602439 0.023769 0.039024
0 0.575552 0.563415 0.027165 0.031707
0 0.575552 0.518293 0.030560 0.046341
0 0.576401 0.464634 0.027165 0.048780
0 0.574703 0.415854 0.030560 0.036585
0 0.575552 0.375610 0.028862 0.034146
0 0.576401 0.337805 0.023769 0.031707
0 0.576401 0.301220 0.025467 0.036585
0 0.578098 0.256098 0.030560 0.041463
0 0.576401 0.215854 0.032258 0.034146
0 0.573854 0.169512 0.025467 0.043902
0 0.573854 0.124390 0.027165 0.036585
0 0.573005 0.082927 0.023769 0.039024
0 0.624788 0.936585 0.028862 0.034146
0 0.626486 0.892683 0.032258 0.039024
0 0.624788 0.852439 0.023769 0.034146
0 0.627334 0.812195 0.027165 0.036585
0 0.625637 0.773171 0.030560 0.034146
0 0.624788 0.735366 0.025467 0.034146
0 0.623939 0.697561 0.020374 0.031707
0 0.622241 0.662195 0.025467 0.036585
0 0.624788 0.620732 0.025467 0.034146
0 0.625637 0.584146 0.027165 0.024390
0 0.624788 0.552439 0.025467 0.029268
0 0.624788 0.519512 0.028862 0.031707
0 0.623090 0.476829 0.023769 0.043902
0 0.623090 0.428049 0.032258 0.043902
0 0.624788 0.382927 0.023769 0.036585
0 0.623939 0.342683 0.028862 0.039024
0 0.623090 0.303659 0.030560 0.036585
0 0.624788 0.263415 0.028862 0.031707
0 0.624788 0.226829 0.027165 0.034146
0 0.624788 0.190244 0.030560 0.034146
0 0.623090 0.156098 0.023769 0.031707
0 0.622241 0.119512 0.022071 0.036585
0 0.622241 0.079268 0.027165 0.039024
0 0.673175 0.945122 0.027165 0.034146
0 0.670628 0.907317 0.028862 0.036585
0 0.671477 0.857317 0.027165 0.043902
0 0.670628 0.818293 0.025467 0.024390
0 0.669779 0.784146 0.025467 0.034146
0 0.671477 0.741463 0.025467 0.036585
0 0.671477 0.700000 0.027165 0.036585
0 0.670628 0.659756 0.025467 0.031707
0 0.672326 0.617073 0.028862 0.036585
0 0.670628 0.571951 0.028862 0.036585
0 0.671477 0.531707 0.028862 0.034146
0 0.666384 0.489024 0.030560 0.043902
0 0.667233 0.440244 0.027165 0.036585
0 0.668930 0.396341 0.028862 0.041463
0 0.667233 0.350000 0.027165 0.034146
0 0.667233 0.306098 0.023769 0.046341
0 0.668081 0.263415 0.027165 0.031707
0 0.667233 0.224390 0.028862 0.034146
0 0.666384 0.184146 0.030560 0.036585
0 0.668081 0.142683 0.023769 0.039024
0 0.666384 0.106098 0.022071 0.026829
0 0.666384 0.074390 0.027165 0.029268
342 0.722411 0.940244 0.030560 0.031707
43 0.719864 0.896341 0.028862 0.043902
210 0.718166 0.846341 0.023769 0.043902
142 0.717317 0.801220 0.028862 0.036585
78 0.718166 0.758537 0.030560 0.036585
163 0.714771 0.723171 0.023769 0.026829
341 0.714771 0.682927 0.028862 0.036585
210 0.714771 0.634146 0.027165 0.041463
224 0.715620 0.596341 0.023769 0.029268
146 0.714771 0.556098 0.027165 0.041463
0 0.712224 0.508537 0.032258 0.046341
129 0.713922 0.458537 0.025467 0.043902
0 0.711375 0.415854 0.028862 0.031707
0 0.712224 0.375610 0.025467 0.043902
68 0.713073 0.329268 0.030560 0.041463
296 0.713073 0.284146 0.030560 0.036585
142 0.713073 0.239024 0.027165 0.041463
0 0.712224 0.193902 0.027165 0.036585
0 0.711375 0.156098 0.023769 0.029268
0 0.710526 0.114634 0.027165 0.041463
0 0.710526 0.074390 0.030560 0.034146
37 0.767402 0.937805 0.030560 0.036585
149 0.767402 0.895122 0.027165 0.041463
44 0.765705 0.854878 0.030560 0.031707
77 0.764007 0.818293 0.028862 0.031707
45 0.766553 0.775610 0.027165 0.034146
268 0.763158 0.736585 0.030560 0.026829
135 0.764007 0.689024 0.030560 0.048780
134 0.761460 0.637805 0.028862 0.041463
115 0.759762 0.589024 0.025467 0.043902
45 0.761460 0.542683 0.028862 0.034146
224 0.759762 0.506098 0.032258 0.029268
38 0.759762 0.465854 0.033956 0.043902
37 0.760611 0.417073 0.030560 0.041463
162 0.758913 0.365854 0.027165 0.041463
340 0.758913 0.323171 0.033956 0.034146
44 0.758065 0.282927 0.028862 0.034146
38 0.757216 0.241463 0.028862 0.041463
37 0.754669 0.196341 0.025467 0.039024
142 0.754669 0.152439 0.028862 0.036585
44 0.754669 0.109756 0.027165 0.034146
77 0.752971 0.071951 0.025467 0.031707
44 0.814941 0.939024 0.023769 0.029268
336 0.810696 0.907317 0.025467 0.039024
233 0.812394 0.871951 0.020374 0.026829
77 0.811545 0.825610 0.027165 0.048780
157 0.813243 0.769512 0.030560 0.048780
38 0.811545 0.719512 0.022071 0.031707
37 0.810696 0.681707 0.028862 0.036585
149 0.809847 0.637805 0.030560 0.041463
44 0.809847 0.593902 0.032258 0.039024
77 0.808149 0.546341 0.020374 0.039024
45 0.807301 0.498780 0.028862 0.041463
268 0.806452 0.451220 0.025467 0.039024
339 0.804754 0.412195 0.033956 0.026829
191 0.805603 0.379268 0.028862 0.031707
149 0.803905 0.334146 0.023769 0.043902
338 0.802207 0.285366 0.028862 0.039024
337 0.803905 0.242683 0.023769 0.036585
172 0.803905 0.201220 0.025467 0.036585
171 0.802207 0.163415 0.030560 0.034146
218 0.803905 0.117073 0.028862 0.039024
136 0.801358 0.076829 0.028862 0.031707
67 0.859083 0.928049 0.025467 0.029268
210 0.858234 0.886585 0.028862 0.041463
225 0.856537 0.835366 0.027165 0.043902
251 0.853990 0.782927 0.025467 0.041463
335 0.853990 0.737805 0.028862 0.041463
77 0.854839 0.692683 0.027165 0.036585
294 0.854839 0.651220 0.028862 0.029268
334 0.854839 0.609756 0.027165 0.039024
208 0.853141 0.565854 0.028862 0.039024
207 0.853990 0.518293 0.028862 0.041463
163 0.854839 0.471951 0.032258 0.039024
333 0.851443 0.429268 0.022071 0.036585
122 0.851443 0.385366 0.025467 0.041463
83 0.849745 0.342683 0.027165 0.034146
302 0.849745 0.303659 0.025467 0.029268
136 0.849745 0.267073 0.022071 0.034146
36 0.848048 0.231707 0.023769 0.029268
146 0.849745 0.195122 0.025467 0.034146
64 0.849745 0.159756 0.027165 0.021951
35 0.848048 0.125610 0.030560 0.034146
241 0.848048 0.079268 0.028862 0.039024
208 0.902377 0.930488 0.025467 0.034146
208 0.904075 0.896341 0.027165 0.031707
332 0.903226 0.856098 0.020374 0.034146
331 0.903226 0.818293 0.020374 0.031707
207 0.902377 0.780488 0.022071 0.029268
149 0.901528 0.743902 0.025467 0.029268
67 0.901528 0.710976 0.027165 0.024390
210 0.900679 0.669512 0.025467 0.041463
172 0.900679 0.631707 0.028862 0.031707
171 0.899830 0.592683 0.028862 0.036585
65 0.900679 0.552439 0.028862 0.036585
330 0.899830 0.506098 0.028862 0.041463
210 0.898981 0.463415 0.032258 0.034146
126 0.898981 0.425610 0.027165 0.031707
125 0.898132 0.389024 0.028862 0.034146
329 0.897284 0.348780 0.028862 0.034146
38 0.897284 0.314634 0.023769 0.029268
36 0.895586 0.281707 0.025467 0.031707
35 0.895586 0.250000 0.028862 0.026829
172 0.896435 0.213415 0.028862 0.031707
171 0.897284 0.179268 0.027165 0.029268
210 0.896435 0.150000 0.022071 0.026829
328 0.896435 0.114634 0.025467 0.031707
43 0.896435 0.076829 0.027165 0.041463
210 0.944822 0.929268 0.028862 0.031707
149 0.946520 0.889024 0.028862 0.043902
146 0.945671 0.839024 0.020374 0.039024
327 0.945671 0.791463 0.028862 0.039024
68 0.944822 0.746341 0.025467 0.036585
326 0.944822 0.709756 0.027165 0.024390
218 0.944822 0.676829 0.028862 0.034146
17 0.943973 0.636585 0.032258 0.039024
325 0.942275 0.591463 0.027165 0.039024
172 0.943124 0.546341 0.028862 0.036585
171 0.943124 0.501220 0.025467 0.043902
324 0.944822 0.459756 0.028862 0.034146
323 0.943973 0.420732 0.027165 0.031707
322 0.943973 0.385366 0.025467 0.034146
15 0.943973 0.345122 0.028862 0.036585
218 0.942275 0.304878 0.023769 0.034146
136 0.941426 0.270732 0.022071 0.034146
157 0.943973 0.231707 0.027165 0.036585
38 0.943124 0.192683 0.028862 0.034146
37 0.940577 0.156098 0.027165 0.031707
203 0.941426 0.117073 0.023769 0.039024
166 0.941426 0.074390 0.023769 0.034146
