0 0.097789 0.784672 0.025510 0.041363
0 0.098639 0.739659 0.027211 0.043796
0 0.100340 0.694647 0.022109 0.038929
0 0.102041 0.654501 0.027211 0.036496
0 0.100340 0.611922 0.023810 0.036496
0 0.102041 0.570560 0.025510 0.034063
0 0.103741 0.532847 0.028912 0.034063
0 0.105442 0.489051 0.022109 0.046229
0 0.107143 0.441606 0.025510 0.038929
0 0.109694 0.401460 0.027211 0.036496
0 0.109694 0.357664 0.025510 0.034063
0 0.111395 0.321168 0.032313 0.031630
0 0.111395 0.282238 0.028912 0.038929
0 0.113946 0.243309 0.022109 0.034063
0 0.114796 0.203163 0.023810 0.038929
0 0.115646 0.170316 0.025510 0.024331
0 0.142007 0.715328 0.028912 0.041363
0 0.142857 0.669100 0.028912 0.036496
0 0.141156 0.635036 0.020408 0.019465
0 0.144558 0.599757 0.027211 0.038929
0 0.144558 0.557178 0.030612 0.034063
0 0.147959 0.521898 0.017007 0.026764
0 0.149660 0.487835 0.020408 0.031630
0 0.149660 0.453771 0.025510 0.031630
0 0.152211 0.414842 0.030612 0.034063
0 0.154762 0.377129 0.027211 0.029197
0 0.155612 0.340633 0.025510 0.041363
0 0.157313 0.300487 0.025510 0.029197
0 0.158163 0.265207 0.025510 0.031630
0 0.159014 0.232360 0.023810 0.026764
0 0.159014 0.208029 0.020408 0.024331
0 0.187075 0.772506 0.028912 0.036496
0 0.187075 0.738443 0.020408 0.019465
0 0.190476 0.705596 0.027211 0.036496
0 0.187925 0.663017 0.030612 0.034063
0 0.190476 0.627737 0.018707 0.026764
0 0.191327 0.594891 0.018707 0.031630
0 0.191327 0.563260 0.020408 0.029197
0 0.193027 0.526764 0.028912 0.031630
0 0.193878 0.491484 0.030612 0.029197
0 0.200680 0.454988 0.035714 0.038929
0 0.198129 0.416058 0.032313 0.036496
0 0.198129 0.378345 0.028912 0.026764
0 0.198980 0.346715 0.027211 0.029197
0 0.202381 0.310219 0.023810 0.041363
0 0.202381 0.270073 0.030612 0.034063
0 0.204082 0.232360 0.022109 0.036496
0 0.230442 0.715328 0.022109 0.029197
0 0.234694 0.644769 0.022109 0.038929
0 0.234694 0.607056 0.023810 0.026764
0 0.237245 0.575426 0.028912 0.029197
0 0.238095 0.543796 0.020408 0.029197
0 0.238946 0.512165 0.025510 0.026764
0 0.239796 0.473236 0.023810 0.038929
44 0.242347 0.436740 0.027211 0.029197
66 0.243197 0.399027 0.027211 0.036496
640 0.246599 0.363747 0.022109 0.024331
44 0.248299 0.334550 0.025510 0.034063
795 0.276361 0.697080 0.027211 0.036496
655 0.278912 0.654501 0.022109 0.038929
38 0.281463 0.615572 0.030612 0.031630
37 0.283163 0.579075 0.025510 0.029197
36 0.284014 0.548662 0.028912 0.024331
35 0.284864 0.514599 0.028912 0.031630
231 0.287415 0.474453 0.025510 0.038929
280 0.288265 0.427007 0.028912 0.043796
151 0.289966 0.383212 0.025510 0.036496
15 0.289116 0.346715 0.025510 0.029197
165 0.292517 0.311436 0.022109 0.029197
67 0.324830 0.715328 0.027211 0.031630
30 0.324830 0.677616 0.027211 0.038929
801 0.325680 0.636253 0.025510 0.038929
49 0.326531 0.593674 0.027211 0.038929
48 0.329082 0.551095 0.028912 0.034063
146 0.331633 0.515815 0.032313 0.029197
64 0.334184 0.473236 0.032313 0.043796
66 0.335034 0.428224 0.028912 0.031630
640 0.336735 0.385645 0.023810 0.041363
129 0.338435 0.343066 0.025510 0.038929
334 0.338435 0.307786 0.030612 0.026764
806 0.340986 0.279805 0.032313 0.029197
100 0.339286 0.248175 0.028912 0.031630
150 0.340986 0.210462 0.032313 0.036496
30 0.331633 0.013382 0.017007 0.021898
75 0.367347 0.828467 0.028912 0.041363
68 0.368197 0.784672 0.027211 0.034063
67 0.369048 0.748175 0.028912 0.031630
135 0.371599 0.706813 0.028912 0.043796
134 0.371599 0.659367 0.032313 0.041363
805 0.373299 0.621655 0.023810 0.019465
231 0.375000 0.587591 0.027211 0.038929
222 0.374150 0.547445 0.028912 0.031630
200 0.377551 0.512165 0.018707 0.024331
77 0.377551 0.479319 0.020408 0.031630
494 0.377551 0.446472 0.023810 0.034063
795 0.379252 0.411192 0.025510 0.029197
655 0.380102 0.378345 0.028912 0.029197
38 0.380952 0.346715 0.027211 0.026764
37 0.383503 0.311436 0.025510 0.034063
16 0.414966 0.804136 0.030612 0.041363
369 0.414116 0.768856 0.028912 0.026764
172 0.414966 0.731144 0.028912 0.041363
248 0.417517 0.692214 0.028912 0.031630
23 0.418367 0.654501 0.027211 0.034063
804 0.420068 0.624088 0.025510 0.019465
803 0.421769 0.593674 0.027211 0.034063
23 0.420068 0.557178 0.027211 0.031630
77 0.423469 0.521898 0.020408 0.026764
29 0.424320 0.490268 0.022109 0.029197
802 0.424320 0.457421 0.022109 0.029197
260 0.426020 0.427007 0.022109 0.026764
64 0.426871 0.395377 0.027211 0.031630
165 0.427721 0.361314 0.025510 0.026764
656 0.428571 0.330900 0.022109 0.029197
655 0.431122 0.294404 0.027211 0.036496
38 0.431122 0.257908 0.020408 0.029197
0 0.465986 0.636253 0.032313 0.046229
0 0.467687 0.590024 0.027211 0.034063
0 0.470238 0.549878 0.027211 0.036496
0 0.471088 0.515815 0.023810 0.024331
0 0.472789 0.482968 0.027211 0.036496
0 0.471939 0.444039 0.027211 0.034063
0 0.473639 0.407543 0.018707 0.026764
0 0.474490 0.373479 0.025510 0.031630
0 0.474490 0.340633 0.022109 0.026764
0 0.476190 0.302920 0.025510 0.038929
0 0.478741 0.261557 0.028912 0.036496
0 0.479592 0.217762 0.023810 0.038929
0 0.482993 0.130170 0.028912 0.034063
0 0.558673 0.301703 0.023810 0.041363
0 0.556122 0.257908 0.028912 0.034063
0 0.556122 0.217762 0.025510 0.036496
0 0.556973 0.170316 0.027211 0.038929
0 0.555272 0.128954 0.025510 0.031630
0 0.556122 0.085158 0.025510 0.043796
0 0.556973 0.038929 0.022109 0.031630
0 0.610544 0.881995 0.030612 0.024331
0 0.610544 0.852798 0.030612 0.026764
0 0.610544 0.823601 0.027211 0.034063
0 0.611395 0.785888 0.025510 0.041363
0 0.610544 0.744526 0.027211 0.031630
0 0.609694 0.708029 0.034014 0.031630
0 0.610544 0.666667 0.030612 0.036496
0 0.609694 0.624088 0.027211 0.036496
0 0.606293 0.583942 0.032313 0.041363
0 0.606293 0.545012 0.027211 0.029197
0 0.605442 0.514599 0.030612 0.029197
0 0.604592 0.481752 0.025510 0.031630
0 0.605442 0.451338 0.020408 0.026764
0 0.604592 0.422141 0.025510 0.031630
0 0.604592 0.381995 0.030612 0.041363
0 0.604592 0.341849 0.023810 0.034063
0 0.605442 0.300487 0.025510 0.038929
0 0.607143 0.262774 0.028912 0.034063
0 0.606293 0.228710 0.028912 0.034063
0 0.605442 0.193431 0.030612 0.036496
0 0.606293 0.155718 0.027211 0.031630
0 0.605442 0.120438 0.025510 0.041363
0 0.602891 0.075426 0.030612 0.043796
0 0.602041 0.032847 0.028912 0.034063
0 0.657313 0.875912 0.027211 0.031630
0 0.657313 0.843066 0.020408 0.031630
0 0.656463 0.813869 0.020408 0.026764
0 0.654762 0.783455 0.027211 0.026764
0 0.656463 0.748175 0.027211 0.034063
0 0.653912 0.708029 0.027211 0.036496
0 0.656463 0.664234 0.023810 0.038929
0 0.656463 0.627737 0.030612 0.031630
0 0.656463 0.590024 0.028912 0.034063
0 0.657313 0.551095 0.022109 0.036496
0 0.655612 0.506083 0.028912 0.038929
0 0.654762 0.459854 0.025510 0.041363
0 0.653912 0.417275 0.027211 0.034063
0 0.655612 0.378345 0.022109 0.038929
0 0.655612 0.338200 0.027211 0.034063
0 0.654762 0.304136 0.030612 0.034063
0 0.653912 0.270073 0.027211 0.029197
0 0.652211 0.240876 0.020408 0.024331
0 0.650510 0.214112 0.023810 0.029197
0 0.652211 0.182482 0.025510 0.029197
0 0.652211 0.145985 0.023810 0.038929
0 0.650510 0.105839 0.025510 0.036496
0 0.649660 0.065693 0.023810 0.036496
0 0.649660 0.029197 0.023810 0.031630
0 0.708333 0.851582 0.030612 0.034063
0 0.710034 0.807786 0.028912 0.041363
0 0.710884 0.763990 0.032313 0.043796
0 0.707483 0.718978 0.027211 0.043796
0 0.707483 0.675182 0.030612 0.041363
0 0.704082 0.636253 0.023810 0.026764
0 0.704082 0.602190 0.025510 0.034063
0 0.703231 0.566910 0.022109 0.031630
0 0.704082 0.532847 0.023810 0.034063
0 0.706633 0.497567 0.032313 0.029197
0 0.703231 0.464720 0.023810 0.026764
0 0.703231 0.433090 0.020408 0.029197
0 0.702381 0.405109 0.022109 0.029197
0 0.704082 0.366180 0.028912 0.038929
0 0.702381 0.323601 0.025510 0.036496
0 0.701531 0.279805 0.027211 0.038929
0 0.702381 0.239659 0.034014 0.031630
0 0.700680 0.201946 0.028912 0.041363
0 0.700680 0.160584 0.028912 0.031630
0 0.698980 0.127737 0.025510 0.031630
0 0.698980 0.093674 0.022109 0.034063
0 0.700680 0.058394 0.032313 0.029197
0 0.697279 0.026764 0.023810 0.026764
163 0.755102 0.872263 0.023810 0.029197
163 0.755102 0.846715 0.022109 0.026764
163 0.755102 0.811436 0.028912 0.041363
676 0.754252 0.767640 0.027211 0.038929
45 0.753401 0.723844 0.027211 0.038929
433 0.752551 0.683698 0.028912 0.031630
494 0.754252 0.652068 0.025510 0.024331
743 0.754252 0.622871 0.032313 0.031630
795 0.754252 0.586375 0.028912 0.036496
655 0.753401 0.549878 0.030612 0.031630
38 0.749150 0.517032 0.028912 0.026764
37 0.750000 0.486618 0.020408 0.029197
78 0.750000 0.454988 0.022109 0.026764
77 0.749150 0.424574 0.027211 0.029197
231 0.751701 0.391727 0.025510 0.029197
253 0.751701 0.358881 0.027211 0.029197
30 0.750850 0.322384 0.027211 0.031630
801 0.750000 0.284672 0.025510 0.034063
238 0.749150 0.246959 0.027211 0.029197
644 0.747449 0.210462 0.025510 0.036496
226 0.744898 0.171533 0.027211 0.034063
492 0.745748 0.137470 0.025510 0.026764
45 0.745748 0.107056 0.022109 0.026764
267 0.742347 0.080292 0.030612 0.021898
78 0.742347 0.053528 0.027211 0.029197
133 0.741497 0.024331 0.023810 0.024331
137 0.806122 0.862530 0.022109 0.026764
151 0.803571 0.834550 0.022109 0.026764
15 0.804422 0.799270 0.032313 0.034063
133 0.802721 0.760341 0.028912 0.031630
82 0.801020 0.728710 0.027211 0.029197
800 0.802721 0.692214 0.028912 0.036496
151 0.801871 0.649635 0.028912 0.038929
15 0.800170 0.610706 0.027211 0.029197
64 0.798469 0.576642 0.023810 0.034063
11 0.799320 0.537713 0.027211 0.041363
239 0.798469 0.497567 0.027211 0.026764
66 0.798469 0.463504 0.025510 0.034063
640 0.800170 0.425791 0.032313 0.036496
196 0.799320 0.390511 0.032313 0.034063
474 0.799320 0.358881 0.030612 0.026764
126 0.796769 0.321168 0.032313 0.043796
372 0.797619 0.279805 0.030612 0.031630
34 0.795918 0.245742 0.027211 0.029197
498 0.795918 0.215328 0.022109 0.026764
91 0.795068 0.184915 0.022109 0.031630
178 0.795918 0.148418 0.034014 0.034063
192 0.795068 0.111922 0.032313 0.034063
77 0.793367 0.071776 0.030612 0.043796
494 0.791667 0.026764 0.028912 0.034063
136 0.857143 0.872263 0.028912 0.026764
799 0.853741 0.836983 0.025510 0.038929
798 0.853741 0.795620 0.025510 0.038929
91 0.852041 0.754258 0.028912 0.034063
199 0.852041 0.715328 0.025510 0.031630
166 0.851190 0.677616 0.025510 0.031630
138 0.851190 0.637470 0.023810 0.036496
78 0.849490 0.594891 0.022109 0.036496
196 0.850340 0.558394 0.030612 0.031630
474 0.851190 0.521898 0.025510 0.034063
16 0.849490 0.489051 0.034014 0.026764
528 0.846939 0.453771 0.028912 0.036496
129 0.846088 0.407543 0.025510 0.038929
64 0.847789 0.366180 0.028912 0.031630
494 0.846088 0.329684 0.027211 0.031630
767 0.847789 0.294404 0.028912 0.031630
64 0.843537 0.255474 0.030612 0.038929
109 0.843537 0.215328 0.028912 0.031630
67 0.843537 0.175182 0.025510 0.036496
795 0.840986 0.135036 0.027211 0.034063
655 0.840986 0.097324 0.025510 0.034063
38 0.841837 0.062044 0.030612 0.029197
37 0.840136 0.026764 0.025510 0.034063
21 0.899660 0.864964 0.030612 0.031630
399 0.898810 0.832117 0.027211 0.031630
796 0.898810 0.801703 0.028912 0.026764
795 0.897959 0.768856 0.027211 0.031630
655 0.897109 0.729927 0.027211 0.034063
38 0.896259 0.695864 0.027211 0.034063
37 0.895408 0.658151 0.022109 0.034063
77 0.897959 0.620438 0.025510 0.036496
64 0.897109 0.579075 0.028912 0.038929
109 0.895408 0.538929 0.027211 0.036496
67 0.893707 0.495134 0.027211 0.041363
27 0.894558 0.451338 0.028912 0.036496
38 0.892857 0.416058 0.025510 0.031630
37 0.894558 0.373479 0.030612 0.038929
31 0.892007 0.333333 0.027211 0.031630
163 0.890306 0.293187 0.027211 0.038929
11 0.890306 0.251825 0.023810 0.031630
10 0.890306 0.216545 0.025510 0.034063
202 0.891156 0.186131 0.030612 0.026764
182 0.887755 0.148418 0.027211 0.041363
38 0.889456 0.110706 0.028912 0.031630
37 0.886905 0.076642 0.022109 0.029197
214 0.887755 0.046229 0.022109 0.026764
213 0.886905 0.019465 0.018707 0.024331
797 0.941327 0.866180 0.027211 0.026764
797 0.940476 0.836983 0.023810 0.026764
797 0.941327 0.804136 0.023810 0.036496
797 0.940476 0.760341 0.028912 0.041363
797 0.940476 0.716545 0.027211 0.034063
797 0.939626 0.677616 0.022109 0.036496
797 0.939626 0.635036 0.025510 0.041363
797 0.937925 0.592457 0.022109 0.034063
797 0.938776 0.554745 0.023810 0.036496
797 0.939626 0.519465 0.025510 0.026764
797 0.940476 0.487835 0.027211 0.031630
797 0.937075 0.448905 0.028912 0.038929
797 0.939626 0.407543 0.023810 0.036496
797 0.938776 0.372263 0.025510 0.029197
796 0.937075 0.336983 0.027211 0.031630
795 0.940476 0.294404 0.028912 0.038929
655 0.937075 0.253041 0.032313 0.036496
38 0.938776 0.218978 0.028912 0.029197
37 0.935374 0.188564 0.027211 0.026764
151 0.937075 0.155718 0.030612 0.031630
34 0.936224 0.119221 0.027211 0.034063
17 0.936224 0.085158 0.027211 0.031630
14 0.935374 0.054745 0.027211 0.024331
197 0.937075 0.021898 0.023810 0.036496
