0 0.291809 0.815981 0.022184 0.036320
168 0.292662 0.767554 0.027304 0.043584
33 0.294369 0.726392 0.029010 0.033898
130 0.296075 0.690073 0.025597 0.031477
129 0.297782 0.657385 0.018771 0.026634
298 0.297782 0.628329 0.022184 0.026634
589 0.299488 0.596852 0.029010 0.031477
240 0.299488 0.564165 0.027304 0.031477
28 0.302901 0.526634 0.027304 0.041162
175 0.303754 0.486683 0.025597 0.033898
224 0.303754 0.447942 0.029010 0.033898
70 0.303754 0.407990 0.027304 0.036320
156 0.305461 0.366828 0.023891 0.036320
143 0.308874 0.329298 0.030717 0.031477
175 0.308874 0.297821 0.029010 0.024213
285 0.308874 0.265133 0.030717 0.038741
143 0.338737 0.791768 0.030717 0.038741
175 0.337884 0.748184 0.025597 0.036320
516 0.339590 0.708232 0.022184 0.038741
103 0.342150 0.670702 0.030717 0.031477
481 0.343003 0.639225 0.025597 0.026634
480 0.345563 0.598063 0.030717 0.043584
29 0.346416 0.558111 0.030717 0.036320
69 0.348976 0.518160 0.029010 0.036320
91 0.348976 0.485472 0.023891 0.016949
70 0.349829 0.455206 0.027304 0.036320
156 0.350683 0.416465 0.027304 0.033898
143 0.351536 0.381356 0.020478 0.029056
136 0.353242 0.347458 0.018771 0.029056
70 0.351536 0.317191 0.029010 0.031477
69 0.354096 0.280872 0.029010 0.036320
83 0.355802 0.243341 0.030717 0.033898
33 0.354949 0.204600 0.027304 0.033898
19 0.394198 0.508475 0.027304 0.038741
29 0.392491 0.467312 0.025597 0.031477
28 0.392491 0.428571 0.029010 0.038741
69 0.393345 0.395884 0.022184 0.019370
583 0.395904 0.365617 0.027304 0.036320
214 0.393345 0.324455 0.025597 0.033898
463 0.397611 0.289346 0.018771 0.029056
19 0.397611 0.256659 0.018771 0.031477
29 0.398464 0.223971 0.022184 0.029056
28 0.401877 0.184019 0.029010 0.041162
69 0.401024 0.141646 0.027304 0.036320
463 0.401877 0.104116 0.030717 0.031477
110 0.426621 0.835351 0.027304 0.033898
213 0.426621 0.797821 0.025597 0.036320
20 0.428328 0.759080 0.025597 0.038741
70 0.430034 0.717918 0.027304 0.036320
156 0.430887 0.675545 0.025597 0.038741
143 0.431741 0.631961 0.029010 0.033898
259 0.433447 0.590799 0.025597 0.033898
516 0.435154 0.548426 0.029010 0.036320
133 0.436007 0.510896 0.034130 0.036320
70 0.440273 0.472155 0.030717 0.033898
678 0.438567 0.434625 0.030717 0.031477
13 0.440273 0.395884 0.029010 0.043584
651 0.441980 0.352300 0.027304 0.036320
175 0.441980 0.313559 0.025597 0.041162
516 0.442833 0.271186 0.029010 0.041162
133 0.443686 0.233656 0.029010 0.033898
204 0.443686 0.191283 0.029010 0.041162
125 0.473549 0.897094 0.030717 0.043584
124 0.473549 0.859564 0.029010 0.029056
305 0.475256 0.820823 0.022184 0.041162
70 0.475256 0.772397 0.027304 0.046005
156 0.477816 0.731235 0.027304 0.031477
143 0.476962 0.693705 0.023891 0.036320
65 0.477816 0.654964 0.032423 0.033898
240 0.478669 0.616223 0.023891 0.038741
106 0.479522 0.576271 0.029010 0.033898
239 0.481229 0.542373 0.027304 0.031477
677 0.484642 0.504843 0.027304 0.036320
0 0.484642 0.473366 0.022184 0.019370
197 0.486348 0.439467 0.029010 0.036320
0 0.485495 0.399516 0.027304 0.033898
63 0.487201 0.365617 0.018771 0.026634
156 0.487201 0.332930 0.020478 0.031477
143 0.487201 0.301453 0.023891 0.029056
541 0.488055 0.262712 0.027304 0.043584
481 0.488055 0.219128 0.023891 0.041162
480 0.489761 0.180387 0.018771 0.029056
29 0.490614 0.145278 0.022184 0.036320
28 0.490614 0.110169 0.025597 0.031477
135 0.750000 0.928571 0.029010 0.029056
443 0.747440 0.893462 0.025597 0.033898
74 0.747440 0.858354 0.023891 0.031477
224 0.746587 0.818402 0.022184 0.038741
406 0.745734 0.776029 0.023891 0.033898
405 0.745734 0.744552 0.020478 0.026634
224 0.746587 0.709443 0.023891 0.036320
133 0.744881 0.671913 0.025597 0.033898
85 0.744881 0.636804 0.027304 0.026634
146 0.744027 0.605327 0.027304 0.031477
507 0.743174 0.565375 0.025597 0.036320
506 0.742321 0.527845 0.029010 0.029056
505 0.741468 0.492736 0.027304 0.036320
69 0.795222 0.917676 0.020478 0.036320
91 0.792662 0.880145 0.023891 0.033898
530 0.794369 0.847458 0.029010 0.024213
13 0.791809 0.809927 0.025597 0.041162
120 0.790956 0.776029 0.027304 0.021792
64 0.789249 0.738499 0.023891 0.046005
61 0.791809 0.698547 0.027304 0.021792
112 0.790102 0.673123 0.029010 0.033898
214 0.789249 0.650121 0.027304 0.026634
156 0.789249 0.616223 0.030717 0.036320
143 0.790102 0.578692 0.025597 0.024213
676 0.787543 0.550847 0.023891 0.031477
675 0.786689 0.524213 0.020478 0.021792
420 0.786689 0.489104 0.022184 0.038741
674 0.787543 0.458838 0.025597 0.021792
69 0.786689 0.430993 0.027304 0.031477
224 0.784130 0.398305 0.022184 0.033898
133 0.784130 0.361985 0.025597 0.033898
504 0.782423 0.324455 0.027304 0.033898
69 0.782423 0.289346 0.020478 0.033898
64 0.780717 0.251816 0.025597 0.038741
83 0.779863 0.210654 0.029010 0.036320
589 0.779863 0.171913 0.032423 0.031477
135 0.779863 0.138015 0.029010 0.031477
58 0.778157 0.096852 0.030717 0.043584
69 0.839590 0.926150 0.025597 0.026634
91 0.839590 0.877724 0.027304 0.036320
148 0.835324 0.837772 0.025597 0.033898
673 0.835324 0.801453 0.022184 0.029056
107 0.835324 0.769976 0.020478 0.029056
663 0.836177 0.740920 0.023891 0.026634
662 0.837884 0.708232 0.030717 0.031477
480 0.835324 0.680387 0.029010 0.029056
29 0.835324 0.646489 0.027304 0.036320
28 0.833618 0.601695 0.029010 0.043584
136 0.834471 0.558111 0.027304 0.043584
660 0.831911 0.516949 0.023891 0.029056
183 0.832765 0.481840 0.029010 0.031477
224 0.831058 0.449153 0.022184 0.026634
21 0.827645 0.421308 0.029010 0.029056
61 0.829352 0.387409 0.023891 0.033898
112 0.828498 0.354722 0.022184 0.031477
589 0.828498 0.319613 0.025597 0.033898
135 0.829352 0.282082 0.029010 0.033898
51 0.826792 0.249395 0.023891 0.021792
9 0.826792 0.216707 0.027304 0.033898
615 0.823379 0.176755 0.027304 0.031477
65 0.824232 0.144068 0.020478 0.024213
156 0.823379 0.117433 0.023891 0.024213
143 0.822526 0.090799 0.023891 0.029056
33 0.886519 0.921308 0.029010 0.026634
656 0.885666 0.893462 0.029010 0.031477
623 0.883959 0.859564 0.027304 0.029056
121 0.883959 0.823245 0.029010 0.033898
52 0.883106 0.791768 0.029010 0.024213
0 0.880546 0.762712 0.027304 0.026634
55 0.883106 0.733656 0.025597 0.024213
481 0.883106 0.708232 0.022184 0.029056
480 0.882253 0.674334 0.025597 0.038741
29 0.881399 0.635593 0.032423 0.033898
28 0.879693 0.598063 0.027304 0.038741
63 0.878840 0.558111 0.025597 0.031477
92 0.877986 0.525424 0.027304 0.029056
68 0.877986 0.495157 0.030717 0.031477
67 0.879693 0.458838 0.029010 0.031477
2 0.878840 0.424939 0.029010 0.033898
133 0.877133 0.384988 0.025597 0.033898
58 0.877133 0.345036 0.023891 0.036320
9 0.877986 0.306295 0.030717 0.031477
68 0.875427 0.276029 0.029010 0.026634
62 0.877986 0.243341 0.029010 0.031477
497 0.876280 0.210654 0.023891 0.019370
83 0.876280 0.180387 0.027304 0.031477
589 0.872867 0.144068 0.029010 0.031477
656 0.872014 0.111380 0.020478 0.024213
623 0.872014 0.082324 0.020478 0.026634
26 0.930887 0.922518 0.018771 0.019370
26 0.930887 0.897094 0.023891 0.029056
26 0.928328 0.866828 0.027304 0.026634
26 0.930034 0.835351 0.023891 0.029056
74 0.930034 0.803874 0.029010 0.029056
142 0.929181 0.767554 0.022184 0.036320
7 0.928328 0.728814 0.030717 0.033898
13 0.929181 0.692494 0.032423 0.031477
627 0.927474 0.661017 0.029010 0.029056
626 0.928328 0.627119 0.023891 0.031477
64 0.928328 0.587167 0.025597 0.041162
83 0.926621 0.549637 0.025597 0.029056
33 0.926621 0.519370 0.025597 0.026634
156 0.928328 0.476998 0.029010 0.043584
143 0.928328 0.434625 0.030717 0.033898
155 0.927474 0.404358 0.025597 0.019370
90 0.927474 0.374092 0.030717 0.036320
62 0.924061 0.334140 0.029010 0.031477
91 0.924915 0.297821 0.020478 0.024213
121 0.924915 0.268765 0.023891 0.029056
65 0.924915 0.237288 0.027304 0.031477
214 0.924915 0.199758 0.032423 0.041162
583 0.922355 0.158596 0.027304 0.033898
142 0.924915 0.121065 0.034130 0.033898
254 0.920648 0.084746 0.029010 0.031477
