0 0.089983 0.926829 0.027165 0.031707
0 0.089983 0.891463 0.023769 0.034146
0 0.092530 0.852439 0.027165 0.041463
0 0.094228 0.801220 0.028862 0.043902
0 0.094228 0.763415 0.022071 0.021951
0 0.091681 0.729268 0.023769 0.031707
0 0.095925 0.691463 0.025467 0.026829
0 0.097623 0.654878 0.025467 0.034146
0 0.097623 0.620732 0.027165 0.024390
0 0.096774 0.592683 0.023769 0.026829
0 0.096774 0.563415 0.022071 0.026829
0 0.098472 0.530488 0.022071 0.031707
0 0.099321 0.491463 0.027165 0.036585
0 0.100170 0.450000 0.025467 0.029268
0 0.100170 0.412195 0.027165 0.031707
0 0.101019 0.378049 0.023769 0.029268
0 0.102716 0.343902 0.018676 0.031707
0 0.103565 0.310976 0.020374 0.029268
0 0.106112 0.276829 0.025467 0.034146
0 0.105263 0.237805 0.032258 0.036585
0 0.104414 0.200000 0.025467 0.036585
0 0.104414 0.162195 0.028862 0.031707
0 0.105263 0.119512 0.027165 0.048780
0 0.106961 0.071951 0.027165 0.034146
0 0.139219 0.791463 0.028862 0.036585
0 0.140068 0.752439 0.027165 0.041463
0 0.142615 0.709756 0.023769 0.034146
0 0.143463 0.671951 0.025467 0.029268
0 0.144312 0.635366 0.025467 0.029268
0 0.146010 0.597561 0.027165 0.034146
0 0.144312 0.559756 0.027165 0.034146
0 0.149406 0.514634 0.030560 0.041463
0 0.148557 0.475610 0.028862 0.031707
0 0.148557 0.441463 0.025467 0.034146
0 0.151952 0.407317 0.023769 0.029268
0 0.150255 0.363415 0.030560 0.043902
0 0.151952 0.317073 0.028862 0.036585
0 0.151952 0.274390 0.028862 0.039024
0 0.153650 0.234146 0.018676 0.034146
0 0.157046 0.197561 0.030560 0.029268
0 0.156197 0.163415 0.028862 0.031707
0 0.156197 0.130488 0.028862 0.026829
0 0.156197 0.100000 0.022071 0.029268
134 0.187606 0.779268 0.022071 0.043902
109 0.188455 0.741463 0.023769 0.034146
698 0.190153 0.701220 0.028862 0.039024
697 0.189304 0.662195 0.027165 0.031707
696 0.191851 0.624390 0.022071 0.034146
695 0.193548 0.585366 0.027165 0.031707
694 0.196095 0.551220 0.028862 0.026829
109 0.196944 0.520732 0.028862 0.029268
595 0.196944 0.489024 0.030560 0.029268
76 0.196944 0.448780 0.023769 0.041463
153 0.197793 0.408537 0.025467 0.034146
91 0.199491 0.373171 0.025467 0.031707
16 0.200340 0.337805 0.032258 0.031707
166 0.197793 0.304878 0.027165 0.029268
133 0.199491 0.271951 0.020374 0.031707
89 0.201188 0.239024 0.020374 0.026829
38 0.200340 0.203659 0.025467 0.039024
37 0.201188 0.168293 0.023769 0.026829
288 0.201188 0.129268 0.030560 0.041463
153 0.231749 0.891463 0.028862 0.026829
28 0.232598 0.769512 0.025467 0.039024
570 0.231749 0.730488 0.025467 0.036585
109 0.235144 0.687805 0.033956 0.041463
44 0.237691 0.643902 0.030560 0.034146
332 0.235993 0.604878 0.025467 0.034146
172 0.237691 0.564634 0.027165 0.036585
171 0.237691 0.528049 0.028862 0.031707
76 0.242784 0.491463 0.028862 0.041463
632 0.241087 0.450000 0.028862 0.039024
14 0.244482 0.402439 0.027165 0.039024
26 0.244482 0.362195 0.025467 0.034146
693 0.245331 0.325610 0.025467 0.031707
329 0.247029 0.290244 0.027165 0.031707
66 0.247029 0.256098 0.028862 0.031707
437 0.247878 0.215854 0.027165 0.041463
622 0.248727 0.175610 0.022071 0.036585
110 0.248727 0.139024 0.027165 0.034146
183 0.249576 0.103659 0.020374 0.026829
692 0.276740 0.770732 0.023769 0.039024
691 0.275891 0.728049 0.025467 0.036585
690 0.279287 0.690244 0.027165 0.031707
689 0.279287 0.651220 0.023769 0.029268
163 0.280985 0.615854 0.027165 0.034146
44 0.283531 0.571951 0.027165 0.043902
66 0.282683 0.524390 0.028862 0.043902
54 0.284380 0.485366 0.022071 0.029268
44 0.286078 0.456098 0.023769 0.024390
107 0.287776 0.425610 0.022071 0.029268
384 0.289474 0.390244 0.030560 0.034146
64 0.288625 0.353659 0.025467 0.034146
11 0.290323 0.318293 0.018676 0.031707
10 0.291171 0.287805 0.020374 0.029268
240 0.292869 0.256098 0.025467 0.029268
82 0.292869 0.221951 0.027165 0.031707
595 0.292869 0.184146 0.023769 0.036585
44 0.294567 0.143902 0.018676 0.034146
15 0.324278 0.824390 0.027165 0.036585
182 0.323430 0.784146 0.030560 0.034146
38 0.324278 0.748780 0.025467 0.034146
37 0.325976 0.709756 0.023769 0.034146
251 0.330221 0.674390 0.027165 0.029268
34 0.330221 0.637805 0.028862 0.036585
44 0.329372 0.601220 0.030560 0.036585
66 0.328523 0.565854 0.025467 0.026829
415 0.331070 0.535366 0.030560 0.029268
44 0.330221 0.497561 0.030560 0.036585
619 0.331070 0.452439 0.032258 0.048780
107 0.334465 0.400000 0.025467 0.046341
384 0.336163 0.352439 0.028862 0.039024
114 0.335314 0.317073 0.025467 0.024390
68 0.336163 0.285366 0.028862 0.031707
23 0.336163 0.252439 0.028862 0.031707
163 0.338710 0.209756 0.030560 0.039024
647 0.338710 0.170732 0.028862 0.034146
407 0.340407 0.134146 0.028862 0.034146
157 0.340407 0.103659 0.027165 0.026829
114 0.370119 0.903659 0.027165 0.026829
68 0.369270 0.870732 0.028862 0.036585
157 0.371817 0.826829 0.023769 0.036585
38 0.371817 0.792683 0.030560 0.026829
37 0.371817 0.754878 0.032258 0.041463
688 0.373514 0.710976 0.027165 0.039024
457 0.375212 0.678049 0.030560 0.026829
83 0.375212 0.643902 0.025467 0.039024
112 0.376061 0.607317 0.022071 0.036585
281 0.376061 0.568293 0.028862 0.031707
687 0.378608 0.534146 0.032258 0.026829
64 0.379457 0.497561 0.025467 0.036585
0 0.380306 0.456098 0.032258 0.039024
0 0.380306 0.415854 0.030560 0.034146
0 0.381154 0.374390 0.030560 0.036585
0 0.382003 0.337805 0.025467 0.026829
0 0.382852 0.306098 0.023769 0.034146
0 0.384550 0.270732 0.023769 0.034146
0 0.385399 0.235366 0.027165 0.036585
0 0.385399 0.193902 0.025467 0.039024
0 0.386248 0.158537 0.027165 0.026829
0 0.385399 0.121951 0.030560 0.041463
0 0.385399 0.080488 0.030560 0.034146
0 0.415110 0.934146 0.022071 0.031707
0 0.415959 0.901220 0.018676 0.029268
0 0.415959 0.869512 0.022071 0.026829
0 0.419355 0.832927 0.028862 0.036585
0 0.418506 0.791463 0.025467 0.031707
0 0.421053 0.751220 0.027165 0.039024
0 0.420204 0.710976 0.025467 0.031707
0 0.421053 0.680488 0.027165 0.029268
0 0.421902 0.646341 0.023769 0.031707
0 0.422750 0.613415 0.023769 0.034146
0 0.423599 0.576829 0.030560 0.031707
0 0.424448 0.542683 0.027165 0.029268
0 0.425297 0.512195 0.022071 0.029268
0 0.423599 0.480488 0.023769 0.029268
0 0.425297 0.447561 0.023769 0.034146
0 0.427844 0.414634 0.033956 0.026829
0 0.426146 0.382927 0.028862 0.031707
0 0.429542 0.345122 0.025467 0.029268
0 0.428693 0.310976 0.027165 0.029268
0 0.428693 0.281707 0.022071 0.024390
0 0.429542 0.252439 0.023769 0.034146
0 0.427844 0.210976 0.030560 0.041463
0 0.428693 0.169512 0.027165 0.036585
0 0.428693 0.128049 0.027165 0.036585
0 0.429542 0.085366 0.020374 0.039024
0 0.462649 0.930488 0.028862 0.039024
0 0.463497 0.891463 0.025467 0.031707
0 0.462649 0.854878 0.027165 0.034146
0 0.463497 0.815854 0.022071 0.031707
0 0.466044 0.781707 0.020374 0.029268
0 0.466044 0.750000 0.020374 0.031707
0 0.467742 0.710976 0.023769 0.034146
0 0.467742 0.664634 0.027165 0.041463
0 0.466893 0.623171 0.030560 0.034146
0 0.467742 0.586585 0.027165 0.031707
0 0.468591 0.551220 0.025467 0.029268
0 0.471986 0.518293 0.030560 0.031707
0 0.472835 0.482927 0.028862 0.031707
0 0.471986 0.452439 0.030560 0.026829
0 0.471138 0.421951 0.030560 0.034146
0 0.471986 0.385366 0.023769 0.029268
0 0.471986 0.353659 0.020374 0.029268
0 0.472835 0.325610 0.022071 0.029268
0 0.473684 0.287805 0.030560 0.034146
0 0.473684 0.248780 0.030560 0.036585
0 0.474533 0.209756 0.028862 0.036585
0 0.472835 0.165854 0.028862 0.041463
0 0.475382 0.124390 0.022071 0.036585
0 0.477080 0.087805 0.028862 0.029268
686 0.573854 0.952439 0.020374 0.024390
686 0.574703 0.925610 0.027165 0.026829
686 0.573854 0.896341 0.027165 0.029268
686 0.572156 0.859756 0.020374 0.031707
521 0.572156 0.826829 0.016978 0.026829
571 0.571307 0.796341 0.020374 0.031707
260 0.573854 0.758537 0.025467 0.036585
136 0.571307 0.714634 0.028862 0.041463
43 0.573005 0.673171 0.033956 0.034146
224 0.571307 0.634146 0.030560 0.031707
38 0.572156 0.593902 0.030560 0.039024
37 0.573005 0.556098 0.028862 0.031707
255 0.572156 0.523171 0.023769 0.029268
436 0.573005 0.493902 0.020374 0.026829
136 0.570458 0.462195 0.025467 0.031707
157 0.573005 0.421951 0.030560 0.036585
38 0.571307 0.385366 0.028862 0.029268
37 0.573005 0.350000 0.022071 0.029268
43 0.573005 0.312195 0.023769 0.036585
499 0.573854 0.275610 0.025467 0.031707
23 0.573005 0.241463 0.027165 0.034146
397 0.574703 0.197561 0.028862 0.046341
80 0.574703 0.154878 0.027165 0.034146
436 0.572156 0.118293 0.028862 0.026829
479 0.574703 0.091463 0.032258 0.043902
685 0.618846 0.945122 0.025467 0.031707
685 0.617148 0.913415 0.028862 0.026829
685 0.619694 0.881707 0.027165 0.034146
685 0.618846 0.845122 0.023769 0.031707
685 0.618846 0.814634 0.025467 0.029268
685 0.618846 0.779268 0.028862 0.031707
685 0.615450 0.741463 0.027165 0.036585
685 0.617148 0.707317 0.023769 0.026829
260 0.619694 0.671951 0.027165 0.031707
479 0.618846 0.637805 0.020374 0.029268
64 0.618846 0.604878 0.020374 0.029268
679 0.617148 0.576829 0.023769 0.026829
684 0.619694 0.539024 0.023769 0.039024
64 0.617997 0.495122 0.028862 0.041463
116 0.619694 0.454878 0.028862 0.031707
84 0.617148 0.423171 0.028862 0.026829
29 0.617148 0.385366 0.028862 0.039024
315 0.619694 0.348780 0.025467 0.024390
407 0.617997 0.315854 0.018676 0.029268
214 0.617148 0.286585 0.022071 0.029268
213 0.617148 0.256098 0.025467 0.024390
91 0.616299 0.220732 0.028862 0.041463
16 0.618846 0.178049 0.027165 0.031707
316 0.618846 0.146341 0.025467 0.029268
157 0.619694 0.114634 0.025467 0.031707
38 0.617997 0.081707 0.025467 0.024390
37 0.667233 0.943902 0.027165 0.029268
37 0.666384 0.914634 0.023769 0.026829
43 0.666384 0.886585 0.018676 0.026829
76 0.667233 0.856098 0.023769 0.031707
114 0.664686 0.819512 0.025467 0.034146
82 0.665535 0.781707 0.025467 0.031707
384 0.665535 0.746341 0.023769 0.031707
14 0.662988 0.710976 0.030560 0.034146
248 0.663837 0.674390 0.028862 0.031707
23 0.665535 0.634146 0.028862 0.039024
30 0.665535 0.592683 0.027165 0.029268
132 0.665535 0.556098 0.027165 0.036585
504 0.662988 0.512195 0.027165 0.041463
363 0.662139 0.469512 0.027165 0.039024
193 0.663837 0.424390 0.022071 0.041463
564 0.664686 0.382927 0.022071 0.034146
136 0.665535 0.346341 0.020374 0.031707
157 0.663837 0.308537 0.028862 0.039024
38 0.662988 0.265854 0.028862 0.041463
37 0.662139 0.225610 0.028862 0.036585
683 0.662988 0.182927 0.027165 0.036585
154 0.663837 0.145122 0.022071 0.034146
407 0.664686 0.112195 0.028862 0.024390
193 0.664686 0.081707 0.028862 0.029268
64 0.707131 0.943902 0.023769 0.026829
64 0.707980 0.912195 0.022071 0.029268
64 0.710526 0.878049 0.023769 0.034146
64 0.712224 0.840244 0.028862 0.034146
64 0.708829 0.806098 0.025467 0.029268
64 0.710526 0.773171 0.022071 0.029268
165 0.709677 0.741463 0.025467 0.029268
360 0.710526 0.710976 0.028862 0.031707
457 0.709677 0.674390 0.028862 0.031707
83 0.709677 0.641463 0.028862 0.029268
260 0.708829 0.606098 0.028862 0.034146
178 0.708829 0.568293 0.027165 0.036585
66 0.708829 0.532927 0.020374 0.031707
282 0.710526 0.500000 0.030560 0.029268
83 0.709677 0.468293 0.025467 0.029268
21 0.708829 0.432927 0.030560 0.031707
31 0.707980 0.402439 0.028862 0.024390
26 0.709677 0.371951 0.023769 0.031707
83 0.710526 0.339024 0.030560 0.029268
149 0.708829 0.307317 0.025467 0.026829
77 0.711375 0.278049 0.020374 0.026829
30 0.711375 0.250000 0.022071 0.026829
205 0.712224 0.213415 0.028862 0.036585
114 0.709677 0.178049 0.023769 0.031707
68 0.708829 0.142683 0.027165 0.031707
157 0.709677 0.112195 0.028862 0.026829
38 0.707980 0.078049 0.027165 0.029268
213 0.757216 0.219512 0.033956 0.053659
91 0.755518 0.163415 0.028862 0.046341
16 0.754669 0.118293 0.027165 0.031707
316 0.752971 0.080488 0.022071 0.031707
157 0.807301 0.941463 0.020374 0.024390
157 0.806452 0.923171 0.022071 0.029268
157 0.805603 0.886585 0.028862 0.034146
38 0.803905 0.845122 0.027165 0.034146
37 0.803905 0.808537 0.027165 0.034146
674 0.803905 0.769512 0.028862 0.031707
248 0.803905 0.735366 0.028862 0.034146
23 0.803056 0.698780 0.025467 0.031707
30 0.804754 0.663415 0.027165 0.036585
99 0.805603 0.625610 0.028862 0.039024
504 0.806452 0.587805 0.030560 0.036585
682 0.806452 0.551220 0.032258 0.029268
384 0.804754 0.517073 0.028862 0.034146
16 0.806452 0.482927 0.028862 0.031707
186 0.805603 0.448780 0.028862 0.034146
153 0.803056 0.414634 0.023769 0.031707
681 0.803056 0.382927 0.022071 0.026829
107 0.801358 0.354878 0.022071 0.029268
384 0.801358 0.319512 0.028862 0.039024
64 0.800509 0.279268 0.027165 0.039024
133 0.800509 0.240244 0.025467 0.036585
88 0.799660 0.203659 0.027165 0.034146
87 0.801358 0.165854 0.028862 0.031707
107 0.800509 0.136585 0.032258 0.026829
384 0.801358 0.108537 0.032258 0.031707
176 0.800509 0.075610 0.030560 0.031707
680 0.853990 0.932927 0.023769 0.029268
680 0.853141 0.902439 0.027165 0.029268
29 0.853141 0.868293 0.025467 0.036585
64 0.853990 0.826829 0.030560 0.034146
317 0.852292 0.787805 0.025467 0.034146
166 0.853141 0.750000 0.032258 0.039024
240 0.851443 0.706098 0.030560 0.041463
82 0.853141 0.664634 0.028862 0.036585
84 0.853990 0.623171 0.028862 0.029268
679 0.853141 0.589024 0.023769 0.031707
68 0.853141 0.553659 0.030560 0.031707
163 0.852292 0.518293 0.027165 0.036585
165 0.853990 0.474390 0.030560 0.039024
678 0.851443 0.431707 0.025467 0.031707
244 0.852292 0.396341 0.025467 0.029268
87 0.851443 0.358537 0.030560 0.029268
107 0.850594 0.323171 0.025467 0.036585
384 0.852292 0.291463 0.032258 0.026829
68 0.850594 0.259756 0.030560 0.029268
23 0.850594 0.225610 0.027165 0.036585
163 0.849745 0.185366 0.023769 0.034146
677 0.849745 0.151220 0.028862 0.029268
154 0.848896 0.114634 0.030560 0.036585
407 0.848048 0.076829 0.027165 0.029268
157 0.898981 0.928049 0.028862 0.029268
38 0.900679 0.898780 0.027165 0.029268
37 0.901528 0.862195 0.027165 0.036585
142 0.902377 0.820732 0.025467 0.031707
253 0.902377 0.791463 0.023769 0.029268
338 0.903226 0.757317 0.032258 0.029268
676 0.900679 0.724390 0.025467 0.026829
205 0.901528 0.695122 0.020374 0.026829
68 0.901528 0.660976 0.028862 0.031707
163 0.901528 0.624390 0.025467 0.034146
157 0.901528 0.587805 0.028862 0.034146
38 0.900679 0.552439 0.023769 0.031707
37 0.901528 0.514634 0.030560 0.036585
163 0.901528 0.476829 0.033956 0.031707
165 0.898132 0.442683 0.027165 0.031707
183 0.899830 0.406098 0.025467 0.036585
325 0.899830 0.360976 0.028862 0.041463
80 0.899830 0.318293 0.028862 0.036585
675 0.900679 0.280488 0.025467 0.026829
100 0.898132 0.250000 0.028862 0.029268
317 0.898132 0.214634 0.032258 0.029268
407 0.898132 0.182927 0.030560 0.026829
214 0.898132 0.147561 0.030560 0.039024
213 0.896435 0.110976 0.027165 0.026829
91 0.897284 0.075610 0.030560 0.029268
16 0.945671 0.917073 0.025467 0.031707
16 0.947368 0.885366 0.027165 0.029268
316 0.945671 0.842683 0.025467 0.039024
157 0.948217 0.803659 0.028862 0.031707
38 0.948217 0.768293 0.028862 0.031707
37 0.948217 0.732927 0.027165 0.031707
674 0.948217 0.693902 0.028862 0.039024
11 0.949066 0.653659 0.028862 0.031707
10 0.948217 0.619512 0.022071 0.029268
673 0.948217 0.586585 0.018676 0.029268
23 0.948217 0.557317 0.020374 0.029268
30 0.948217 0.521951 0.028862 0.039024
126 0.948217 0.479268 0.025467 0.039024
125 0.947368 0.442683 0.027165 0.031707
267 0.949066 0.409756 0.027165 0.031707
497 0.947368 0.380488 0.022071 0.024390
254 0.948217 0.350000 0.022071 0.026829
38 0.948217 0.319512 0.025467 0.029268
37 0.949066 0.289024 0.027165 0.034146
284 0.949066 0.252439 0.028862 0.031707
672 0.948217 0.220732 0.028862 0.029268
214 0.947368 0.186585 0.030560 0.034146
213 0.945671 0.147561 0.025467 0.036585
91 0.945671 0.108537 0.020374 0.034146
16 0.945671 0.074390 0.025467 0.024390
