173 0.296980 0.931762 0.028523 0.037221
173 0.301174 0.893300 0.031879 0.037221
173 0.299497 0.854839 0.023490 0.034739
29 0.301174 0.817618 0.036913 0.034739
28 0.299497 0.780397 0.023490 0.034739
68 0.300336 0.740695 0.030201 0.034739
531 0.299497 0.700993 0.030201 0.034739
127 0.300336 0.660050 0.026846 0.042184
29 0.299497 0.617866 0.026846 0.032258
28 0.300336 0.578164 0.026846 0.037221
285 0.302013 0.540943 0.023490 0.032258
127 0.302852 0.512407 0.028523 0.022333
29 0.302013 0.481390 0.025168 0.034739
28 0.303691 0.444169 0.028523 0.037221
68 0.304530 0.404467 0.031879 0.034739
531 0.304530 0.367246 0.025168 0.032258
65 0.304530 0.333747 0.028523 0.034739
22 0.306208 0.297767 0.030201 0.032258
64 0.304530 0.260546 0.031879 0.032258
136 0.304530 0.222084 0.033557 0.037221
22 0.303691 0.181141 0.026846 0.039702
13 0.306208 0.136476 0.033557 0.037221
227 0.305369 0.090571 0.031879 0.047146
105 0.345638 0.931762 0.031879 0.037221
764 0.345638 0.894541 0.031879 0.029777
105 0.346477 0.859801 0.028523 0.034739
90 0.347315 0.816377 0.030201 0.037221
107 0.345638 0.767990 0.021812 0.042184
133 0.348154 0.727047 0.031879 0.032258
426 0.348154 0.686104 0.026846 0.037221
425 0.348154 0.651365 0.028523 0.027295
22 0.351510 0.615385 0.026846 0.042184
357 0.349832 0.574442 0.028523 0.029777
285 0.348993 0.542184 0.023490 0.032258
127 0.349832 0.506203 0.025168 0.029777
29 0.349832 0.471464 0.031879 0.032258
28 0.348993 0.430521 0.030201 0.037221
13 0.349832 0.385856 0.028523 0.037221
105 0.350671 0.348635 0.023490 0.034739
83 0.350671 0.311414 0.026846 0.034739
90 0.349832 0.272953 0.025168 0.034739
22 0.351510 0.235732 0.023490 0.034739
54 0.351510 0.194789 0.028523 0.039702
763 0.353188 0.152605 0.026846 0.034739
13 0.352349 0.119107 0.030201 0.027295
46 0.350671 0.085608 0.033557 0.034739
141 0.393456 0.931762 0.028523 0.032258
141 0.391779 0.892060 0.030201 0.039702
141 0.391779 0.849876 0.026846 0.029777
65 0.393456 0.810174 0.023490 0.039702
64 0.393456 0.770471 0.030201 0.034739
156 0.391779 0.735732 0.025168 0.029777
143 0.392617 0.702233 0.025168 0.029777
748 0.392617 0.669975 0.023490 0.029777
92 0.393456 0.631514 0.033557 0.034739
56 0.392617 0.591811 0.023490 0.034739
133 0.395134 0.552109 0.026846 0.037221
22 0.394295 0.509926 0.021812 0.039702
34 0.393456 0.467742 0.030201 0.037221
3 0.393456 0.423077 0.026846 0.042184
274 0.396812 0.383375 0.026846 0.034739
541 0.396812 0.351117 0.025168 0.027295
127 0.395973 0.320099 0.028523 0.029777
29 0.394295 0.287841 0.028523 0.027295
28 0.395134 0.250620 0.026846 0.039702
33 0.395973 0.209677 0.028523 0.042184
127 0.395973 0.167494 0.031879 0.037221
29 0.397651 0.122829 0.030201 0.039702
28 0.397651 0.081886 0.028523 0.029777
762 0.437919 0.928040 0.030201 0.032258
52 0.438758 0.894541 0.025168 0.032258
19 0.437919 0.852357 0.030201 0.042184
29 0.438758 0.805211 0.028523 0.044665
28 0.438758 0.759305 0.026846 0.037221
105 0.437919 0.724566 0.026846 0.029777
13 0.438758 0.691067 0.025168 0.032258
59 0.438758 0.658809 0.020134 0.024814
58 0.437919 0.624069 0.025168 0.037221
3 0.439597 0.581886 0.023490 0.039702
51 0.439597 0.543424 0.025168 0.037221
9 0.442114 0.502481 0.028523 0.034739
59 0.440436 0.466501 0.028523 0.032258
142 0.440436 0.428040 0.021812 0.044665
28 0.440436 0.383375 0.028523 0.034739
67 0.440436 0.343672 0.023490 0.034739
4 0.440436 0.308933 0.026846 0.032258
145 0.438758 0.275434 0.026846 0.029777
144 0.442114 0.240695 0.026846 0.032258
13 0.442114 0.202233 0.025168 0.039702
156 0.441275 0.160050 0.028523 0.039702
143 0.442114 0.116625 0.026846 0.037221
75 0.441275 0.081886 0.028523 0.029777
345 0.482383 0.929280 0.023490 0.034739
345 0.482383 0.893300 0.021812 0.029777
345 0.482383 0.854839 0.021812 0.037221
345 0.483221 0.817618 0.028523 0.027295
345 0.484060 0.787841 0.021812 0.024814
345 0.484060 0.754342 0.021812 0.032258
345 0.483221 0.719603 0.026846 0.029777
345 0.484899 0.682382 0.026846 0.039702
13 0.485738 0.642680 0.025168 0.034739
54 0.484899 0.600496 0.026846 0.039702
52 0.484899 0.555831 0.026846 0.039702
549 0.483221 0.514888 0.026846 0.034739
548 0.483221 0.476427 0.020134 0.037221
201 0.484060 0.440447 0.021812 0.034739
22 0.484060 0.401985 0.025168 0.032258
33 0.483221 0.361042 0.025168 0.044665
496 0.484060 0.325062 0.021812 0.027295
67 0.484060 0.287841 0.023490 0.034739
2 0.483221 0.249380 0.025168 0.034739
133 0.484060 0.212159 0.026846 0.032258
51 0.484060 0.171216 0.023490 0.037221
9 0.483221 0.135236 0.026846 0.032258
62 0.483221 0.096774 0.028523 0.042184
29 0.571309 0.946650 0.028523 0.029777
28 0.570470 0.913151 0.026846 0.034739
132 0.572987 0.882134 0.026846 0.022333
254 0.569631 0.848635 0.028523 0.037221
26 0.567114 0.806452 0.028523 0.039702
136 0.567953 0.763027 0.028523 0.037221
746 0.566275 0.722084 0.026846 0.037221
623 0.566275 0.683623 0.020134 0.034739
3 0.566275 0.648883 0.020134 0.034739
127 0.564597 0.604218 0.025168 0.042184
29 0.564597 0.559553 0.021812 0.034739
28 0.563758 0.524814 0.021812 0.034739
231 0.562919 0.482630 0.023490 0.039702
61 0.564597 0.445409 0.026846 0.029777
69 0.563758 0.413151 0.023490 0.029777
761 0.562081 0.374690 0.028523 0.037221
127 0.562081 0.328784 0.030201 0.044665
622 0.560403 0.287841 0.028523 0.032258
73 0.559564 0.245658 0.030201 0.044665
530 0.560403 0.200993 0.026846 0.039702
34 0.558725 0.165012 0.026846 0.024814
310 0.558725 0.130273 0.025168 0.042184
33 0.558725 0.090571 0.028523 0.037221
15 0.614933 0.930521 0.026846 0.029777
15 0.615772 0.898263 0.026846 0.027295
15 0.614094 0.869727 0.023490 0.029777
103 0.614933 0.828784 0.023490 0.037221
760 0.613255 0.785360 0.033557 0.034739
176 0.611577 0.745658 0.025168 0.037221
549 0.610738 0.704715 0.026846 0.037221
548 0.612416 0.660050 0.028523 0.037221
3 0.610738 0.620347 0.025168 0.034739
127 0.609060 0.588089 0.021812 0.022333
29 0.610738 0.555831 0.031879 0.032258
28 0.609899 0.521092 0.026846 0.027295
75 0.609060 0.490074 0.026846 0.032258
54 0.609060 0.455335 0.028523 0.029777
74 0.608221 0.416873 0.023490 0.039702
73 0.608221 0.378412 0.028523 0.037221
26 0.606544 0.333747 0.026846 0.039702
622 0.608221 0.289082 0.028523 0.039702
127 0.604027 0.248139 0.030201 0.037221
29 0.604027 0.210918 0.026846 0.029777
28 0.604027 0.177419 0.026846 0.032258
280 0.603188 0.135236 0.028523 0.047146
68 0.601510 0.086849 0.030201 0.037221
189 0.739094 0.486352 0.023490 0.032258
204 0.739094 0.446650 0.023490 0.037221
54 0.737416 0.406948 0.030201 0.034739
15 0.734899 0.367246 0.025168 0.034739
63 0.736577 0.328784 0.026846 0.034739
19 0.734060 0.243176 0.028523 0.042184
123 0.733221 0.202233 0.026846 0.032258
622 0.792785 0.856079 0.028523 0.037221
73 0.792785 0.810174 0.025168 0.039702
45 0.791946 0.761787 0.025168 0.047146
44 0.790268 0.718362 0.028523 0.029777
26 0.788591 0.678660 0.023490 0.042184
52 0.786074 0.632754 0.025168 0.037221
515 0.786074 0.596774 0.021812 0.037221
231 0.787752 0.553350 0.028523 0.044665
61 0.785235 0.511166 0.025168 0.032258
85 0.783557 0.475186 0.021812 0.034739
547 0.784396 0.439206 0.028523 0.032258
285 0.781879 0.408189 0.028523 0.029777
64 0.780201 0.377171 0.026846 0.032258
549 0.780201 0.338710 0.025168 0.034739
548 0.780201 0.299007 0.031879 0.034739
3 0.778523 0.263027 0.023490 0.034739
541 0.778523 0.225806 0.023490 0.037221
127 0.777685 0.188586 0.030201 0.034739
29 0.776007 0.148883 0.026846 0.037221
28 0.774329 0.069479 0.028523 0.032258
29 0.836409 0.841191 0.026846 0.032258
28 0.836409 0.806452 0.023490 0.029777
75 0.834732 0.774194 0.023490 0.032258
345 0.834732 0.736973 0.028523 0.032258
13 0.832215 0.702233 0.025168 0.034739
54 0.833893 0.658809 0.026846 0.042184
11 0.833054 0.619107 0.030201 0.032258
183 0.829698 0.581886 0.025168 0.039702
530 0.828859 0.538462 0.026846 0.037221
26 0.828020 0.498759 0.021812 0.034739
64 0.828859 0.460298 0.028523 0.034739
61 0.828020 0.421836 0.025168 0.032258
112 0.827181 0.384615 0.026846 0.037221
57 0.827181 0.346154 0.026846 0.032258
43 0.824664 0.305211 0.028523 0.042184
26 0.823826 0.266749 0.020134 0.029777
54 0.823826 0.225806 0.028523 0.039702
248 0.821309 0.184864 0.021812 0.034739
26 0.820470 0.143921 0.020134 0.039702
121 0.880872 0.843672 0.028523 0.037221
56 0.878356 0.799007 0.026846 0.037221
759 0.878356 0.759305 0.026846 0.032258
425 0.877517 0.717122 0.030201 0.037221
758 0.875000 0.681141 0.021812 0.027295
295 0.874161 0.645161 0.026846 0.037221
20 0.872483 0.601737 0.025168 0.037221
127 0.873322 0.559553 0.018456 0.034739
29 0.872483 0.528536 0.020134 0.019851
28 0.871644 0.497519 0.023490 0.032258
345 0.870805 0.460298 0.023490 0.034739
337 0.871644 0.426799 0.020134 0.027295
13 0.869966 0.394541 0.028523 0.032258
54 0.869966 0.358561 0.025168 0.029777
224 0.869128 0.322581 0.030201 0.029777
64 0.867450 0.287841 0.025168 0.034739
175 0.866611 0.246898 0.023490 0.037221
516 0.867450 0.207196 0.026846 0.037221
33 0.866611 0.166253 0.026846 0.034739
747 0.865772 0.130273 0.025168 0.032258
13 0.864094 0.095533 0.021812 0.029777
746 0.863255 0.065757 0.028523 0.029777
346 0.921141 0.921836 0.026846 0.029777
19 0.921141 0.890819 0.025168 0.029777
224 0.921141 0.856079 0.028523 0.037221
613 0.920302 0.816377 0.025168 0.034739
139 0.917785 0.736973 0.021812 0.029777
174 0.917785 0.708437 0.028523 0.024814
109 0.918624 0.677419 0.025168 0.032258
33 0.918624 0.642680 0.023490 0.027295
243 0.918624 0.612903 0.026846 0.024814
128 0.918624 0.580645 0.028523 0.034739
346 0.916946 0.534739 0.026846 0.044665
19 0.916946 0.491315 0.028523 0.037221
56 0.915268 0.450372 0.026846 0.042184
167 0.914430 0.408189 0.021812 0.039702
106 0.913591 0.372208 0.021812 0.029777
337 0.913591 0.334988 0.021812 0.034739
13 0.914430 0.297767 0.025168 0.037221
346 0.911074 0.261787 0.028523 0.029777
108 0.912752 0.223325 0.028523 0.044665
11 0.911913 0.179901 0.028523 0.034739
19 0.910235 0.142680 0.028523 0.032258
224 0.909396 0.107940 0.021812 0.034739
613 0.908557 0.069479 0.021812 0.037221
