659 0.295222 0.927361 0.027304 0.031477
3 0.295222 0.893462 0.027304 0.036320
264 0.296075 0.854722 0.027304 0.041162
75 0.296075 0.806295 0.025597 0.041162
158 0.297782 0.766344 0.032423 0.031477
135 0.297782 0.726392 0.030717 0.036320
285 0.296928 0.684019 0.023891 0.036320
64 0.300341 0.642857 0.027304 0.043584
658 0.300341 0.604116 0.029010 0.031477
55 0.302901 0.566586 0.027304 0.033898
657 0.303754 0.520581 0.023891 0.043584
202 0.303754 0.483051 0.027304 0.026634
541 0.305461 0.446731 0.029010 0.033898
481 0.305461 0.412833 0.025597 0.021792
480 0.306314 0.382567 0.027304 0.033898
656 0.303754 0.342615 0.029010 0.031477
29 0.306314 0.308717 0.020478 0.029056
28 0.308874 0.274818 0.022184 0.033898
65 0.307167 0.242131 0.025597 0.031477
117 0.311433 0.210654 0.023891 0.026634
4 0.310580 0.175545 0.025597 0.036320
13 0.311433 0.130751 0.029010 0.043584
171 0.312287 0.089588 0.030717 0.031477
370 0.338737 0.921308 0.034130 0.041162
52 0.339590 0.905569 0.034130 0.029056
83 0.339590 0.875303 0.034130 0.029056
481 0.340444 0.837772 0.025597 0.043584
480 0.340444 0.788136 0.027304 0.041162
29 0.339590 0.746973 0.029010 0.036320
28 0.340444 0.707022 0.023891 0.031477
199 0.342150 0.669492 0.025597 0.031477
11 0.342150 0.638015 0.025597 0.026634
224 0.343003 0.596852 0.025597 0.046005
223 0.345563 0.548426 0.022184 0.043584
56 0.345563 0.504843 0.020478 0.036320
133 0.346416 0.468523 0.023891 0.033898
110 0.346416 0.421308 0.027304 0.038741
69 0.348123 0.380145 0.027304 0.036320
3 0.347270 0.346247 0.032423 0.029056
584 0.348123 0.308717 0.032423 0.041162
623 0.350683 0.266344 0.027304 0.033898
121 0.350683 0.232446 0.029010 0.031477
109 0.350683 0.205811 0.022184 0.024213
133 0.350683 0.174334 0.025597 0.029056
171 0.352389 0.135593 0.030717 0.033898
170 0.352389 0.095642 0.029010 0.036320
75 0.384812 0.930993 0.032423 0.026634
4 0.384812 0.901937 0.025597 0.031477
34 0.386519 0.866828 0.029010 0.036320
3 0.385666 0.829298 0.030717 0.031477
541 0.383959 0.791768 0.023891 0.033898
298 0.387372 0.753027 0.032423 0.031477
481 0.386519 0.721550 0.027304 0.029056
480 0.384812 0.690073 0.029010 0.024213
29 0.388225 0.657385 0.027304 0.033898
28 0.389932 0.618644 0.030717 0.033898
106 0.389932 0.587167 0.023891 0.021792
33 0.390785 0.554479 0.029010 0.033898
63 0.389932 0.518160 0.023891 0.029056
92 0.389932 0.485472 0.020478 0.026634
68 0.390785 0.455206 0.020478 0.026634
67 0.389932 0.424939 0.023891 0.031477
2 0.392491 0.387409 0.023891 0.036320
133 0.391638 0.345036 0.030717 0.043584
51 0.392491 0.302663 0.025597 0.033898
9 0.394198 0.268765 0.025597 0.033898
541 0.395904 0.232446 0.030717 0.036320
62 0.393345 0.192494 0.023891 0.033898
26 0.396758 0.159806 0.027304 0.026634
531 0.396758 0.128329 0.029010 0.036320
69 0.395904 0.092010 0.029010 0.031477
28 0.434300 0.676755 0.030717 0.038741
544 0.434300 0.629540 0.027304 0.041162
26 0.434300 0.587167 0.029010 0.029056
558 0.435154 0.553269 0.029010 0.026634
90 0.436007 0.521792 0.020478 0.026634
33 0.437713 0.470944 0.030717 0.038741
156 0.437713 0.430993 0.027304 0.029056
143 0.441126 0.393462 0.030717 0.041162
155 0.441126 0.357143 0.023891 0.021792
552 0.441126 0.324455 0.027304 0.036320
274 0.439420 0.285714 0.029010 0.033898
643 0.441980 0.249395 0.020478 0.029056
636 0.442833 0.216707 0.018771 0.031477
103 0.442833 0.185230 0.023891 0.031477
571 0.443686 0.146489 0.030717 0.038741
26 0.443686 0.100484 0.029010 0.041162
647 0.474403 0.924939 0.030717 0.038741
238 0.476962 0.880145 0.032423 0.041162
655 0.478669 0.834140 0.030717 0.043584
240 0.478669 0.784504 0.023891 0.041162
214 0.478669 0.745763 0.029010 0.031477
98 0.479522 0.705811 0.023891 0.041162
580 0.478669 0.654964 0.027304 0.043584
425 0.480375 0.612591 0.025597 0.036320
52 0.480375 0.584746 0.025597 0.026634
86 0.482082 0.552058 0.023891 0.036320
26 0.482935 0.512107 0.027304 0.033898
34 0.481229 0.474576 0.025597 0.038741
64 0.480375 0.434625 0.029010 0.036320
83 0.483788 0.391041 0.027304 0.041162
435 0.485495 0.345036 0.025597 0.033898
109 0.484642 0.307506 0.029010 0.033898
26 0.485495 0.272397 0.030717 0.031477
25 0.486348 0.234867 0.027304 0.038741
82 0.486348 0.193705 0.027304 0.038741
33 0.486348 0.152542 0.030717 0.041162
19 0.487201 0.108959 0.030717 0.043584
648 0.756826 0.937046 0.029010 0.026634
463 0.755973 0.904358 0.030717 0.031477
224 0.757679 0.869249 0.030717 0.029056
34 0.756826 0.832930 0.029010 0.036320
618 0.755119 0.791768 0.027304 0.038741
69 0.754266 0.751816 0.027304 0.038741
253 0.753413 0.713075 0.027304 0.036320
13 0.755119 0.673123 0.032423 0.031477
130 0.751706 0.638015 0.030717 0.033898
129 0.751706 0.607748 0.029010 0.026634
397 0.750000 0.577482 0.032423 0.033898
396 0.748294 0.536320 0.027304 0.036320
69 0.747440 0.498789 0.022184 0.033898
228 0.748294 0.461259 0.032423 0.031477
129 0.800341 0.739709 0.030717 0.043584
653 0.799488 0.696126 0.027304 0.038741
652 0.796928 0.656174 0.025597 0.038741
69 0.797782 0.616223 0.025597 0.031477
228 0.797782 0.578692 0.027304 0.036320
651 0.795222 0.539952 0.029010 0.029056
589 0.796075 0.502421 0.030717 0.033898
443 0.793515 0.463680 0.023891 0.041162
520 0.793515 0.421308 0.025597 0.036320
274 0.790102 0.372881 0.027304 0.046005
64 0.790956 0.335351 0.027304 0.024213
70 0.790102 0.305085 0.030717 0.026634
457 0.786689 0.276029 0.025597 0.029056
456 0.786689 0.242131 0.029010 0.031477
637 0.784983 0.210654 0.022184 0.024213
654 0.783276 0.185230 0.025597 0.031477
481 0.783276 0.146489 0.022184 0.036320
595 0.784130 0.104116 0.025597 0.038741
64 0.850683 0.895884 0.030717 0.031477
64 0.849829 0.863196 0.022184 0.029056
64 0.848976 0.829298 0.022184 0.036320
64 0.849829 0.791768 0.030717 0.033898
64 0.848976 0.749395 0.029010 0.043584
64 0.848976 0.704600 0.027304 0.041162
86 0.847270 0.657385 0.035836 0.046005
55 0.846416 0.611380 0.034130 0.038741
107 0.845563 0.569007 0.030717 0.031477
650 0.845563 0.533898 0.030717 0.031477
282 0.842150 0.493947 0.032423 0.038741
463 0.837884 0.458838 0.022184 0.021792
56 0.838737 0.426150 0.025597 0.031477
196 0.837031 0.387409 0.029010 0.033898
154 0.835324 0.348668 0.027304 0.033898
249 0.836177 0.303874 0.027304 0.041162
224 0.835324 0.267554 0.029010 0.031477
618 0.835324 0.236077 0.025597 0.026634
0 0.834471 0.203390 0.032423 0.031477
26 0.833618 0.171913 0.029010 0.031477
34 0.833618 0.131961 0.023891 0.036320
552 0.900171 0.894673 0.032423 0.026634
274 0.897611 0.866828 0.029010 0.026634
171 0.899317 0.832930 0.027304 0.031477
170 0.899317 0.789346 0.022184 0.041162
75 0.899317 0.750605 0.030717 0.026634
4 0.896758 0.715496 0.027304 0.033898
240 0.897611 0.680387 0.029010 0.033898
239 0.897611 0.645278 0.023891 0.026634
64 0.897611 0.610169 0.030717 0.036320
171 0.895904 0.565375 0.030717 0.038741
170 0.894198 0.530266 0.025597 0.019370
75 0.894198 0.496368 0.030717 0.036320
196 0.889932 0.457627 0.029010 0.029056
586 0.889078 0.426150 0.018771 0.024213
133 0.888225 0.392252 0.022184 0.031477
26 0.886519 0.360775 0.023891 0.029056
34 0.885666 0.324455 0.029010 0.033898
68 0.887372 0.290557 0.029010 0.024213
13 0.885666 0.263923 0.027304 0.024213
26 0.887372 0.233656 0.029010 0.031477
121 0.884812 0.197337 0.025597 0.036320
343 0.884812 0.159806 0.025597 0.033898
13 0.883959 0.127119 0.029010 0.024213
129 0.945392 0.912833 0.025597 0.033898
648 0.947099 0.878935 0.027304 0.029056
91 0.944539 0.841404 0.022184 0.036320
224 0.944539 0.805085 0.027304 0.031477
579 0.943686 0.771186 0.025597 0.031477
171 0.943686 0.736077 0.025597 0.033898
170 0.941980 0.693705 0.022184 0.038741
75 0.941126 0.652542 0.027304 0.033898
4 0.940273 0.618644 0.029010 0.029056
34 0.939420 0.582324 0.025597 0.031477
64 0.938567 0.555690 0.027304 0.024213
83 0.937713 0.521792 0.025597 0.033898
109 0.937713 0.483051 0.029010 0.033898
224 0.937713 0.449153 0.023891 0.026634
647 0.936007 0.414044 0.025597 0.029056
238 0.936007 0.376513 0.029010 0.031477
280 0.935154 0.338983 0.022184 0.038741
649 0.935154 0.302663 0.029010 0.031477
639 0.934300 0.271186 0.022184 0.026634
638 0.934300 0.234867 0.023891 0.031477
69 0.933447 0.203390 0.020478 0.026634
64 0.930034 0.175545 0.027304 0.029056
214 0.930887 0.138015 0.027304 0.033898
19 0.930034 0.099274 0.029010 0.038741
