0 0.088533 0.871921 0.023609 0.036946
0 0.091062 0.827586 0.026981 0.034483
0 0.090219 0.794335 0.021922 0.029557
0 0.089376 0.763547 0.026981 0.027094
0 0.090219 0.732759 0.025295 0.029557
0 0.091062 0.688424 0.025295 0.044335
0 0.091062 0.647783 0.026981 0.029557
0 0.092749 0.612069 0.025295 0.032020
0 0.095278 0.575123 0.026981 0.034483
0 0.093592 0.534483 0.025295 0.036946
0 0.095278 0.492611 0.026981 0.036946
0 0.096121 0.451970 0.021922 0.036946
0 0.096121 0.410099 0.023609 0.036946
0 0.097808 0.369458 0.028668 0.032020
0 0.099494 0.334975 0.025295 0.029557
0 0.098651 0.301724 0.025295 0.027094
0 0.098651 0.266010 0.028668 0.032020
0 0.098651 0.252463 0.028668 0.041872
0 0.101180 0.211823 0.021922 0.029557
0 0.100337 0.176108 0.025295 0.034483
0 0.100337 0.136700 0.025295 0.036946
0 0.099494 0.097291 0.026981 0.029557
0 0.101180 0.056650 0.026981 0.039409
0 0.102867 0.019704 0.028668 0.027094
0 0.131535 0.873153 0.028668 0.034483
0 0.134064 0.831281 0.026981 0.029557
0 0.132378 0.799261 0.025295 0.029557
0 0.134907 0.759852 0.026981 0.039409
0 0.135750 0.722906 0.021922 0.032020
0 0.136594 0.682266 0.026981 0.041872
0 0.135750 0.640394 0.025295 0.032020
0 0.139123 0.599754 0.023609 0.044335
0 0.138280 0.555419 0.025295 0.041872
0 0.139966 0.511084 0.028668 0.039409
0 0.141653 0.467980 0.025295 0.034483
0 0.141653 0.429803 0.030354 0.032020
0 0.139966 0.392857 0.028668 0.029557
0 0.142496 0.360837 0.025295 0.032020
0 0.141653 0.320197 0.028668 0.036946
0 0.143339 0.282020 0.030354 0.027094
0 0.145025 0.248768 0.025295 0.029557
0 0.145868 0.214286 0.030354 0.032020
0 0.146712 0.172414 0.030354 0.044335
0 0.147555 0.123153 0.023609 0.039409
0 0.146712 0.082512 0.028668 0.022167
0 0.146712 0.060345 0.030354 0.036946
0 0.149241 0.022167 0.023609 0.032020
0 0.182125 0.884236 0.026981 0.029557
0 0.181282 0.854680 0.026981 0.027094
0 0.181282 0.822660 0.025295 0.032020
0 0.182968 0.789409 0.026981 0.029557
0 0.181282 0.751232 0.023609 0.034483
0 0.182968 0.711823 0.025295 0.034483
0 0.183811 0.674877 0.025295 0.034483
0 0.183811 0.634236 0.025295 0.036946
0 0.184654 0.591133 0.025295 0.039409
0 0.184654 0.552956 0.028668 0.029557
0 0.185497 0.514778 0.023609 0.036946
0 0.188027 0.476601 0.028668 0.032020
0 0.188870 0.439655 0.025295 0.029557
0 0.188027 0.405172 0.030354 0.027094
0 0.189713 0.370690 0.021922 0.034483
0 0.193086 0.333744 0.030354 0.034483
0 0.191400 0.299261 0.023609 0.034483
0 0.189713 0.259852 0.028668 0.039409
0 0.191400 0.220443 0.028668 0.027094
0 0.193086 0.184729 0.028668 0.036946
0 0.193929 0.142857 0.025295 0.039409
0 0.192243 0.100985 0.028668 0.039409
0 0.193929 0.059113 0.025295 0.039409
0 0.194772 0.022167 0.026981 0.034483
0 0.223440 0.880542 0.020236 0.036946
0 0.225970 0.842365 0.026981 0.032020
0 0.226813 0.795567 0.030354 0.049261
0 0.225970 0.752463 0.021922 0.029557
0 0.225970 0.716749 0.023609 0.034483
0 0.228499 0.676108 0.030354 0.034483
0 0.226813 0.635468 0.026981 0.041872
0 0.228499 0.592365 0.025295 0.034483
0 0.231029 0.551724 0.023609 0.034483
0 0.234401 0.511084 0.025295 0.039409
0 0.233558 0.467980 0.028668 0.041872
0 0.233558 0.426108 0.023609 0.036946
0 0.232715 0.394089 0.021922 0.027094
0 0.235245 0.357143 0.025295 0.039409
0 0.235245 0.318966 0.028668 0.032020
0 0.236088 0.278325 0.032040 0.041872
0 0.238617 0.240148 0.028668 0.029557
0 0.238617 0.204433 0.021922 0.036946
0 0.238617 0.168719 0.025295 0.034483
0 0.240304 0.130542 0.028668 0.036946
0 0.241147 0.088670 0.026981 0.032020
0 0.241147 0.054187 0.021922 0.027094
0 0.241147 0.024631 0.021922 0.032020
45 0.268971 0.883005 0.025295 0.034483
620 0.268971 0.849754 0.026981 0.032020
586 0.268971 0.814039 0.025295 0.034483
30 0.269815 0.768473 0.021922 0.039409
464 0.272344 0.726601 0.028668 0.034483
587 0.273187 0.682266 0.028668 0.036946
122 0.273187 0.642857 0.021922 0.034483
82 0.274874 0.603448 0.023609 0.039409
592 0.276560 0.567734 0.025295 0.032020
43 0.275717 0.530788 0.032040 0.039409
88 0.279089 0.487685 0.028668 0.029557
619 0.277403 0.445813 0.028668 0.039409
44 0.279933 0.395320 0.026981 0.041872
77 0.280776 0.353448 0.026981 0.034483
64 0.281619 0.315271 0.025295 0.032020
182 0.283305 0.283251 0.020236 0.029557
38 0.282462 0.252463 0.021922 0.027094
37 0.282462 0.216749 0.026981 0.036946
15 0.284148 0.179803 0.026981 0.034483
41 0.285835 0.140394 0.026981 0.034483
368 0.284992 0.104680 0.028668 0.034483
618 0.284992 0.068966 0.028668 0.027094
129 0.287521 0.029557 0.026981 0.044335
480 0.312816 0.876847 0.021922 0.036946
146 0.312816 0.842365 0.018550 0.022167
64 0.313659 0.818966 0.021922 0.027094
165 0.316189 0.785714 0.025295 0.034483
519 0.316189 0.753695 0.032040 0.024631
338 0.315346 0.719212 0.026981 0.039409
617 0.316189 0.676108 0.028668 0.041872
422 0.316189 0.630542 0.028668 0.039409
338 0.317875 0.593596 0.030354 0.027094
182 0.318718 0.560345 0.030354 0.029557
38 0.319562 0.527094 0.028668 0.036946
37 0.321248 0.487685 0.028668 0.032020
133 0.322934 0.445813 0.028668 0.044335
163 0.322934 0.394089 0.026981 0.044335
84 0.324621 0.344828 0.023609 0.041872
475 0.324621 0.298030 0.026981 0.046798
68 0.326307 0.262315 0.030354 0.029557
30 0.327150 0.229064 0.030354 0.034483
305 0.327993 0.189655 0.032040 0.036946
227 0.327150 0.147783 0.026981 0.036946
226 0.329680 0.109606 0.032040 0.032020
616 0.328836 0.078818 0.023609 0.027094
495 0.329680 0.050493 0.021922 0.027094
615 0.328836 0.022167 0.025295 0.027094
614 0.360034 0.879310 0.023609 0.039409
380 0.361720 0.837438 0.026981 0.039409
403 0.361720 0.799261 0.032040 0.029557
76 0.362563 0.758621 0.026981 0.041872
613 0.361720 0.720443 0.026981 0.032020
129 0.361720 0.683498 0.025295 0.034483
78 0.363406 0.647783 0.020236 0.029557
422 0.362563 0.616995 0.023609 0.029557
30 0.365093 0.581281 0.028668 0.036946
305 0.365093 0.541872 0.025295 0.032020
311 0.366779 0.497537 0.025295 0.034483
227 0.366779 0.458128 0.025295 0.032020
226 0.368465 0.422414 0.030354 0.034483
419 0.367622 0.399015 0.026981 0.034483
38 0.367622 0.368227 0.021922 0.029557
37 0.367622 0.336207 0.030354 0.032020
91 0.368465 0.298030 0.025295 0.041872
260 0.370995 0.259852 0.021922 0.029557
136 0.373524 0.222906 0.025295 0.034483
157 0.373524 0.182266 0.033727 0.039409
38 0.375211 0.140394 0.030354 0.036946
37 0.375211 0.099754 0.028668 0.036946
368 0.375211 0.059113 0.030354 0.034483
612 0.376054 0.024631 0.030354 0.024631
23 0.408938 0.887931 0.025295 0.032020
136 0.408938 0.852217 0.026981 0.036946
611 0.410624 0.809113 0.028668 0.041872
136 0.411467 0.761084 0.028668 0.036946
157 0.413997 0.717980 0.025295 0.039409
38 0.413153 0.674877 0.021922 0.036946
37 0.413153 0.633005 0.026981 0.039409
15 0.413997 0.589901 0.025295 0.039409
41 0.415683 0.551724 0.030354 0.032020
368 0.416526 0.516010 0.028668 0.036946
21 0.417369 0.477833 0.032040 0.032020
610 0.418212 0.439655 0.028668 0.034483
609 0.418212 0.397783 0.032040 0.041872
224 0.419899 0.353448 0.033727 0.036946
608 0.421585 0.316502 0.032040 0.034483
77 0.422428 0.277094 0.026981 0.039409
224 0.422428 0.233990 0.028668 0.041872
38 0.420742 0.190887 0.032040 0.032020
37 0.422428 0.147783 0.028668 0.044335
151 0.422428 0.105911 0.032040 0.039409
607 0.424115 0.064039 0.033727 0.039409
43 0.424958 0.024631 0.033727 0.029557
164 0.456998 0.894089 0.026981 0.029557
59 0.458685 0.865764 0.028668 0.024631
21 0.460371 0.830049 0.025295 0.039409
230 0.460371 0.789409 0.025295 0.032020
45 0.462057 0.754926 0.028668 0.029557
380 0.461214 0.724138 0.021922 0.032020
260 0.460371 0.693350 0.023609 0.027094
157 0.462901 0.658867 0.028668 0.036946
38 0.462057 0.618227 0.028668 0.039409
37 0.464587 0.573892 0.026981 0.044335
227 0.464587 0.536946 0.023609 0.019704
226 0.464587 0.504926 0.028668 0.034483
252 0.466273 0.463054 0.021922 0.041872
606 0.465430 0.422414 0.028668 0.032020
605 0.466273 0.387931 0.023609 0.029557
45 0.466273 0.355911 0.021922 0.027094
47 0.466273 0.326355 0.023609 0.027094
0 0.467116 0.293103 0.023609 0.032020
0 0.468803 0.256158 0.030354 0.034483
0 0.468803 0.214286 0.032040 0.034483
0 0.471332 0.176108 0.028668 0.032020
0 0.471332 0.136700 0.026981 0.034483
0 0.472175 0.100985 0.023609 0.032020
0 0.472175 0.065271 0.028668 0.034483
0 0.471332 0.030788 0.030354 0.029557
0 0.575042 0.953202 0.032040 0.029557
0 0.571669 0.921182 0.023609 0.029557
0 0.571669 0.890394 0.018550 0.029557
0 0.569983 0.857143 0.020236 0.029557
0 0.569983 0.816502 0.020236 0.034483
0 0.569140 0.778325 0.025295 0.039409
0 0.568297 0.732759 0.026981 0.044335
0 0.569140 0.689655 0.028668 0.032020
0 0.569983 0.645320 0.025295 0.044335
0 0.567454 0.603448 0.023609 0.032020
0 0.567454 0.561576 0.026981 0.036946
0 0.568297 0.522167 0.025295 0.032020
0 0.566610 0.479064 0.033727 0.041872
0 0.566610 0.440887 0.032040 0.027094
0 0.563238 0.401478 0.030354 0.041872
0 0.566610 0.355911 0.033727 0.039409
0 0.564081 0.314039 0.025295 0.036946
0 0.565767 0.274631 0.028668 0.034483
0 0.565767 0.236453 0.030354 0.034483
0 0.564924 0.195813 0.030354 0.034483
0 0.564081 0.157635 0.023609 0.032020
0 0.560708 0.120690 0.025295 0.036946
0 0.561551 0.082512 0.021922 0.034483
0 0.623946 0.947044 0.035413 0.029557
0 0.623946 0.921182 0.033727 0.029557
0 0.621417 0.887931 0.033727 0.032020
0 0.621417 0.854680 0.026981 0.027094
0 0.620573 0.816502 0.026981 0.034483
0 0.620573 0.773399 0.028668 0.041872
0 0.619730 0.736453 0.023609 0.022167
0 0.618044 0.703202 0.030354 0.034483
0 0.617201 0.658867 0.023609 0.044335
0 0.618887 0.615764 0.032040 0.032020
0 0.616358 0.581281 0.025295 0.029557
0 0.617201 0.546798 0.020236 0.029557
0 0.616358 0.514778 0.021922 0.029557
0 0.616358 0.477833 0.026981 0.034483
0 0.616358 0.443350 0.030354 0.029557
0 0.612985 0.400246 0.032040 0.046798
0 0.614671 0.354680 0.030354 0.036946
0 0.612142 0.310345 0.025295 0.039409
0 0.611298 0.269704 0.032040 0.032020
0 0.612142 0.229064 0.033727 0.044335
0 0.612142 0.185961 0.030354 0.029557
0 0.611298 0.146552 0.028668 0.036946
0 0.610455 0.109606 0.023609 0.032020
0 0.610455 0.076355 0.021922 0.032020
0 0.666948 0.949507 0.025295 0.029557
0 0.666948 0.921182 0.025295 0.032020
0 0.668634 0.886700 0.023609 0.034483
0 0.666105 0.849754 0.028668 0.039409
0 0.667791 0.805419 0.026981 0.044335
0 0.666105 0.761084 0.028668 0.032020
0 0.666948 0.719212 0.028668 0.041872
0 0.666948 0.681034 0.026981 0.029557
0 0.665261 0.645320 0.030354 0.036946
0 0.666948 0.603448 0.026981 0.034483
0 0.664418 0.564039 0.028668 0.041872
0 0.664418 0.519704 0.032040 0.034483
0 0.664418 0.483990 0.025295 0.029557
0 0.664418 0.450739 0.033727 0.029557
0 0.661046 0.411330 0.030354 0.044335
0 0.661889 0.366995 0.028668 0.034483
0 0.661889 0.322660 0.028668 0.041872
0 0.661046 0.278325 0.025295 0.036946
0 0.660202 0.238916 0.030354 0.034483
0 0.661046 0.197044 0.025295 0.041872
0 0.659359 0.155172 0.028668 0.034483
0 0.659359 0.115764 0.033727 0.041872
0 0.659359 0.076355 0.030354 0.029557
0 0.719224 0.942118 0.030354 0.034483
0 0.720067 0.897783 0.021922 0.036946
0 0.716695 0.852217 0.028668 0.041872
0 0.716695 0.810345 0.023609 0.027094
0 0.715852 0.773399 0.030354 0.034483
0 0.716695 0.732759 0.028668 0.032020
0 0.714165 0.700739 0.025295 0.029557
0 0.713322 0.667488 0.025295 0.027094
0 0.713322 0.636700 0.025295 0.029557
0 0.715852 0.600985 0.030354 0.034483
0 0.715008 0.562808 0.026981 0.034483
0 0.714165 0.520936 0.030354 0.041872
0 0.712479 0.474138 0.025295 0.044335
0 0.710793 0.433498 0.028668 0.032020
0 0.709949 0.396552 0.023609 0.032020
0 0.711636 0.362069 0.023609 0.029557
0 0.709949 0.331281 0.025295 0.029557
0 0.709949 0.298030 0.028668 0.029557
0 0.709949 0.266010 0.028668 0.027094
0 0.709106 0.235222 0.030354 0.029557
0 0.706577 0.199507 0.021922 0.029557
0 0.706577 0.167488 0.021922 0.027094
0 0.704047 0.136700 0.028668 0.032020
0 0.705734 0.100985 0.030354 0.029557
0 0.704890 0.070197 0.025295 0.027094
603 0.765599 0.943350 0.026981 0.024631
367 0.764755 0.915025 0.026981 0.032020
602 0.766442 0.879310 0.026981 0.036946
601 0.765599 0.836207 0.023609 0.041872
449 0.765599 0.795567 0.021922 0.032020
136 0.764755 0.754926 0.025295 0.039409
600 0.763069 0.715517 0.030354 0.032020
401 0.763069 0.682266 0.026981 0.027094
136 0.763069 0.649015 0.025295 0.034483
599 0.760540 0.607143 0.028668 0.039409
236 0.761383 0.564039 0.025295 0.044335
136 0.760540 0.523399 0.030354 0.029557
598 0.758853 0.490148 0.030354 0.029557
597 0.759696 0.456897 0.026981 0.036946
166 0.758010 0.416256 0.025295 0.039409
133 0.756324 0.375616 0.026981 0.036946
166 0.753794 0.337438 0.030354 0.029557
21 0.755481 0.305419 0.032040 0.027094
230 0.757167 0.273399 0.026981 0.027094
230 0.754637 0.240148 0.028668 0.032020
604 0.752951 0.197044 0.026981 0.039409
368 0.752951 0.157635 0.020236 0.029557
579 0.751265 0.124384 0.028668 0.034483
236 0.751265 0.077586 0.023609 0.046798
595 0.817032 0.937192 0.026981 0.027094
278 0.817032 0.907635 0.030354 0.027094
100 0.815346 0.870690 0.030354 0.041872
43 0.813659 0.827586 0.026981 0.039409
421 0.813659 0.788177 0.021922 0.039409
594 0.813659 0.751232 0.032040 0.027094
150 0.813659 0.720443 0.033727 0.032020
68 0.811130 0.681034 0.032040 0.041872
67 0.811130 0.637931 0.026981 0.032020
593 0.811130 0.597291 0.032040 0.036946
126 0.809444 0.557882 0.028668 0.032020
372 0.807757 0.524631 0.030354 0.029557
68 0.808600 0.487685 0.026981 0.039409
269 0.806914 0.448276 0.028668 0.029557
67 0.806914 0.411330 0.033727 0.041872
596 0.803541 0.370690 0.028668 0.032020
251 0.802698 0.331281 0.026981 0.036946
34 0.801855 0.290640 0.023609 0.039409
360 0.800169 0.245074 0.028668 0.044335
457 0.799325 0.199507 0.030354 0.041872
83 0.801855 0.153941 0.026981 0.039409
112 0.798482 0.113300 0.030354 0.039409
21 0.864250 0.931034 0.026981 0.027094
84 0.865093 0.903941 0.021922 0.027094
122 0.864250 0.874384 0.025295 0.029557
586 0.865093 0.834975 0.028668 0.036946
44 0.863406 0.798030 0.030354 0.027094
207 0.864250 0.766010 0.030354 0.029557
464 0.861720 0.729064 0.025295 0.039409
506 0.861720 0.685961 0.026981 0.041872
64 0.860034 0.645320 0.026981 0.029557
589 0.860034 0.612069 0.030354 0.032020
588 0.860877 0.573892 0.028668 0.039409
457 0.859191 0.533251 0.032040 0.034483
157 0.856661 0.491379 0.026981 0.039409
38 0.855818 0.471675 0.026981 0.044335
37 0.854975 0.429803 0.033727 0.029557
592 0.853288 0.399015 0.026981 0.027094
157 0.851602 0.369458 0.023609 0.027094
38 0.850759 0.339901 0.030354 0.029557
37 0.850759 0.302956 0.028668 0.036946
45 0.850759 0.262315 0.030354 0.032020
221 0.850759 0.221675 0.030354 0.044335
77 0.847386 0.174877 0.023609 0.036946
591 0.849073 0.140394 0.026981 0.027094
590 0.849916 0.105911 0.030354 0.034483
494 0.849916 0.068966 0.032040 0.036946
134 0.899663 0.258621 0.030354 0.044335
587 0.897976 0.206897 0.026981 0.041872
122 0.897133 0.160099 0.028668 0.036946
327 0.897133 0.114532 0.026981 0.039409
586 0.895447 0.068966 0.023609 0.039409
38 0.954469 0.912562 0.028668 0.036946
37 0.954469 0.865764 0.026981 0.041872
54 0.953626 0.820197 0.030354 0.036946
470 0.952782 0.774631 0.028668 0.036946
585 0.951939 0.721675 0.026981 0.049261
100 0.953626 0.668719 0.025295 0.039409
78 0.953626 0.623153 0.026981 0.041872
127 0.952782 0.588670 0.023609 0.022167
497 0.952782 0.554187 0.028668 0.034483
254 0.949410 0.513547 0.023609 0.034483
38 0.949410 0.474138 0.021922 0.034483
37 0.950253 0.428571 0.032040 0.039409
371 0.948567 0.386700 0.026981 0.034483
248 0.949410 0.347291 0.030354 0.041872
23 0.949410 0.306650 0.030354 0.027094
30 0.947723 0.272167 0.028668 0.039409
163 0.947723 0.222906 0.030354 0.046798
584 0.946880 0.179803 0.026981 0.029557
170 0.946880 0.141626 0.025295 0.034483
64 0.946037 0.103448 0.020236 0.034483
115 0.944351 0.066502 0.021922 0.032020
