158 0.296875 0.877069 0.031250 0.028369
102 0.297743 0.843972 0.036458 0.035461
101 0.298611 0.807329 0.031250 0.033097
136 0.296875 0.775414 0.027778 0.028369
135 0.298611 0.745863 0.022569 0.028369
64 0.298611 0.717494 0.027778 0.030733
271 0.302083 0.680851 0.032986 0.035461
88 0.301215 0.644208 0.029514 0.030733
83 0.302951 0.607565 0.027778 0.037825
792 0.303819 0.570922 0.029514 0.033097
83 0.303819 0.536643 0.024306 0.028369
89 0.302083 0.505910 0.029514 0.030733
117 0.302083 0.475177 0.024306 0.028369
52 0.303819 0.443262 0.022569 0.030733
1016 0.307292 0.405437 0.029514 0.035461
13 0.307292 0.369976 0.027778 0.030733
331 0.309028 0.336879 0.031250 0.030733
173 0.309028 0.307329 0.026042 0.026005
379 0.309896 0.276596 0.027778 0.030733
26 0.310764 0.245863 0.031250 0.028369
775 0.310764 0.215130 0.027778 0.030733
1015 0.312500 0.185579 0.026042 0.028369
225 0.311632 0.158392 0.029514 0.026005
986 0.342014 0.932624 0.022569 0.018913
331 0.342014 0.905437 0.027778 0.035461
173 0.342882 0.869976 0.026042 0.035461
176 0.343750 0.828605 0.020833 0.037825
64 0.345486 0.791962 0.026042 0.030733
553 0.345486 0.755319 0.022569 0.033097
281 0.347222 0.719858 0.027778 0.035461
268 0.347222 0.685579 0.026042 0.030733
343 0.348090 0.645390 0.027778 0.040189
69 0.349826 0.605201 0.031250 0.035461
249 0.350694 0.567376 0.029514 0.035461
15 0.350694 0.529551 0.022569 0.035461
13 0.351562 0.488180 0.029514 0.040189
271 0.354167 0.446809 0.026042 0.035461
136 0.352431 0.408983 0.026042 0.035461
43 0.354167 0.375887 0.027778 0.028369
70 0.355035 0.346336 0.029514 0.026005
75 0.355035 0.310875 0.027778 0.035461
158 0.354167 0.274232 0.027778 0.030733
63 0.355903 0.236407 0.027778 0.040189
350 0.357639 0.197400 0.022569 0.033097
52 0.356771 0.163121 0.029514 0.033097
1011 0.358507 0.127660 0.024306 0.030733
124 0.384549 0.919622 0.024306 0.028369
64 0.386285 0.899527 0.024306 0.023641
224 0.386285 0.871158 0.024306 0.028369
223 0.387153 0.836879 0.026042 0.033097
109 0.388021 0.804965 0.022569 0.023641
349 0.389757 0.774232 0.024306 0.026005
44 0.388889 0.744681 0.027778 0.033097
157 0.388021 0.711584 0.026042 0.033097
356 0.388889 0.671395 0.029514 0.037825
76 0.389757 0.635934 0.029514 0.030733
28 0.392361 0.606383 0.026042 0.023641
716 0.391493 0.583924 0.026042 0.035461
1014 0.392361 0.549645 0.026042 0.030733
238 0.394097 0.517730 0.026042 0.028369
20 0.394097 0.483452 0.024306 0.037825
1013 0.394097 0.446809 0.024306 0.030733
204 0.394965 0.411348 0.026042 0.030733
238 0.394965 0.380615 0.024306 0.026005
242 0.395833 0.348700 0.024306 0.033097
495 0.396701 0.313239 0.024306 0.033097
271 0.394965 0.283688 0.024306 0.026005
70 0.396701 0.260047 0.024306 0.023641
75 0.397569 0.230496 0.027778 0.028369
158 0.397569 0.195035 0.024306 0.040189
1012 0.398438 0.159574 0.024306 0.021277
867 0.397569 0.133570 0.026042 0.030733
292 0.423611 0.917258 0.020833 0.021277
109 0.425347 0.893617 0.026042 0.028369
759 0.425347 0.865248 0.024306 0.026005
196 0.427083 0.838061 0.022569 0.026005
85 0.425347 0.804965 0.024306 0.030733
547 0.427083 0.769504 0.022569 0.033097
142 0.427083 0.737589 0.022569 0.030733
731 0.427951 0.700946 0.020833 0.035461
730 0.427083 0.666667 0.022569 0.033097
107 0.429688 0.630024 0.024306 0.035461
7 0.429688 0.592199 0.024306 0.037825
242 0.430556 0.556738 0.024306 0.030733
872 0.429688 0.526005 0.022569 0.030733
361 0.431424 0.495272 0.020833 0.028369
202 0.430556 0.462175 0.022569 0.033097
52 0.430556 0.426714 0.024306 0.033097
867 0.432292 0.392435 0.022569 0.030733
121 0.433160 0.361702 0.020833 0.026005
109 0.433160 0.334515 0.019097 0.021277
331 0.433160 0.306147 0.022569 0.033097
2 0.434896 0.269504 0.022569 0.035461
133 0.434028 0.237589 0.022569 0.026005
10 0.435764 0.208038 0.022569 0.026005
9 0.435764 0.178487 0.024306 0.028369
62 0.435764 0.141844 0.026042 0.035461
1011 0.460938 0.885343 0.020833 0.026005
1011 0.459201 0.852246 0.019097 0.028369
1011 0.458333 0.822695 0.019097 0.021277
1011 0.459201 0.797872 0.017361 0.023641
1011 0.460938 0.765957 0.020833 0.030733
1011 0.460938 0.726950 0.020833 0.030733
1011 0.461806 0.693853 0.022569 0.035461
1011 0.461806 0.661939 0.019097 0.026005
1011 0.461806 0.632388 0.019097 0.030733
1011 0.460938 0.598109 0.019097 0.030733
1011 0.460938 0.568558 0.019097 0.026005
1011 0.461806 0.542553 0.017361 0.023641
1011 0.461806 0.515366 0.017361 0.026005
1011 0.463542 0.485816 0.019097 0.028369
1011 0.464410 0.453901 0.019097 0.030733
1011 0.463542 0.420804 0.019097 0.030733
1011 0.465278 0.390071 0.019097 0.028369
75 0.466146 0.354610 0.019097 0.030733
158 0.467014 0.320331 0.017361 0.030733
6 0.465278 0.283688 0.017361 0.030733
5 0.465278 0.251773 0.017361 0.026005
3 0.466146 0.223404 0.015625 0.021277
2 0.466146 0.198582 0.017361 0.021277
1 0.466146 0.173759 0.015625 0.021277
136 0.684896 0.923168 0.027778 0.028369
136 0.685764 0.892435 0.020833 0.026005
136 0.684896 0.862884 0.027778 0.028369
136 0.684896 0.835697 0.029514 0.026005
136 0.684028 0.799054 0.031250 0.040189
136 0.684028 0.757683 0.022569 0.035461
136 0.683160 0.723404 0.029514 0.030733
136 0.680556 0.684397 0.026042 0.035461
136 0.679688 0.651300 0.024306 0.028369
136 0.678819 0.619385 0.024306 0.028369
136 0.678819 0.588652 0.026042 0.030733
136 0.677951 0.555556 0.024306 0.033097
135 0.677083 0.518913 0.029514 0.035461
360 0.677083 0.485816 0.022569 0.028369
259 0.677951 0.451537 0.024306 0.035461
20 0.677083 0.418440 0.022569 0.028369
65 0.675347 0.359338 0.032986 0.035461
26 0.730035 0.892435 0.027778 0.028369
156 0.729167 0.856974 0.026042 0.035461
143 0.728299 0.816785 0.024306 0.035461
64 0.728299 0.781324 0.027778 0.030733
88 0.727431 0.749409 0.024306 0.030733
83 0.724826 0.716312 0.026042 0.028369
834 0.726562 0.685579 0.026042 0.028369
833 0.724826 0.650118 0.029514 0.033097
133 0.723958 0.617021 0.022569 0.028369
350 0.723090 0.589835 0.022569 0.026005
361 0.722222 0.562648 0.031250 0.028369
142 0.722222 0.540189 0.027778 0.028369
153 0.722222 0.507092 0.027778 0.033097
64 0.722222 0.473995 0.029514 0.030733
7 0.723090 0.437352 0.026042 0.035461
88 0.723090 0.400709 0.029514 0.037825
109 0.720486 0.358156 0.027778 0.040189
981 0.719618 0.317967 0.027778 0.037825
75 0.720486 0.278960 0.027778 0.035461
83 0.722222 0.243499 0.027778 0.033097
76 0.719618 0.212766 0.031250 0.028369
834 0.719618 0.185579 0.029514 0.021277
239 0.717882 0.156028 0.029514 0.030733
106 0.717882 0.120567 0.027778 0.033097
609 0.775174 0.923168 0.027778 0.033097
76 0.774306 0.892435 0.022569 0.028369
28 0.774306 0.859338 0.024306 0.035461
13 0.773438 0.825059 0.022569 0.030733
127 0.773438 0.793144 0.031250 0.030733
29 0.771701 0.760047 0.029514 0.033097
28 0.771701 0.725768 0.026042 0.033097
1010 0.769965 0.691489 0.022569 0.033097
1009 0.769965 0.660757 0.020833 0.028369
1008 0.770833 0.628842 0.024306 0.028369
183 0.770833 0.599291 0.024306 0.028369
176 0.769965 0.566194 0.026042 0.035461
26 0.769097 0.534279 0.029514 0.026005
64 0.768229 0.505910 0.027778 0.021277
71 0.766493 0.476359 0.026042 0.035461
65 0.765625 0.438534 0.024306 0.035461
52 0.764757 0.365248 0.027778 0.028369
182 0.763889 0.334515 0.026042 0.030733
140 0.763021 0.302600 0.029514 0.030733
17 0.763889 0.271868 0.024306 0.028369
16 0.763889 0.241135 0.026042 0.028369
405 0.762153 0.209220 0.029514 0.026005
15 0.763021 0.179669 0.027778 0.023641
22 0.763021 0.148936 0.026042 0.037825
161 0.760417 0.117021 0.026042 0.028369
75 0.816840 0.923168 0.027778 0.026005
158 0.816840 0.897163 0.027778 0.026005
161 0.815972 0.864066 0.026042 0.035461
135 0.815104 0.828605 0.027778 0.033097
694 0.815104 0.793144 0.022569 0.030733
65 0.815104 0.762411 0.026042 0.028369
103 0.815104 0.726950 0.026042 0.035461
26 0.815104 0.693853 0.027778 0.030733
76 0.815104 0.663121 0.022569 0.028369
28 0.813368 0.632388 0.026042 0.026005
360 0.814236 0.600473 0.026042 0.030733
187 0.814236 0.567376 0.027778 0.033097
259 0.812500 0.531915 0.027778 0.030733
186 0.811632 0.500000 0.029514 0.030733
26 0.811632 0.466903 0.026042 0.033097
64 0.813368 0.433806 0.029514 0.030733
156 0.810764 0.400709 0.024306 0.030733
143 0.810764 0.368794 0.029514 0.033097
155 0.809896 0.336879 0.026042 0.033097
82 0.808160 0.303783 0.026042 0.035461
90 0.809028 0.269504 0.027778 0.033097
69 0.808160 0.236407 0.024306 0.033097
0 0.809028 0.203310 0.022569 0.028369
460 0.806424 0.173759 0.032986 0.026005
467 0.808160 0.145390 0.029514 0.023641
880 0.805556 0.117021 0.027778 0.026005
0 0.865451 0.907801 0.026042 0.030733
130 0.865451 0.878251 0.026042 0.028369
129 0.863715 0.846336 0.026042 0.030733
857 0.862847 0.814421 0.024306 0.030733
0 0.863715 0.781324 0.029514 0.033097
268 0.862847 0.742317 0.031250 0.035461
467 0.861979 0.700946 0.029514 0.040189
253 0.861111 0.660757 0.027778 0.037825
466 0.861111 0.622931 0.031250 0.033097
65 0.862847 0.585106 0.029514 0.037825
64 0.861111 0.544917 0.026042 0.035461
26 0.861111 0.508274 0.027778 0.033097
834 0.861111 0.472813 0.029514 0.035461
239 0.859375 0.437352 0.022569 0.033097
178 0.859375 0.403073 0.027778 0.033097
56 0.858507 0.369976 0.024306 0.026005
102 0.858507 0.340426 0.024306 0.030733
278 0.859375 0.309693 0.029514 0.023641
52 0.857639 0.278960 0.029514 0.040189
89 0.858507 0.243499 0.029514 0.028369
178 0.857639 0.215130 0.026042 0.026005
834 0.856771 0.185579 0.029514 0.030733
13 0.855035 0.151300 0.026042 0.028369
244 0.855035 0.114657 0.027778 0.037825
