27 0.281250 0.914894 0.026042 0.028369
26 0.281250 0.886525 0.026042 0.026005
555 0.281250 0.860520 0.029514 0.028369
33 0.282986 0.833333 0.027778 0.023641
61 0.282986 0.806147 0.024306 0.030733
153 0.284722 0.774232 0.024306 0.030733
237 0.283854 0.742317 0.031250 0.028369
153 0.285590 0.708038 0.031250 0.035461
184 0.285590 0.674941 0.024306 0.033097
219 0.286458 0.641844 0.024306 0.030733
7 0.287326 0.613475 0.027778 0.028369
184 0.289062 0.576832 0.031250 0.040189
74 0.289931 0.541371 0.031250 0.030733
73 0.289062 0.507092 0.029514 0.035461
184 0.289931 0.468085 0.027778 0.037825
183 0.291667 0.432624 0.022569 0.030733
52 0.294271 0.399527 0.026042 0.033097
19 0.296007 0.366430 0.027778 0.033097
29 0.296007 0.330969 0.027778 0.035461
28 0.295139 0.291962 0.027778 0.040189
68 0.296875 0.249409 0.026042 0.040189
19 0.297743 0.210402 0.026042 0.033097
29 0.299479 0.172577 0.024306 0.035461
28 0.299479 0.135934 0.029514 0.035461
178 0.325521 0.907801 0.031250 0.033097
428 0.326389 0.877069 0.027778 0.026005
54 0.327257 0.808511 0.031250 0.035461
35 0.328125 0.771868 0.031250 0.033097
7 0.328993 0.738771 0.029514 0.030733
237 0.329861 0.703310 0.027778 0.037825
224 0.331597 0.667849 0.031250 0.033097
253 0.331597 0.630024 0.026042 0.030733
64 0.331597 0.592199 0.022569 0.035461
466 0.333333 0.553191 0.031250 0.037825
0 0.334201 0.515366 0.027778 0.030733
54 0.335069 0.482270 0.022569 0.033097
24 0.335938 0.444444 0.024306 0.037825
23 0.337674 0.403073 0.029514 0.040189
28 0.338542 0.368794 0.027778 0.026005
67 0.338542 0.340426 0.026042 0.023641
56 0.340278 0.315603 0.029514 0.028369
117 0.341146 0.286052 0.026042 0.030733
991 0.341146 0.250591 0.026042 0.035461
19 0.341146 0.215130 0.029514 0.030733
29 0.340278 0.178487 0.026042 0.037825
28 0.342014 0.137116 0.022569 0.037825
13 0.341146 0.099291 0.029514 0.035461
223 0.368056 0.897163 0.026042 0.035461
197 0.368924 0.865248 0.029514 0.028369
109 0.370660 0.832151 0.029514 0.035461
54 0.370660 0.770686 0.026042 0.026005
172 0.370660 0.739953 0.027778 0.035461
343 0.370660 0.702128 0.027778 0.035461
109 0.372396 0.663121 0.024306 0.037825
19 0.374132 0.625296 0.026042 0.037825
29 0.375868 0.586288 0.026042 0.030733
28 0.376736 0.553191 0.022569 0.028369
219 0.375868 0.522459 0.024306 0.030733
184 0.378472 0.490544 0.026042 0.033097
55 0.379340 0.456265 0.027778 0.033097
574 0.380208 0.418440 0.026042 0.035461
118 0.379340 0.384161 0.027778 0.033097
117 0.381076 0.345154 0.024306 0.040189
52 0.381076 0.307329 0.026042 0.030733
54 0.384549 0.274232 0.026042 0.030733
53 0.383681 0.243499 0.027778 0.028369
33 0.385417 0.209220 0.027778 0.035461
54 0.386285 0.173759 0.029514 0.030733
20 0.387153 0.140662 0.024306 0.030733
7 0.386285 0.107565 0.022569 0.035461
219 0.407986 0.895981 0.024306 0.033097
161 0.407986 0.864066 0.024306 0.028369
201 0.408854 0.832151 0.022569 0.030733
554 0.409722 0.800236 0.020833 0.028369
55 0.409722 0.768322 0.026042 0.028369
76 0.411458 0.734043 0.026042 0.035461
28 0.413194 0.702128 0.022569 0.028369
102 0.414062 0.671395 0.022569 0.030733
101 0.414931 0.633570 0.024306 0.042553
64 0.415799 0.596927 0.027778 0.030733
246 0.415799 0.578014 0.026042 0.030733
109 0.416667 0.544917 0.026042 0.030733
13 0.418403 0.513002 0.024306 0.033097
54 0.420139 0.482270 0.024306 0.023641
471 0.418403 0.459811 0.022569 0.026005
29 0.418403 0.427896 0.024306 0.030733
331 0.421007 0.394799 0.020833 0.033097
52 0.422743 0.359338 0.026042 0.035461
76 0.422743 0.326241 0.024306 0.028369
28 0.422743 0.293144 0.024306 0.033097
93 0.423611 0.260047 0.022569 0.028369
13 0.425347 0.224586 0.024306 0.035461
199 0.426215 0.187943 0.022569 0.035461
88 0.425347 0.150118 0.020833 0.035461
56 0.425347 0.114657 0.022569 0.035461
749 0.447049 0.882979 0.020833 0.026005
79 0.446181 0.858156 0.019097 0.023641
52 0.447049 0.825059 0.022569 0.033097
76 0.447917 0.789598 0.022569 0.033097
28 0.448785 0.756501 0.020833 0.026005
219 0.448785 0.724586 0.020833 0.030733
725 0.449653 0.692671 0.019097 0.028369
33 0.450521 0.659574 0.020833 0.035461
315 0.450521 0.625296 0.022569 0.033097
210 0.451389 0.595745 0.019097 0.028369
271 0.451389 0.568558 0.019097 0.023641
133 0.451389 0.540189 0.019097 0.030733
54 0.451389 0.508274 0.019097 0.028369
834 0.452257 0.477541 0.019097 0.028369
833 0.453993 0.444444 0.017361 0.028369
239 0.453993 0.413712 0.017361 0.028369
76 0.454861 0.380615 0.015625 0.030733
28 0.454861 0.345154 0.017361 0.030733
280 0.453993 0.312057 0.015625 0.026005
54 0.453993 0.280142 0.015625 0.028369
64 0.454861 0.247045 0.017361 0.028369
298 0.454861 0.215130 0.015625 0.026005
109 0.454861 0.186761 0.013889 0.026005
