0 0.118399 0.697816 0.028961 0.050971
0 0.120102 0.652913 0.028961 0.033981
0 0.120954 0.612864 0.028961 0.036408
0 0.120102 0.580097 0.022147 0.019417
0 0.123509 0.548544 0.028961 0.033981
0 0.120954 0.504854 0.025554 0.033981
0 0.123509 0.469660 0.018739 0.026699
0 0.124361 0.436893 0.022147 0.029126
0 0.122658 0.408981 0.027257 0.026699
0 0.125213 0.368932 0.028961 0.041262
0 0.128620 0.326456 0.027257 0.033981
0 0.129472 0.291262 0.028961 0.024272
0 0.128620 0.262136 0.025554 0.029126
0 0.129472 0.223301 0.025554 0.038835
0 0.131175 0.185680 0.023850 0.031553
0 0.135434 0.143204 0.034072 0.038835
0 0.134583 0.103155 0.028961 0.036408
0 0.169506 0.470874 0.028961 0.031553
0 0.170358 0.432039 0.025554 0.041262
0 0.172061 0.383495 0.023850 0.041262
0 0.175468 0.341019 0.023850 0.024272
0 0.178024 0.308252 0.028961 0.029126
0 0.178024 0.275485 0.027257 0.029126
0 0.178876 0.237864 0.028961 0.031553
0 0.177172 0.203883 0.022147 0.031553
0 0.178876 0.167476 0.023850 0.029126
0 0.178876 0.132282 0.023850 0.033981
0 0.178024 0.099515 0.027257 0.024272
0 0.181431 0.069175 0.025554 0.029126
0 0.221465 0.260922 0.030664 0.043689
0 0.224872 0.220874 0.020443 0.031553
0 0.225724 0.192961 0.018739 0.019417
0 0.227428 0.165049 0.027257 0.031553
0 0.229131 0.132282 0.028961 0.031553
0 0.228279 0.101942 0.022147 0.019417
0 0.229131 0.072816 0.025554 0.033981
0 0.251278 0.794903 0.028961 0.026699
0 0.252981 0.762136 0.027257 0.031553
0 0.251278 0.730583 0.022147 0.026699
0 0.250426 0.701456 0.025554 0.029126
0 0.253833 0.669903 0.030664 0.029126
0 0.256388 0.641990 0.027257 0.024272
0 0.255537 0.610437 0.022147 0.029126
0 0.252981 0.580097 0.028961 0.031553
0 0.257240 0.547330 0.027257 0.026699
0 0.260647 0.510922 0.025554 0.041262
0 0.257240 0.473301 0.020443 0.021845
0 0.260647 0.440534 0.028961 0.038835
0 0.261499 0.396845 0.025554 0.038835
0 0.263203 0.361650 0.025554 0.029126
0 0.264055 0.321602 0.028961 0.043689
0 0.265758 0.281553 0.028961 0.036408
0 0.297274 0.722087 0.027257 0.031553
0 0.298126 0.679612 0.027257 0.046117
0 0.298978 0.634709 0.025554 0.038835
0 0.302385 0.595874 0.032368 0.036408
0 0.303237 0.555825 0.032368 0.036408
0 0.304940 0.515777 0.032368 0.031553
0 0.305792 0.473301 0.023850 0.038835
44 0.308348 0.435680 0.030664 0.031553
77 0.309199 0.398058 0.025554 0.031553
349 0.310903 0.361650 0.027257 0.031553
84 0.313458 0.330097 0.028961 0.026699
871 0.311755 0.297330 0.022147 0.031553
609 0.313458 0.262136 0.025554 0.031553
949 0.315162 0.223301 0.025554 0.031553
973 0.340716 0.876214 0.025554 0.029126
179 0.340716 0.842233 0.025554 0.033981
194 0.340716 0.725728 0.022147 0.036408
193 0.343271 0.686893 0.028961 0.033981
972 0.344123 0.640777 0.028961 0.043689
73 0.345826 0.599515 0.025554 0.029126
122 0.347530 0.566748 0.030664 0.029126
23 0.350085 0.531553 0.028961 0.033981
663 0.349233 0.493932 0.023850 0.029126
196 0.350085 0.459951 0.025554 0.031553
546 0.354344 0.422330 0.023850 0.033981
21 0.352641 0.382282 0.022147 0.036408
971 0.353492 0.341019 0.030664 0.041262
528 0.358603 0.302184 0.022147 0.026699
158 0.387564 0.736650 0.027257 0.046117
970 0.389267 0.694175 0.028961 0.033981
969 0.390119 0.656553 0.027257 0.036408
631 0.391823 0.612864 0.027257 0.038835
158 0.391823 0.566748 0.027257 0.033981
968 0.391823 0.523058 0.027257 0.038835
631 0.393526 0.480583 0.028961 0.033981
967 0.395230 0.449029 0.030664 0.026699
631 0.396082 0.410194 0.025554 0.038835
490 0.397785 0.371359 0.027257 0.031553
136 0.399489 0.324029 0.028961 0.046117
795 0.403748 0.280340 0.027257 0.031553
655 0.402896 0.246359 0.022147 0.019417
38 0.404600 0.214806 0.027257 0.036408
37 0.404600 0.175971 0.025554 0.031553
910 0.431005 0.819175 0.030664 0.026699
908 0.431005 0.785194 0.030664 0.031553
966 0.431005 0.747573 0.028961 0.031553
906 0.432709 0.717233 0.020443 0.026699
100 0.435264 0.679612 0.027257 0.046117
150 0.433560 0.640777 0.023850 0.021845
163 0.435264 0.610437 0.027257 0.031553
89 0.435264 0.571602 0.032368 0.041262
38 0.438671 0.532767 0.030664 0.033981
37 0.438671 0.495146 0.034072 0.036408
393 0.439523 0.462379 0.032368 0.029126
83 0.440375 0.429612 0.030664 0.036408
83 0.441227 0.385922 0.027257 0.041262
64 0.443782 0.343447 0.023850 0.036408
108 0.444634 0.305825 0.027257 0.029126
651 0.445486 0.269417 0.025554 0.036408
110 0.448041 0.197816 0.027257 0.029126
83 0.448041 0.161408 0.025554 0.031553
64 0.448041 0.120146 0.030664 0.041262
795 0.472743 0.890777 0.025554 0.029126
655 0.473595 0.858010 0.025554 0.029126
38 0.472743 0.825243 0.028961 0.031553
37 0.475298 0.787621 0.030664 0.031553
78 0.477002 0.754854 0.020443 0.024272
136 0.477853 0.720874 0.027257 0.033981
146 0.477002 0.689320 0.020443 0.019417
641 0.479557 0.658981 0.027257 0.033981
179 0.477002 0.621359 0.025554 0.031553
43 0.479557 0.587379 0.022147 0.026699
84 0.481261 0.553398 0.022147 0.031553
871 0.480409 0.520631 0.025554 0.033981
64 0.485520 0.473301 0.028961 0.029126
108 0.484668 0.435680 0.027257 0.033981
27 0.488075 0.394417 0.027257 0.046117
38 0.488927 0.341019 0.025554 0.046117
37 0.489779 0.296117 0.027257 0.033981
393 0.490630 0.253641 0.030664 0.048544
466 0.491482 0.206311 0.025554 0.038835
0 0.570698 0.928398 0.027257 0.033981
0 0.568995 0.896845 0.030664 0.024272
0 0.567291 0.866505 0.027257 0.031553
0 0.568143 0.826456 0.030664 0.031553
0 0.567291 0.792476 0.030664 0.031553
0 0.564736 0.758495 0.022147 0.026699
0 0.566440 0.724515 0.022147 0.029126
0 0.565588 0.696602 0.022147 0.026699
0 0.566440 0.661408 0.025554 0.038835
0 0.566440 0.618932 0.025554 0.033981
0 0.565588 0.578883 0.027257 0.041262
0 0.564736 0.533981 0.028961 0.046117
0 0.563884 0.489078 0.030664 0.036408
0 0.563032 0.451456 0.028961 0.026699
0 0.563032 0.423544 0.025554 0.031553
0 0.562181 0.389563 0.025554 0.033981
0 0.562181 0.354369 0.025554 0.029126
0 0.562181 0.316748 0.027257 0.036408
0 0.563032 0.275485 0.027257 0.038835
0 0.559625 0.239078 0.023850 0.031553
0 0.559625 0.208738 0.025554 0.029126
0 0.559625 0.168689 0.027257 0.043689
0 0.558773 0.131068 0.025554 0.031553
0 0.557922 0.098301 0.023850 0.031553
0 0.615843 0.928398 0.027257 0.024272
0 0.615843 0.894417 0.027257 0.036408
0 0.613288 0.854369 0.030664 0.041262
0 0.611584 0.814320 0.023850 0.033981
0 0.612436 0.775485 0.027257 0.029126
0 0.612436 0.741505 0.028961 0.031553
0 0.612436 0.708738 0.030664 0.031553
0 0.609881 0.675971 0.025554 0.029126
0 0.610733 0.643204 0.020443 0.029126
0 0.609881 0.611650 0.022147 0.036408
0 0.610733 0.567961 0.030664 0.038835
0 0.610733 0.529126 0.030664 0.029126
0 0.609029 0.486650 0.027257 0.046117
0 0.608177 0.440534 0.028961 0.033981
0 0.606474 0.401699 0.023850 0.029126
0 0.604770 0.371359 0.027257 0.033981
0 0.605622 0.336165 0.025554 0.033981
0 0.606474 0.300971 0.027257 0.031553
0 0.605622 0.268204 0.030664 0.026699
0 0.604770 0.236650 0.027257 0.033981
0 0.603918 0.197816 0.023850 0.038835
0 0.603918 0.161408 0.022147 0.031553
0 0.603066 0.126214 0.027257 0.033981
0 0.603918 0.093447 0.028961 0.031553
0 0.658433 0.928398 0.028961 0.024272
0 0.656729 0.902913 0.025554 0.026699
0 0.656729 0.870146 0.025554 0.033981
0 0.656729 0.834951 0.023850 0.033981
0 0.657581 0.798544 0.027257 0.033981
0 0.654174 0.764563 0.028961 0.033981
0 0.654174 0.724515 0.027257 0.038835
0 0.654174 0.686893 0.027257 0.029126
0 0.655877 0.651699 0.027257 0.031553
0 0.654174 0.616505 0.022147 0.029126
0 0.652470 0.586165 0.023850 0.031553
0 0.652470 0.550971 0.025554 0.029126
0 0.653322 0.518204 0.027257 0.031553
0 0.654174 0.485437 0.030664 0.026699
0 0.654174 0.452670 0.027257 0.033981
0 0.653322 0.416262 0.023850 0.033981
0 0.652470 0.376214 0.025554 0.033981
0 0.655877 0.339806 0.027257 0.033981
0 0.653322 0.299757 0.023850 0.041262
0 0.655026 0.258495 0.030664 0.036408
0 0.651618 0.224515 0.022147 0.019417
0 0.652470 0.194175 0.025554 0.033981
0 0.648211 0.156553 0.027257 0.031553
0 0.649063 0.121359 0.020443 0.026699
0 0.649915 0.091019 0.018739 0.029126
0 0.701874 0.917476 0.028961 0.029126
0 0.703578 0.887136 0.032368 0.026699
0 0.703578 0.859223 0.032368 0.026699
0 0.703578 0.824029 0.025554 0.033981
0 0.703578 0.791262 0.025554 0.026699
0 0.703578 0.756068 0.027257 0.033981
0 0.702726 0.718447 0.027257 0.033981
0 0.702726 0.685680 0.022147 0.026699
0 0.700170 0.657767 0.023850 0.029126
0 0.700170 0.617718 0.023850 0.038835
0 0.699319 0.583738 0.028961 0.029126
0 0.696763 0.548544 0.025554 0.036408
0 0.698467 0.503641 0.025554 0.041262
0 0.699319 0.466019 0.028961 0.029126
0 0.697615 0.436893 0.025554 0.021845
0 0.698467 0.400485 0.025554 0.038835
0 0.697615 0.362864 0.032368 0.033981
0 0.699319 0.330097 0.034072 0.026699
0 0.698467 0.297330 0.027257 0.033981
0 0.695060 0.258495 0.025554 0.041262
0 0.697615 0.219660 0.023850 0.029126
0 0.695060 0.189320 0.028961 0.026699
0 0.694208 0.154126 0.025554 0.038835
0 0.693356 0.121359 0.023850 0.021845
0 0.695060 0.093447 0.023850 0.033981
165 0.752981 0.924757 0.023850 0.021845
949 0.751278 0.905340 0.025554 0.024272
393 0.748722 0.878641 0.023850 0.026699
965 0.749574 0.843447 0.023850 0.038835
609 0.751278 0.805825 0.028961 0.031553
949 0.749574 0.771845 0.028961 0.029126
78 0.749574 0.734223 0.032368 0.038835
68 0.747871 0.700243 0.022147 0.021845
163 0.747871 0.667476 0.030664 0.033981
842 0.747019 0.635922 0.020443 0.026699
15 0.744463 0.605583 0.030664 0.031553
743 0.745315 0.576456 0.032368 0.026699
795 0.746167 0.547330 0.030664 0.029126
655 0.745315 0.510922 0.030664 0.033981
38 0.743612 0.473301 0.027257 0.031553
0 0.742760 0.442961 0.022147 0.026699
0 0.741908 0.415049 0.023850 0.029126
0 0.741908 0.377427 0.022147 0.038835
0 0.740204 0.341019 0.028961 0.031553
0 0.740204 0.305825 0.030664 0.033981
0 0.740204 0.270631 0.028961 0.031553
0 0.740204 0.236650 0.025554 0.033981
0 0.737649 0.200243 0.020443 0.029126
0 0.736797 0.171117 0.020443 0.026699
0 0.736797 0.132282 0.025554 0.041262
0 0.737649 0.093447 0.028961 0.031553
149 0.797274 0.913835 0.027257 0.029126
77 0.798978 0.882282 0.030664 0.024272
963 0.798978 0.850728 0.025554 0.031553
43 0.798126 0.813107 0.027257 0.041262
833 0.798126 0.771845 0.027257 0.033981
150 0.796422 0.734223 0.025554 0.029126
133 0.797274 0.699029 0.022147 0.036408
464 0.796422 0.662621 0.020443 0.029126
506 0.794719 0.632282 0.022147 0.029126
82 0.793867 0.593447 0.028961 0.038835
138 0.793867 0.548544 0.028961 0.036408
185 0.792164 0.513350 0.027257 0.031553
962 0.793015 0.478155 0.025554 0.031553
154 0.791312 0.440534 0.023850 0.038835
178 0.791312 0.398058 0.025554 0.033981
192 0.790460 0.366505 0.028961 0.029126
77 0.790460 0.336165 0.030664 0.031553
27 0.790460 0.300971 0.028961 0.031553
38 0.790460 0.265777 0.030664 0.029126
37 0.788756 0.234223 0.027257 0.033981
964 0.787053 0.194175 0.028961 0.036408
906 0.784497 0.157767 0.023850 0.031553
83 0.787053 0.121359 0.032368 0.031553
294 0.848382 0.915049 0.027257 0.033981
293 0.848382 0.879854 0.030664 0.029126
114 0.847530 0.845874 0.028961 0.036408
68 0.846678 0.810680 0.025554 0.031553
960 0.845826 0.770631 0.030664 0.041262
959 0.846678 0.725728 0.030664 0.033981
655 0.843271 0.694175 0.025554 0.019417
38 0.843271 0.662621 0.027257 0.033981
37 0.840716 0.623786 0.028961 0.031553
84 0.840716 0.587379 0.020443 0.026699
896 0.840716 0.552184 0.022147 0.029126
631 0.838160 0.520631 0.025554 0.031553
15 0.840716 0.487864 0.025554 0.029126
99 0.839864 0.455097 0.028961 0.031553
214 0.836457 0.421117 0.025554 0.026699
213 0.838160 0.389563 0.030664 0.031553
91 0.837308 0.355583 0.032368 0.029126
16 0.833901 0.317961 0.028961 0.038835
77 0.832198 0.279126 0.028961 0.036408
961 0.834753 0.235437 0.034072 0.041262
64 0.833901 0.191748 0.028961 0.036408
280 0.834753 0.155340 0.027257 0.031553
151 0.830494 0.122573 0.025554 0.029126
15 0.832198 0.086165 0.032368 0.033981
16 0.894378 0.916262 0.030664 0.029126
242 0.891823 0.885922 0.027257 0.026699
957 0.890971 0.849515 0.028961 0.041262
112 0.891823 0.808252 0.028961 0.033981
115 0.890971 0.769417 0.025554 0.033981
949 0.891823 0.735437 0.022147 0.026699
294 0.890971 0.697816 0.032368 0.036408
704 0.890119 0.660194 0.027257 0.029126
281 0.890971 0.623786 0.030664 0.031553
84 0.888416 0.592233 0.030664 0.029126
551 0.891823 0.557039 0.028961 0.031553
951 0.890119 0.523058 0.032368 0.031553
83 0.888416 0.486650 0.032368 0.036408
112 0.887564 0.444175 0.025554 0.041262
335 0.885009 0.398058 0.023850 0.036408
77 0.885009 0.362864 0.025554 0.029126
281 0.885009 0.322816 0.034072 0.041262
294 0.884157 0.287621 0.028961 0.024272
850 0.884157 0.253641 0.030664 0.031553
958 0.881601 0.219660 0.027257 0.036408
391 0.878194 0.179612 0.027257 0.031553
795 0.880750 0.145631 0.028961 0.026699
655 0.879046 0.112864 0.027257 0.031553
38 0.878194 0.081311 0.023850 0.024272
956 0.937819 0.916262 0.022147 0.024272
956 0.938671 0.889563 0.027257 0.026699
777 0.937819 0.861650 0.023850 0.031553
43 0.937819 0.819175 0.023850 0.043689
78 0.937819 0.777913 0.028961 0.036408
802 0.936116 0.745146 0.028961 0.031553
338 0.935264 0.716019 0.027257 0.029126
67 0.936116 0.683252 0.030664 0.038835
585 0.936116 0.649272 0.030664 0.024272
949 0.936116 0.621359 0.027257 0.031553
129 0.936968 0.586165 0.027257 0.033981
68 0.936116 0.549757 0.030664 0.033981
519 0.933560 0.514563 0.025554 0.029126
802 0.935264 0.480583 0.023850 0.031553
133 0.934412 0.446602 0.027257 0.031553
30 0.934412 0.408981 0.023850 0.036408
464 0.933560 0.373786 0.030664 0.029126
506 0.932709 0.341019 0.027257 0.031553
955 0.931857 0.304612 0.030664 0.036408
951 0.932709 0.262136 0.028961 0.036408
950 0.930153 0.229369 0.025554 0.019417
954 0.930153 0.200243 0.030664 0.033981
163 0.927598 0.163835 0.025554 0.029126
21 0.928450 0.131068 0.020443 0.024272
587 0.927598 0.103155 0.022147 0.026699
122 0.926746 0.077670 0.023850 0.026699
