410 0.298611 0.921986 0.027778 0.030733
410 0.297743 0.891253 0.026042 0.026005
410 0.298611 0.861702 0.026042 0.030733
658 0.297743 0.822695 0.031250 0.037825
657 0.298611 0.787234 0.027778 0.030733
660 0.299479 0.752955 0.027778 0.030733
740 0.299479 0.717494 0.029514 0.035461
1074 0.299479 0.682033 0.026042 0.030733
13 0.299479 0.643026 0.031250 0.042553
798 0.302083 0.605201 0.031250 0.030733
797 0.300347 0.575650 0.034722 0.030733
1073 0.302083 0.547281 0.032986 0.028369
135 0.301215 0.520095 0.032986 0.035461
410 0.302951 0.483452 0.031250 0.035461
1072 0.302951 0.449173 0.027778 0.030733
0 0.303819 0.411348 0.032986 0.040189
56 0.303819 0.368794 0.026042 0.033097
33 0.303819 0.335697 0.029514 0.033097
70 0.303819 0.300236 0.024306 0.033097
238 0.305556 0.268322 0.024306 0.026005
241 0.305556 0.241135 0.024306 0.028369
91 0.307292 0.205674 0.029514 0.035461
538 0.306424 0.172577 0.027778 0.030733
499 0.308160 0.137116 0.031250 0.035461
241 0.307292 0.102837 0.031250 0.035461
123 0.342882 0.917258 0.026042 0.033097
123 0.344618 0.878251 0.031250 0.033097
288 0.343750 0.841608 0.032986 0.033097
850 0.343750 0.810875 0.031250 0.030733
105 0.344618 0.774232 0.024306 0.035461
313 0.346354 0.732861 0.029514 0.037825
348 0.346354 0.693853 0.032986 0.033097
133 0.347222 0.658392 0.031250 0.035461
130 0.348090 0.624113 0.032986 0.033097
129 0.347222 0.589835 0.032986 0.033097
35 0.348958 0.568558 0.032986 0.030733
69 0.348958 0.531915 0.029514 0.035461
516 0.348090 0.495272 0.032986 0.035461
522 0.347222 0.460993 0.029514 0.028369
197 0.350694 0.431442 0.031250 0.026005
55 0.350694 0.400709 0.031250 0.033097
2 0.349826 0.367612 0.026042 0.033097
69 0.351562 0.327423 0.031250 0.042553
157 0.353299 0.284870 0.031250 0.035461
956 0.351562 0.249409 0.024306 0.030733
13 0.352431 0.211584 0.031250 0.042553
127 0.349826 0.167849 0.029514 0.040189
29 0.349826 0.128842 0.024306 0.035461
28 0.352431 0.095745 0.032986 0.030733
1071 0.386285 0.912530 0.024306 0.033097
605 0.389757 0.879433 0.027778 0.028369
83 0.389757 0.847518 0.031250 0.030733
65 0.390625 0.806147 0.031250 0.044917
109 0.390625 0.762411 0.027778 0.040189
13 0.390625 0.728132 0.032986 0.030733
61 0.390625 0.704492 0.029514 0.026005
64 0.391493 0.670213 0.026042 0.033097
353 0.391493 0.633570 0.027778 0.037825
127 0.392361 0.596927 0.029514 0.033097
29 0.392361 0.563830 0.026042 0.033097
28 0.391493 0.531915 0.026042 0.028369
33 0.391493 0.503546 0.027778 0.030733
195 0.392361 0.469267 0.029514 0.037825
738 0.394097 0.430260 0.029514 0.030733
224 0.394097 0.395981 0.026042 0.033097
613 0.394965 0.353428 0.022569 0.040189
350 0.395833 0.316785 0.029514 0.033097
157 0.398438 0.282506 0.032986 0.033097
201 0.398438 0.249409 0.029514 0.033097
109 0.397569 0.209220 0.031250 0.040189
350 0.398438 0.174941 0.029514 0.026005
249 0.398438 0.138298 0.026042 0.037825
43 0.398438 0.100473 0.029514 0.033097
75 0.433160 0.913712 0.029514 0.033097
76 0.434896 0.880615 0.034722 0.030733
106 0.434896 0.842790 0.029514 0.040189
239 0.435764 0.804965 0.034722 0.033097
19 0.436632 0.771868 0.031250 0.028369
29 0.435764 0.737589 0.032986 0.037825
28 0.437500 0.699764 0.027778 0.035461
75 0.437500 0.658392 0.031250 0.037825
157 0.439236 0.620567 0.027778 0.035461
214 0.437500 0.586288 0.027778 0.030733
516 0.435764 0.554374 0.029514 0.030733
33 0.438368 0.520095 0.031250 0.033097
341 0.439236 0.489362 0.022569 0.033097
157 0.439236 0.458629 0.031250 0.028369
216 0.438368 0.421986 0.027778 0.040189
665 0.439236 0.384161 0.029514 0.033097
124 0.440104 0.348700 0.026042 0.035461
64 0.439236 0.316785 0.029514 0.028369
701 0.440104 0.278960 0.027778 0.040189
236 0.440972 0.239953 0.027778 0.030733
986 0.440972 0.199764 0.022569 0.044917
142 0.440972 0.161939 0.026042 0.026005
153 0.441840 0.132388 0.029514 0.026005
13 0.439236 0.101655 0.029514 0.035461
1070 0.473958 0.916076 0.027778 0.033097
238 0.476562 0.880615 0.026042 0.040189
239 0.475694 0.842790 0.027778 0.028369
70 0.477431 0.810875 0.024306 0.033097
1069 0.478299 0.776596 0.027778 0.033097
240 0.480035 0.741135 0.029514 0.033097
33 0.480035 0.710402 0.027778 0.028369
479 0.480903 0.676123 0.029514 0.037825
527 0.482639 0.644208 0.026042 0.026005
109 0.482639 0.612293 0.024306 0.037825
19 0.483507 0.578014 0.026042 0.030733
29 0.482639 0.553191 0.024306 0.030733
28 0.481771 0.522459 0.020833 0.030733
92 0.480903 0.492908 0.026042 0.028369
75 0.483507 0.460993 0.026042 0.033097
30 0.484375 0.430260 0.024306 0.028369
52 0.483507 0.398345 0.026042 0.033097
1068 0.483507 0.359338 0.027778 0.037825
1067 0.486111 0.323877 0.026042 0.030733
216 0.485243 0.294326 0.026042 0.030733
426 0.484375 0.263593 0.022569 0.028369
425 0.486111 0.234043 0.019097 0.030733
357 0.485243 0.205674 0.024306 0.028369
64 0.486111 0.178487 0.026042 0.026005
55 0.486111 0.146572 0.027778 0.035461
63 0.485243 0.106383 0.027778 0.042553
986 0.541667 0.323877 0.022569 0.030733
142 0.540799 0.293144 0.026042 0.026005
153 0.539931 0.258865 0.022569 0.035461
13 0.540799 0.224586 0.022569 0.030733
1035 0.540799 0.187943 0.026042 0.033097
75 0.538194 0.151300 0.026042 0.040189
76 0.538194 0.114657 0.026042 0.033097
29 0.734375 0.899527 0.027778 0.037825
28 0.735243 0.861702 0.031250 0.030733
33 0.734375 0.826241 0.032986 0.035461
529 0.733507 0.783688 0.032986 0.042553
1066 0.732639 0.739953 0.026042 0.040189
109 0.732639 0.702128 0.031250 0.035461
5 0.732639 0.660757 0.034722 0.040189
624 0.731771 0.625296 0.032986 0.035461
320 0.727431 0.586288 0.029514 0.037825
109 0.725694 0.548463 0.027778 0.033097
1065 0.725694 0.508274 0.031250 0.037825
28 0.723958 0.468085 0.032986 0.033097
157 0.723958 0.434988 0.032986 0.030733
201 0.722222 0.400709 0.029514 0.030733
33 0.722222 0.371158 0.022569 0.028369
530 0.722222 0.342790 0.026042 0.028369
70 0.721354 0.307329 0.034722 0.035461
238 0.723090 0.274232 0.031250 0.030733
3 0.723958 0.241135 0.032986 0.033097
350 0.721354 0.204492 0.034722 0.030733
249 0.722222 0.167849 0.031250 0.035461
176 0.720486 0.131206 0.027778 0.033097
350 0.721354 0.095745 0.027778 0.033097
124 0.786458 0.899527 0.032986 0.040189
64 0.786458 0.855792 0.031250 0.040189
320 0.784722 0.816785 0.031250 0.033097
201 0.786458 0.783688 0.031250 0.033097
109 0.782986 0.749409 0.029514 0.028369
213 0.783854 0.711584 0.029514 0.037825
224 0.782986 0.674941 0.027778 0.033097
109 0.782986 0.637116 0.031250 0.035461
19 0.782986 0.599291 0.027778 0.035461
29 0.779514 0.563830 0.029514 0.030733
28 0.779514 0.528369 0.026042 0.035461
183 0.779514 0.488180 0.031250 0.035461
202 0.777778 0.451537 0.026042 0.030733
52 0.777778 0.420804 0.029514 0.028369
127 0.777778 0.385343 0.027778 0.040189
704 0.774306 0.348700 0.034722 0.030733
223 0.772569 0.317967 0.026042 0.030733
43 0.773438 0.290780 0.022569 0.028369
109 0.774306 0.263593 0.022569 0.026005
350 0.774306 0.234043 0.032986 0.033097
68 0.772569 0.198582 0.027778 0.033097
231 0.770833 0.169031 0.031250 0.023641
61 0.769097 0.140662 0.027778 0.030733
292 0.834201 0.912530 0.027778 0.030733
19 0.834201 0.879433 0.031250 0.033097
305 0.833333 0.847518 0.027778 0.030733
127 0.830729 0.814421 0.029514 0.033097
29 0.832465 0.782506 0.026042 0.028369
28 0.831597 0.752955 0.031250 0.030733
277 0.829861 0.717494 0.027778 0.030733
214 0.828125 0.679669 0.029514 0.033097
33 0.827257 0.644208 0.029514 0.030733
25 0.828125 0.609929 0.029514 0.030733
62 0.828125 0.579196 0.031250 0.026005
51 0.827257 0.549645 0.031250 0.026005
3 0.825521 0.520095 0.032986 0.035461
192 0.824653 0.481087 0.031250 0.040189
109 0.824653 0.442080 0.032986 0.033097
46 0.822049 0.408983 0.026042 0.033097
224 0.822917 0.371158 0.027778 0.037825
271 0.822049 0.334515 0.029514 0.035461
299 0.821181 0.301418 0.029514 0.033097
171 0.819444 0.268322 0.029514 0.028369
170 0.817708 0.239953 0.026042 0.028369
75 0.818576 0.211584 0.024306 0.026005
4 0.817708 0.185579 0.022569 0.026005
13 0.815972 0.153664 0.029514 0.030733
481 0.816840 0.122931 0.029514 0.028369
480 0.815972 0.089835 0.026042 0.023641
28 0.881076 0.881797 0.032986 0.028369
74 0.879340 0.854610 0.026042 0.028369
47 0.880208 0.825059 0.024306 0.026005
26 0.878472 0.797872 0.026042 0.028369
54 0.877604 0.765957 0.031250 0.030733
142 0.876736 0.735225 0.029514 0.028369
153 0.875000 0.705674 0.027778 0.026005
64 0.875868 0.678487 0.027778 0.030733
26 0.875000 0.648936 0.027778 0.030733
54 0.875000 0.617021 0.032986 0.033097
148 0.874132 0.583924 0.031250 0.030733
590 0.874132 0.553191 0.032986 0.028369
65 0.872396 0.526005 0.029514 0.026005
214 0.874132 0.498818 0.027778 0.028369
1064 0.872396 0.472813 0.029514 0.028369
102 0.874132 0.439716 0.034722 0.033097
278 0.873264 0.406619 0.029514 0.028369
56 0.873264 0.373522 0.034722 0.037825
55 0.870660 0.339243 0.036458 0.028369
1035 0.868056 0.310875 0.031250 0.023641
75 0.868056 0.282506 0.027778 0.033097
76 0.867188 0.247045 0.034722 0.033097
2 0.868924 0.212766 0.032986 0.030733
133 0.866319 0.179669 0.027778 0.030733
58 0.866319 0.150118 0.027778 0.026005
9 0.867188 0.122931 0.032986 0.028369
62 0.867188 0.092199 0.032986 0.030733
256 0.919271 0.286052 0.032986 0.033097
69 0.918403 0.251773 0.031250 0.033097
91 0.915799 0.213948 0.029514 0.033097
148 0.914931 0.172577 0.027778 0.040189
123 0.915799 0.132388 0.029514 0.033097
127 0.914062 0.091017 0.029514 0.030733
