0 0.072049 0.865248 0.031250 0.033097
0 0.073785 0.828605 0.029514 0.035461
0 0.074653 0.789598 0.026042 0.037825
0 0.074653 0.752955 0.026042 0.033097
0 0.074653 0.719858 0.026042 0.028369
0 0.075521 0.686761 0.029514 0.035461
0 0.077257 0.652482 0.027778 0.033097
0 0.078125 0.621749 0.027778 0.026005
0 0.078125 0.594563 0.027778 0.026005
0 0.078125 0.559102 0.024306 0.040189
0 0.079861 0.521277 0.026042 0.033097
0 0.079861 0.491726 0.026042 0.028369
0 0.080729 0.466903 0.029514 0.026005
0 0.079861 0.439716 0.027778 0.026005
0 0.081597 0.404255 0.029514 0.037825
0 0.081597 0.362884 0.024306 0.040189
0 0.082465 0.326241 0.027778 0.033097
0 0.083333 0.294326 0.029514 0.028369
0 0.083333 0.261229 0.029514 0.033097
0 0.083333 0.232861 0.022569 0.023641
0 0.083333 0.204492 0.024306 0.028369
0 0.082465 0.173759 0.027778 0.030733
0 0.085069 0.140662 0.029514 0.028369
0 0.085938 0.112293 0.027778 0.033097
0 0.085069 0.076832 0.026042 0.033097
0 0.116319 0.877069 0.026042 0.033097
0 0.117188 0.842790 0.026042 0.033097
0 0.117188 0.810875 0.029514 0.026005
0 0.118056 0.783688 0.024306 0.026005
0 0.118924 0.752955 0.026042 0.030733
0 0.118924 0.721040 0.029514 0.033097
0 0.121528 0.683215 0.029514 0.037825
0 0.121528 0.643026 0.032986 0.035461
0 0.120660 0.602837 0.022569 0.035461
0 0.121528 0.563830 0.029514 0.035461
0 0.122396 0.529551 0.031250 0.028369
0 0.123264 0.500000 0.031250 0.026005
0 0.125000 0.472813 0.031250 0.023641
0 0.124132 0.445626 0.029514 0.035461
0 0.124132 0.408983 0.027778 0.030733
0 0.124132 0.375887 0.031250 0.033097
0 0.127604 0.341608 0.027778 0.033097
0 0.127604 0.308511 0.027778 0.033097
0 0.128472 0.276596 0.027778 0.028369
0 0.128472 0.244681 0.026042 0.030733
0 0.128472 0.212766 0.022569 0.030733
0 0.131076 0.180851 0.026042 0.033097
0 0.130208 0.146572 0.026042 0.033097
0 0.130208 0.111111 0.029514 0.030733
0 0.130208 0.076832 0.027778 0.033097
0 0.163194 0.751773 0.026042 0.035461
0 0.165799 0.718676 0.031250 0.028369
0 0.167535 0.687943 0.029514 0.030733
0 0.167535 0.658392 0.026042 0.030733
0 0.167535 0.628842 0.031250 0.030733
0 0.169271 0.598109 0.026042 0.030733
0 0.170139 0.568558 0.027778 0.026005
0 0.171875 0.535461 0.026042 0.035461
0 0.172743 0.498818 0.027778 0.035461
0 0.172743 0.458629 0.026042 0.040189
0 0.173611 0.421986 0.032986 0.035461
0 0.174479 0.385343 0.031250 0.037825
0 0.175347 0.346336 0.024306 0.033097
0 0.175347 0.310875 0.029514 0.033097
0 0.177951 0.273050 0.029514 0.035461
0 0.177083 0.238771 0.029514 0.030733
0 0.177083 0.204492 0.029514 0.033097
0 0.178819 0.167849 0.031250 0.030733
0 0.179688 0.134752 0.029514 0.028369
0 0.179688 0.102837 0.031250 0.030733
0 0.179688 0.072104 0.027778 0.026005
0 0.209201 0.895981 0.029514 0.023641
0 0.210069 0.836879 0.026042 0.035461
0 0.210069 0.801418 0.024306 0.028369
0 0.210069 0.767139 0.024306 0.035461
0 0.211806 0.734043 0.031250 0.028369
0 0.212674 0.700946 0.031250 0.035461
0 0.216146 0.661939 0.027778 0.037825
0 0.217014 0.626478 0.026042 0.033097
0 0.216146 0.591017 0.027778 0.035461
0 0.217882 0.555556 0.029514 0.037825
0 0.217014 0.515366 0.027778 0.042553
0 0.217014 0.472813 0.031250 0.037825
0 0.217882 0.437352 0.031250 0.033097
0 0.217014 0.403073 0.027778 0.033097
0 0.219618 0.372340 0.031250 0.026005
0 0.219618 0.341608 0.027778 0.035461
0 0.219618 0.306147 0.024306 0.030733
0 0.222222 0.277778 0.027778 0.023641
0 0.223090 0.247045 0.029514 0.030733
0 0.223090 0.216312 0.031250 0.030733
0 0.225694 0.185579 0.026042 0.023641
0 0.225694 0.154846 0.027778 0.035461
0 0.227431 0.115839 0.027778 0.035461
0 0.227431 0.079196 0.029514 0.035461
68 0.254340 0.895981 0.027778 0.028369
209 0.254340 0.865248 0.027778 0.028369
130 0.254340 0.832151 0.029514 0.035461
1296 0.254340 0.797872 0.022569 0.028369
91 0.256076 0.767139 0.026042 0.028369
199 0.256944 0.731678 0.026042 0.033097
64 0.257812 0.698582 0.027778 0.028369
243 0.257812 0.666667 0.027778 0.028369
91 0.258681 0.634752 0.029514 0.033097
199 0.259549 0.602837 0.026042 0.028369
224 0.260417 0.572104 0.022569 0.028369
1295 0.261285 0.540189 0.031250 0.030733
453 0.262153 0.509456 0.027778 0.026005
494 0.262153 0.479905 0.031250 0.033097
541 0.263021 0.449173 0.029514 0.028369
540 0.263889 0.424350 0.027778 0.026005
37 0.265625 0.395981 0.027778 0.028369
21 0.266493 0.361702 0.027778 0.037825
157 0.266493 0.321513 0.029514 0.040189
38 0.266493 0.282506 0.024306 0.033097
37 0.268229 0.245863 0.029514 0.037825
424 0.269965 0.209220 0.032986 0.033097
36 0.269965 0.173759 0.027778 0.033097
470 0.270833 0.144208 0.024306 0.026005
441 0.271701 0.113475 0.031250 0.035461
199 0.314236 0.303783 0.029514 0.042553
441 0.314236 0.262411 0.024306 0.042553
1294 0.315104 0.217494 0.026042 0.042553
1293 0.315972 0.176123 0.026042 0.035461
315 0.317708 0.131206 0.032986 0.047281
92 0.316840 0.115839 0.031250 0.040189
37 0.316840 0.079196 0.031250 0.030733
68 0.347222 0.892435 0.026042 0.030733
146 0.348090 0.860520 0.026042 0.028369
737 0.348958 0.829787 0.029514 0.030733
901 0.349826 0.793144 0.027778 0.037825
74 0.350694 0.758865 0.022569 0.026005
549 0.351562 0.728132 0.026042 0.033097
140 0.352431 0.693853 0.029514 0.033097
77 0.352431 0.657210 0.029514 0.033097
27 0.352431 0.615839 0.029514 0.042553
38 0.353299 0.570922 0.029514 0.037825
37 0.353299 0.531915 0.026042 0.030733
43 0.355035 0.497636 0.031250 0.030733
165 0.355035 0.463357 0.031250 0.035461
15 0.355035 0.421986 0.027778 0.040189
158 0.355903 0.384161 0.032986 0.030733
130 0.355035 0.347518 0.029514 0.040189
855 0.355903 0.307329 0.027778 0.030733
1042 0.355903 0.276596 0.029514 0.030733
1211 0.356771 0.241135 0.022569 0.035461
1194 0.358507 0.200946 0.027778 0.040189
122 0.360243 0.154846 0.031250 0.042553
335 0.361979 0.112293 0.034722 0.035461
243 0.361111 0.079196 0.032986 0.033097
255 0.394965 0.899527 0.027778 0.026005
100 0.395833 0.868794 0.031250 0.030733
417 0.394965 0.834515 0.026042 0.033097
136 0.395833 0.797872 0.027778 0.037825
27 0.397569 0.758865 0.026042 0.033097
38 0.396701 0.724586 0.029514 0.033097
37 0.398438 0.685579 0.029514 0.037825
1292 0.398438 0.648936 0.029514 0.028369
45 0.400174 0.618203 0.027778 0.030733
15 0.400174 0.585106 0.027778 0.028369
158 0.400174 0.552009 0.027778 0.033097
1291 0.401910 0.518913 0.027778 0.021277
1290 0.401042 0.491726 0.031250 0.035461
91 0.400174 0.458629 0.031250 0.028369
199 0.401910 0.426714 0.027778 0.030733
130 0.401910 0.395981 0.026042 0.026005
300 0.401910 0.361702 0.026042 0.037825
1289 0.401910 0.327423 0.027778 0.028369
1288 0.404514 0.293144 0.026042 0.040189
255 0.403646 0.258865 0.024306 0.028369
43 0.405382 0.223404 0.027778 0.035461
737 0.404514 0.193853 0.029514 0.026005
255 0.406250 0.157210 0.029514 0.040189
68 0.407986 0.115839 0.031250 0.033097
158 0.407986 0.085106 0.032986 0.035461
91 0.437500 0.894799 0.026042 0.030733
199 0.438368 0.860520 0.022569 0.030733
876 0.440104 0.823877 0.026042 0.035461
130 0.440972 0.783688 0.026042 0.037825
21 0.440972 0.750591 0.024306 0.028369
1287 0.440104 0.716312 0.024306 0.033097
221 0.442708 0.686761 0.027778 0.026005
78 0.442708 0.659574 0.027778 0.030733
43 0.443576 0.628842 0.022569 0.028369
182 0.444444 0.600473 0.019097 0.023641
38 0.444444 0.576832 0.020833 0.026005
37 0.445312 0.542553 0.024306 0.035461
21 0.445312 0.513002 0.022569 0.023641
92 0.444444 0.483452 0.022569 0.033097
37 0.447049 0.450355 0.022569 0.030733
91 0.447049 0.420804 0.017361 0.026005
137 0.447917 0.395981 0.020833 0.026005
243 0.447917 0.364066 0.026042 0.035461
91 0.448785 0.329787 0.024306 0.030733
199 0.448785 0.290780 0.024306 0.040189
31 0.447917 0.252955 0.022569 0.030733
163 0.448785 0.219858 0.022569 0.035461
11 0.448785 0.183215 0.024306 0.033097
10 0.450521 0.150118 0.026042 0.035461
202 0.450521 0.120567 0.026042 0.026005
0 0.519097 0.813239 0.026042 0.037825
0 0.517361 0.777778 0.017361 0.026005
0 0.518229 0.743499 0.029514 0.033097
0 0.515625 0.705674 0.019097 0.028369
0 0.514757 0.663121 0.022569 0.042553
0 0.514757 0.626478 0.022569 0.030733
0 0.513889 0.593381 0.026042 0.033097
0 0.512153 0.554374 0.022569 0.035461
0 0.512153 0.520095 0.022569 0.026005
0 0.508681 0.489362 0.026042 0.028369
0 0.509549 0.453901 0.026042 0.040189
0 0.509549 0.412530 0.027778 0.035461
0 0.506944 0.373522 0.024306 0.037825
0 0.507812 0.333333 0.024306 0.035461
0 0.505208 0.294326 0.022569 0.037825
0 0.504340 0.254137 0.024306 0.030733
0 0.502604 0.223404 0.020833 0.028369
0 0.502604 0.186761 0.022569 0.033097
0 0.500868 0.152482 0.017361 0.026005
0 0.500868 0.122931 0.019097 0.030733
0 0.500868 0.089835 0.027778 0.030733
0 0.561632 0.774232 0.027778 0.035461
0 0.562500 0.709220 0.027778 0.030733
0 0.560764 0.679669 0.027778 0.030733
0 0.558160 0.644208 0.027778 0.033097
0 0.559028 0.612293 0.024306 0.026005
0 0.555556 0.581560 0.024306 0.030733
0 0.554688 0.546099 0.027778 0.035461
0 0.552083 0.505910 0.027778 0.037825
0 0.552083 0.468085 0.026042 0.035461
0 0.552951 0.426714 0.031250 0.040189
0 0.548611 0.388889 0.029514 0.035461
0 0.548611 0.351064 0.027778 0.040189
0 0.547743 0.308511 0.027778 0.040189
0 0.546875 0.268322 0.031250 0.035461
0 0.544271 0.238771 0.022569 0.023641
0 0.545139 0.212766 0.026042 0.026005
0 0.543403 0.180851 0.026042 0.033097
0 0.610243 0.723404 0.027778 0.028369
0 0.607639 0.693853 0.026042 0.026005
0 0.607639 0.659574 0.027778 0.037825
0 0.605035 0.617021 0.027778 0.037825
0 0.605903 0.575650 0.027778 0.040189
0 0.605903 0.535461 0.031250 0.040189
0 0.605903 0.496454 0.031250 0.033097
0 0.603299 0.459811 0.024306 0.037825
0 0.600694 0.418440 0.031250 0.037825
0 0.599826 0.379433 0.031250 0.035461
0 0.598958 0.346336 0.031250 0.028369
0 0.598090 0.316785 0.029514 0.026005
0 0.596354 0.282506 0.031250 0.035461
0 0.593750 0.244681 0.027778 0.030733
0 0.593750 0.206856 0.024306 0.037825
0 0.593750 0.165485 0.027778 0.037825
0 0.658854 0.680851 0.031250 0.030733
0 0.657986 0.650118 0.029514 0.028369
0 0.655382 0.614657 0.027778 0.035461
0 0.654514 0.578014 0.029514 0.033097
0 0.652778 0.544917 0.031250 0.030733
0 0.651910 0.507092 0.031250 0.040189
0 0.649306 0.468085 0.031250 0.035461
0 0.648438 0.429078 0.031250 0.037825
0 0.647569 0.391253 0.031250 0.033097
0 0.645833 0.358156 0.031250 0.028369
0 0.643229 0.317967 0.031250 0.040189
0 0.642361 0.276596 0.027778 0.030733
0 0.641493 0.239953 0.027778 0.033097
876 0.708333 0.729314 0.031250 0.037825
151 0.708333 0.690307 0.029514 0.035461
17 0.707465 0.651300 0.027778 0.033097
15 0.705729 0.620567 0.029514 0.026005
14 0.703993 0.585106 0.027778 0.037825
197 0.700521 0.549645 0.031250 0.033097
0 0.697917 0.514184 0.027778 0.033097
0 0.697917 0.481087 0.027778 0.026005
0 0.697917 0.444444 0.029514 0.042553
0 0.697049 0.401891 0.026042 0.035461
0 0.695312 0.362884 0.027778 0.040189
0 0.693576 0.319149 0.032986 0.037825
0 0.690972 0.280142 0.032986 0.030733
0 0.690104 0.247045 0.031250 0.030733
114 0.755208 0.697400 0.029514 0.037825
109 0.754340 0.660757 0.027778 0.033097
490 0.753472 0.626478 0.032986 0.033097
1286 0.751736 0.588652 0.029514 0.037825
91 0.751736 0.552009 0.029514 0.028369
199 0.750000 0.522459 0.022569 0.026005
181 0.748264 0.495272 0.026042 0.028369
180 0.747396 0.458629 0.031250 0.037825
82 0.747396 0.425532 0.031250 0.028369
619 0.746528 0.392435 0.027778 0.033097
546 0.744792 0.355792 0.026042 0.037825
23 0.741319 0.315603 0.029514 0.037825
30 0.740451 0.273050 0.029514 0.035461
203 0.740451 0.234043 0.027778 0.035461
109 0.738715 0.204492 0.031250 0.026005
411 0.737847 0.180851 0.027778 0.018913
165 0.808160 0.679669 0.029514 0.033097
107 0.807292 0.643026 0.027778 0.035461
384 0.804688 0.602837 0.027778 0.035461
109 0.802951 0.562648 0.027778 0.030733
494 0.799479 0.526005 0.027778 0.035461
146 0.797743 0.488180 0.029514 0.033097
163 0.799479 0.451537 0.029514 0.030733
100 0.797743 0.418440 0.027778 0.028369
43 0.796875 0.387707 0.026042 0.028369
1282 0.794271 0.358156 0.024306 0.023641
108 0.795139 0.326241 0.029514 0.030733
146 0.790799 0.289598 0.029514 0.033097
150 0.789931 0.251773 0.026042 0.033097
1285 0.789931 0.213948 0.032986 0.033097
136 0.854167 0.716312 0.022569 0.028369
448 0.855035 0.679669 0.027778 0.033097
157 0.852431 0.641844 0.029514 0.035461
38 0.852431 0.598109 0.032986 0.040189
37 0.848958 0.552009 0.027778 0.037825
36 0.849826 0.515366 0.027778 0.033097
35 0.846354 0.478723 0.026042 0.037825
363 0.844618 0.437352 0.027778 0.035461
15 0.844618 0.404255 0.031250 0.030733
115 0.844618 0.369976 0.032986 0.035461
77 0.843750 0.335697 0.031250 0.028369
45 0.840278 0.302600 0.026042 0.026005
268 0.841146 0.268322 0.032986 0.035461
21 0.837674 0.230496 0.031250 0.035461
230 0.836806 0.153664 0.032986 0.037825
110 0.903646 0.816785 0.026042 0.035461
115 0.902778 0.795508 0.029514 0.030733
196 0.902778 0.758865 0.031250 0.035461
83 0.901910 0.718676 0.024306 0.035461
1024 0.901042 0.682033 0.029514 0.033097
312 0.899306 0.644208 0.034722 0.037825
103 0.898438 0.607565 0.027778 0.035461
83 0.896701 0.568558 0.029514 0.033097
1075 0.895833 0.528369 0.031250 0.037825
281 0.894965 0.495272 0.026042 0.028369
230 0.895833 0.457447 0.029514 0.037825
1282 0.894097 0.418440 0.027778 0.035461
464 0.894097 0.380615 0.026042 0.035461
1243 0.892361 0.339243 0.029514 0.037825
91 0.891493 0.300236 0.029514 0.033097
199 0.889757 0.265957 0.027778 0.030733
163 0.888889 0.238771 0.031250 0.023641
1284 0.888021 0.210402 0.029514 0.028369
479 0.886285 0.179669 0.029514 0.033097
335 0.885417 0.105201 0.026042 0.035461
77 0.886285 0.073286 0.024306 0.026005
1283 0.884549 0.048463 0.026042 0.035461
