0 0.103299 0.927896 0.029514 0.023641
0 0.103299 0.903073 0.027778 0.023641
0 0.101562 0.877069 0.026042 0.033097
0 0.102431 0.839243 0.027778 0.033097
0 0.101562 0.807329 0.022569 0.030733
0 0.103299 0.770686 0.027778 0.035461
0 0.102431 0.732861 0.022569 0.037825
0 0.102431 0.692671 0.027778 0.033097
0 0.103299 0.650118 0.027778 0.042553
0 0.104167 0.607565 0.027778 0.035461
0 0.105903 0.569740 0.031250 0.028369
0 0.104167 0.535461 0.027778 0.033097
0 0.105035 0.497636 0.029514 0.033097
0 0.107639 0.464539 0.027778 0.023641
0 0.106771 0.432624 0.027778 0.033097
0 0.105903 0.394799 0.026042 0.035461
0 0.109375 0.358156 0.034722 0.037825
0 0.106771 0.317967 0.027778 0.035461
0 0.107639 0.267139 0.026042 0.035461
0 0.108507 0.234043 0.024306 0.030733
0 0.109375 0.199764 0.029514 0.035461
0 0.108507 0.164303 0.029514 0.033097
0 0.109375 0.105201 0.026042 0.037825
0 0.150174 0.925532 0.032986 0.028369
0 0.147569 0.897163 0.031250 0.026005
0 0.150174 0.864066 0.031250 0.030733
0 0.152778 0.830969 0.029514 0.035461
0 0.151910 0.793144 0.029514 0.030733
0 0.152778 0.761229 0.029514 0.033097
0 0.151910 0.721040 0.027778 0.037825
0 0.152778 0.677305 0.026042 0.040189
0 0.153646 0.635934 0.026042 0.040189
0 0.156250 0.591017 0.029514 0.037825
0 0.155382 0.557920 0.032986 0.026005
0 0.155382 0.522459 0.024306 0.040189
0 0.154514 0.483452 0.034722 0.035461
0 0.154514 0.446809 0.032986 0.033097
0 0.155382 0.411348 0.027778 0.033097
0 0.156250 0.377069 0.029514 0.030733
0 0.158854 0.336879 0.029514 0.042553
0 0.158854 0.299054 0.031250 0.030733
0 0.157118 0.271868 0.026042 0.023641
0 0.157986 0.243499 0.024306 0.026005
0 0.155382 0.215130 0.024306 0.028369
0 0.156250 0.178487 0.026042 0.035461
0 0.157118 0.141844 0.027778 0.030733
0 0.157986 0.105201 0.027778 0.033097
0 0.195312 0.921986 0.032986 0.033097
0 0.196181 0.885343 0.029514 0.035461
0 0.197049 0.848700 0.032986 0.033097
0 0.197917 0.812057 0.029514 0.035461
0 0.197917 0.774232 0.027778 0.037825
0 0.199653 0.738771 0.032986 0.028369
0 0.200521 0.700946 0.029514 0.040189
0 0.201389 0.658392 0.027778 0.037825
0 0.198785 0.621749 0.031250 0.030733
0 0.198785 0.592199 0.026042 0.028369
0 0.200521 0.562648 0.022569 0.028369
0 0.199653 0.531915 0.027778 0.030733
0 0.201389 0.498818 0.027778 0.030733
0 0.202257 0.456265 0.029514 0.047281
0 0.203125 0.413712 0.027778 0.035461
0 0.203125 0.380615 0.024306 0.028369
0 0.203125 0.345154 0.027778 0.033097
0 0.203125 0.313239 0.031250 0.028369
0 0.206597 0.278960 0.024306 0.035461
0 0.208333 0.243499 0.029514 0.030733
0 0.207465 0.210402 0.031250 0.035461
0 0.206597 0.172577 0.026042 0.033097
0 0.207465 0.137116 0.024306 0.033097
0 0.206597 0.100473 0.032986 0.033097
672 0.245660 0.916076 0.027778 0.028369
672 0.245660 0.886525 0.029514 0.026005
470 0.244792 0.853428 0.024306 0.030733
464 0.245660 0.823877 0.020833 0.028369
1566 0.243924 0.794326 0.029514 0.028369
1340 0.246528 0.762411 0.027778 0.030733
1075 0.248264 0.731678 0.026042 0.023641
1472 0.249132 0.699764 0.031250 0.035461
68 0.248264 0.663121 0.031250 0.028369
17 0.250868 0.618203 0.032986 0.033097
426 0.250868 0.585106 0.029514 0.028369
221 0.250868 0.550827 0.031250 0.033097
77 0.250868 0.513002 0.029514 0.033097
113 0.251736 0.471631 0.026042 0.047281
428 0.251736 0.431442 0.026042 0.030733
78 0.251736 0.398345 0.027778 0.028369
77 0.252604 0.364066 0.031250 0.033097
360 0.252604 0.330969 0.032986 0.030733
1076 0.250868 0.299054 0.029514 0.033097
83 0.253472 0.262411 0.027778 0.033097
112 0.253472 0.228132 0.029514 0.030733
260 0.254340 0.196217 0.029514 0.028369
818 0.256076 0.165485 0.029514 0.033097
274 0.255208 0.132388 0.031250 0.030733
43 0.254340 0.100473 0.026042 0.028369
112 0.292535 0.921986 0.024306 0.026005
163 0.291667 0.895981 0.026042 0.026005
1566 0.292535 0.864066 0.026042 0.033097
1340 0.294271 0.828605 0.026042 0.033097
1075 0.296875 0.790780 0.026042 0.035461
178 0.296007 0.756501 0.031250 0.028369
1434 0.295139 0.724586 0.027778 0.030733
1039 0.296007 0.695035 0.022569 0.028369
653 0.296007 0.665485 0.026042 0.028369
720 0.296875 0.628842 0.029514 0.040189
1591 0.297743 0.592199 0.031250 0.030733
475 0.298611 0.561466 0.031250 0.028369
707 0.298611 0.530733 0.031250 0.028369
21 0.299479 0.500000 0.031250 0.028369
1106 0.298611 0.462175 0.032986 0.035461
1047 0.298611 0.424350 0.031250 0.037825
77 0.300347 0.384161 0.031250 0.035461
479 0.301215 0.352246 0.027778 0.030733
770 0.301215 0.322695 0.026042 0.033097
28 0.301215 0.289598 0.024306 0.028369
253 0.302083 0.258865 0.029514 0.028369
812 0.302951 0.218676 0.026042 0.040189
1476 0.302951 0.179669 0.029514 0.033097
154 0.306424 0.143026 0.031250 0.035461
122 0.303819 0.105201 0.031250 0.035461
1575 0.340278 0.921986 0.026042 0.023641
260 0.340278 0.894799 0.029514 0.030733
133 0.341146 0.856974 0.029514 0.035461
163 0.342014 0.822695 0.029514 0.030733
524 0.342882 0.788416 0.034722 0.030733
43 0.343750 0.758865 0.029514 0.028369
360 0.344618 0.726950 0.031250 0.028369
457 0.342882 0.696217 0.026042 0.030733
83 0.345486 0.666667 0.024306 0.026005
393 0.344618 0.638298 0.024306 0.026005
249 0.345486 0.606383 0.032986 0.033097
50 0.346354 0.572104 0.024306 0.028369
83 0.346354 0.539007 0.029514 0.030733
112 0.347222 0.508274 0.024306 0.028369
21 0.348090 0.472813 0.032986 0.030733
747 0.348090 0.438534 0.027778 0.035461
430 0.349826 0.401891 0.024306 0.030733
150 0.348958 0.374704 0.027778 0.026005
881 0.350694 0.343972 0.027778 0.033097
125 0.350694 0.312057 0.026042 0.026005
260 0.349826 0.281324 0.027778 0.028369
962 0.350694 0.248227 0.031250 0.033097
21 0.349826 0.211584 0.029514 0.030733
574 0.349826 0.182033 0.026042 0.028369
154 0.350694 0.147754 0.027778 0.033097
428 0.351562 0.111111 0.029514 0.035461
43 0.391493 0.898345 0.024306 0.035461
76 0.391493 0.861702 0.029514 0.033097
258 0.391493 0.828605 0.024306 0.030733
150 0.390625 0.797872 0.027778 0.028369
274 0.391493 0.764775 0.026042 0.030733
68 0.391493 0.732861 0.024306 0.030733
339 0.393229 0.693853 0.026042 0.037825
38 0.393229 0.656028 0.029514 0.030733
37 0.391493 0.625296 0.024306 0.028369
997 0.393229 0.596927 0.024306 0.026005
218 0.392361 0.570922 0.024306 0.026005
43 0.393229 0.536643 0.024306 0.033097
360 0.394965 0.510638 0.024306 0.018913
457 0.391493 0.481087 0.027778 0.035461
83 0.393229 0.439716 0.026042 0.035461
21 0.394097 0.403073 0.020833 0.033097
278 0.395833 0.367612 0.029514 0.030733
276 0.395833 0.336879 0.027778 0.028369
83 0.394965 0.307329 0.027778 0.028369
150 0.395833 0.278960 0.024306 0.028369
224 0.396701 0.249409 0.024306 0.026005
38 0.396701 0.222222 0.022569 0.028369
37 0.396701 0.190307 0.026042 0.030733
126 0.398438 0.157210 0.027778 0.033097
125 0.398438 0.118203 0.027778 0.037825
27 0.434896 0.891253 0.020833 0.033097
38 0.434028 0.856974 0.024306 0.026005
37 0.434028 0.817967 0.022569 0.035461
21 0.433160 0.782506 0.022569 0.030733
878 0.434028 0.748227 0.024306 0.035461
294 0.433160 0.717494 0.024306 0.023641
1180 0.434028 0.690307 0.022569 0.030733
279 0.434896 0.656028 0.020833 0.035461
1476 0.434896 0.622931 0.024306 0.030733
154 0.435764 0.587470 0.026042 0.035461
345 0.434896 0.552009 0.022569 0.030733
620 0.434028 0.520095 0.022569 0.028369
1468 0.434028 0.489362 0.024306 0.033097
100 0.435764 0.455083 0.026042 0.037825
43 0.434896 0.414894 0.024306 0.037825
44 0.434896 0.378251 0.026042 0.033097
586 0.435764 0.342790 0.022569 0.035461
1590 0.436632 0.308511 0.024306 0.030733
199 0.436632 0.275414 0.027778 0.033097
31 0.435764 0.239953 0.022569 0.033097
163 0.435764 0.209220 0.019097 0.023641
101 0.435764 0.179669 0.020833 0.030733
10 0.435764 0.150118 0.022569 0.028369
202 0.434028 0.120567 0.020833 0.028369
1589 0.468750 0.864066 0.017361 0.021277
77 0.468750 0.839243 0.019097 0.026005
45 0.468750 0.813239 0.019097 0.023641
380 0.468750 0.783688 0.017361 0.028369
77 0.468750 0.752955 0.020833 0.026005
44 0.468750 0.721040 0.019097 0.030733
114 0.468750 0.685579 0.017361 0.030733
652 0.468750 0.656028 0.017361 0.023641
83 0.467882 0.630024 0.017361 0.026005
1282 0.468750 0.593381 0.019097 0.037825
45 0.468750 0.561466 0.017361 0.023641
78 0.468750 0.531915 0.017361 0.030733
43 0.468750 0.492908 0.019097 0.037825
84 0.468750 0.458629 0.019097 0.028369
50 0.467882 0.429078 0.019097 0.028369
345 0.467882 0.399527 0.017361 0.026005
109 0.468750 0.373522 0.017361 0.023641
650 0.467882 0.346336 0.017361 0.026005
44 0.467882 0.317967 0.019097 0.028369
77 0.467014 0.283688 0.017361 0.030733
96 0.467014 0.252955 0.017361 0.028369
1569 0.467014 0.223404 0.015625 0.023641
91 0.466146 0.192671 0.017361 0.030733
0 0.524306 0.865248 0.019097 0.026005
0 0.523438 0.835697 0.020833 0.030733
0 0.523438 0.807329 0.022569 0.023641
0 0.523438 0.776596 0.026042 0.028369
0 0.522569 0.744681 0.019097 0.033097
0 0.524306 0.710402 0.022569 0.033097
0 0.523438 0.678487 0.024306 0.028369
0 0.523438 0.644208 0.026042 0.035461
0 0.524306 0.611111 0.022569 0.023641
0 0.524306 0.581560 0.022569 0.030733
0 0.521701 0.544917 0.024306 0.037825
0 0.521701 0.505910 0.020833 0.035461
0 0.519965 0.472813 0.020833 0.026005
0 0.519097 0.437352 0.022569 0.035461
0 0.518229 0.398345 0.020833 0.033097
0 0.517361 0.362884 0.022569 0.033097
0 0.518229 0.329787 0.020833 0.023641
0 0.517361 0.301418 0.020833 0.028369
0 0.518229 0.273050 0.019097 0.026005
0 0.518229 0.248227 0.017361 0.023641
0 0.517361 0.219858 0.017361 0.026005
0 0.518229 0.187943 0.022569 0.028369
0 0.517361 0.153664 0.020833 0.033097
0 0.515625 0.121749 0.026042 0.028369
0 0.563368 0.866430 0.026042 0.028369
0 0.561632 0.832151 0.024306 0.035461
0 0.561632 0.799054 0.022569 0.028369
0 0.563368 0.762411 0.022569 0.040189
0 0.561632 0.719858 0.026042 0.040189
0 0.561632 0.682033 0.027778 0.033097
0 0.559896 0.647754 0.024306 0.037825
0 0.559896 0.607565 0.024306 0.037825
0 0.560764 0.575650 0.024306 0.028369
0 0.559896 0.540189 0.024306 0.035461
0 0.560764 0.509456 0.027778 0.028369
0 0.559896 0.478723 0.026042 0.028369
0 0.560764 0.439716 0.026042 0.040189
0 0.559028 0.403073 0.026042 0.030733
0 0.558160 0.372340 0.022569 0.028369
0 0.559896 0.343972 0.022569 0.026005
0 0.559028 0.316785 0.020833 0.028369
0 0.559028 0.287234 0.024306 0.033097
0 0.558160 0.256501 0.027778 0.028369
0 0.557292 0.218676 0.026042 0.040189
0 0.554688 0.179669 0.022569 0.030733
0 0.554688 0.144208 0.022569 0.033097
0 0.554688 0.109929 0.026042 0.028369
0 0.605035 0.879433 0.026042 0.035461
0 0.604167 0.840426 0.026042 0.028369
0 0.605035 0.810875 0.029514 0.033097
0 0.602431 0.773050 0.026042 0.040189
0 0.603299 0.738771 0.027778 0.028369
0 0.603299 0.710402 0.026042 0.030733
0 0.603299 0.677305 0.026042 0.026005
0 0.602431 0.647754 0.026042 0.028369
0 0.603299 0.617021 0.026042 0.026005
0 0.601562 0.588652 0.022569 0.028369
0 0.602431 0.557920 0.026042 0.030733
0 0.602431 0.528369 0.027778 0.028369
0 0.601562 0.497636 0.027778 0.033097
0 0.599826 0.463357 0.024306 0.028369
0 0.599826 0.438534 0.024306 0.028369
0 0.598958 0.412530 0.024306 0.028369
0 0.600694 0.374704 0.022569 0.037825
0 0.598958 0.338061 0.024306 0.030733
0 0.598090 0.306147 0.026042 0.035461
0 0.598090 0.273050 0.026042 0.026005
0 0.599826 0.242317 0.027778 0.030733
0 0.597222 0.208038 0.024306 0.037825
0 0.597222 0.172577 0.020833 0.026005
0 0.595486 0.139480 0.022569 0.035461
0 0.597222 0.101655 0.031250 0.033097
0 0.651042 0.886525 0.032986 0.033097
0 0.650174 0.855792 0.029514 0.030733
0 0.649306 0.826241 0.031250 0.028369
0 0.649306 0.790780 0.027778 0.037825
0 0.649306 0.751773 0.031250 0.033097
0 0.647569 0.717494 0.026042 0.035461
0 0.647569 0.679669 0.026042 0.037825
0 0.647569 0.643026 0.029514 0.026005
0 0.645833 0.619385 0.029514 0.028369
0 0.645833 0.589835 0.031250 0.030733
0 0.644097 0.559102 0.026042 0.028369
0 0.644097 0.531915 0.022569 0.028369
0 0.644097 0.505910 0.024306 0.028369
0 0.644965 0.473995 0.031250 0.028369
0 0.643229 0.443262 0.027778 0.028369
0 0.644965 0.408983 0.029514 0.035461
0 0.644097 0.375887 0.031250 0.028369
0 0.644097 0.349882 0.029514 0.030733
0 0.642361 0.314421 0.026042 0.035461
0 0.642361 0.281324 0.026042 0.033097
0 0.642361 0.247045 0.027778 0.030733
0 0.642361 0.216312 0.024306 0.030733
0 0.641493 0.183215 0.031250 0.033097
0 0.640625 0.150118 0.029514 0.028369
0 0.638889 0.121749 0.026042 0.030733
0 0.638889 0.089835 0.022569 0.030733
0 0.695312 0.885343 0.024306 0.028369
0 0.696181 0.853428 0.026042 0.028369
0 0.697049 0.823877 0.027778 0.030733
0 0.696181 0.789598 0.029514 0.030733
0 0.697049 0.755319 0.029514 0.033097
0 0.696181 0.728132 0.029514 0.028369
0 0.697049 0.691489 0.034722 0.040189
0 0.697049 0.652482 0.029514 0.033097
0 0.697049 0.613475 0.029514 0.037825
0 0.696181 0.579196 0.026042 0.026005
0 0.693576 0.548463 0.022569 0.028369
0 0.693576 0.509456 0.027778 0.040189
0 0.691840 0.472813 0.029514 0.035461
0 0.692708 0.440898 0.027778 0.028369
0 0.691840 0.411348 0.032986 0.028369
0 0.690104 0.382979 0.026042 0.028369
0 0.690972 0.354610 0.026042 0.028369
0 0.690104 0.328605 0.026042 0.028369
0 0.690104 0.296690 0.031250 0.035461
0 0.689236 0.255319 0.032986 0.040189
0 0.689236 0.215130 0.026042 0.033097
0 0.688368 0.185579 0.026042 0.026005
0 0.690104 0.152482 0.029514 0.030733
0 0.687500 0.119385 0.031250 0.033097
0 0.686632 0.085106 0.027778 0.033097
0 0.747396 0.900709 0.032986 0.026005
0 0.746528 0.869976 0.027778 0.033097
0 0.745660 0.840426 0.031250 0.026005
0 0.744792 0.804965 0.026042 0.033097
0 0.743924 0.764775 0.027778 0.037825
0 0.743056 0.731678 0.024306 0.028369
0 0.744792 0.698582 0.031250 0.030733
0 0.745660 0.666667 0.027778 0.033097
0 0.742188 0.634752 0.027778 0.026005
0 0.743924 0.600473 0.034722 0.035461
0 0.743056 0.563830 0.031250 0.035461
0 0.742188 0.522459 0.027778 0.040189
0 0.742188 0.478723 0.024306 0.037825
0 0.741319 0.442080 0.031250 0.035461
0 0.741319 0.401891 0.032986 0.042553
0 0.741319 0.360520 0.029514 0.033097
0 0.739583 0.326241 0.027778 0.035461
0 0.739583 0.288416 0.034722 0.035461
0 0.739583 0.250591 0.031250 0.033097
0 0.736979 0.211584 0.027778 0.037825
0 0.737847 0.174941 0.032986 0.030733
0 0.738715 0.141844 0.029514 0.030733
0 0.736979 0.112293 0.026042 0.028369
0 0.737847 0.080378 0.026042 0.030733
0 0.794271 0.897163 0.027778 0.030733
0 0.795139 0.861702 0.029514 0.030733
0 0.795139 0.830969 0.031250 0.028369
0 0.795139 0.794326 0.027778 0.035461
0 0.795139 0.755319 0.029514 0.040189
0 0.796007 0.716312 0.027778 0.035461
0 0.795139 0.680851 0.027778 0.028369
0 0.795139 0.651300 0.029514 0.030733
0 0.793403 0.619385 0.029514 0.028369
0 0.792535 0.583924 0.032986 0.037825
0 0.793403 0.548463 0.029514 0.030733
0 0.790799 0.515366 0.029514 0.030733
0 0.789931 0.481087 0.031250 0.030733
0 0.787326 0.450355 0.026042 0.028369
0 0.788194 0.419622 0.026042 0.030733
0 0.786458 0.390071 0.024306 0.028369
0 0.786458 0.353428 0.031250 0.042553
0 0.783854 0.307329 0.026042 0.044917
0 0.784722 0.267139 0.027778 0.028369
0 0.786458 0.230496 0.027778 0.040189
0 0.783854 0.189125 0.032986 0.035461
0 0.783854 0.156028 0.029514 0.023641
0 0.782986 0.119385 0.027778 0.040189
0 0.783854 0.078014 0.026042 0.033097
0 0.846354 0.899527 0.032986 0.033097
0 0.843750 0.867612 0.032986 0.030733
0 0.842882 0.836879 0.027778 0.028369
0 0.843750 0.802600 0.026042 0.035461
0 0.842882 0.769504 0.029514 0.028369
0 0.842882 0.732861 0.026042 0.037825
0 0.841146 0.697400 0.024306 0.030733
0 0.841146 0.663121 0.024306 0.030733
0 0.842014 0.631206 0.032986 0.028369
0 0.841146 0.599291 0.026042 0.033097
0 0.841146 0.562648 0.032986 0.035461
0 0.838542 0.523641 0.032986 0.035461
0 0.838542 0.491726 0.029514 0.023641
0 0.837674 0.462175 0.032986 0.030733
0 0.835938 0.430260 0.027778 0.028369
0 0.837674 0.399527 0.026042 0.028369
0 0.835069 0.371158 0.024306 0.028369
0 0.834201 0.333333 0.032986 0.042553
0 0.833333 0.289598 0.029514 0.037825
0 0.831597 0.252955 0.022569 0.030733
0 0.830729 0.223404 0.026042 0.026005
0 0.833333 0.189125 0.031250 0.030733
0 0.829861 0.153664 0.027778 0.033097
0 0.829861 0.117021 0.034722 0.033097
0 0.889757 0.885343 0.027778 0.037825
0 0.889757 0.847518 0.026042 0.030733
0 0.888889 0.809693 0.026042 0.037825
0 0.888021 0.773050 0.026042 0.030733
0 0.888021 0.736407 0.029514 0.040189
0 0.888889 0.697400 0.031250 0.030733
0 0.887153 0.665485 0.027778 0.028369
0 0.888021 0.631206 0.031250 0.033097
0 0.884549 0.594563 0.031250 0.035461
0 0.884549 0.559102 0.026042 0.030733
0 0.885417 0.520095 0.029514 0.040189
0 0.884549 0.481087 0.031250 0.035461
0 0.883681 0.445626 0.026042 0.030733
0 0.883681 0.404255 0.032986 0.044917
0 0.882812 0.362884 0.031250 0.033097
0 0.881944 0.328605 0.029514 0.030733
0 0.881944 0.296690 0.026042 0.026005
0 0.880208 0.268322 0.024306 0.028369
0 0.879340 0.232861 0.029514 0.037825
0 0.877604 0.197400 0.027778 0.033097
0 0.875868 0.157210 0.029514 0.037825
0 0.875868 0.118203 0.029514 0.035461
0 0.874132 0.076832 0.032986 0.035461
