0 0.077381 0.927007 0.027211 0.034063
0 0.076531 0.895377 0.028912 0.031630
0 0.078231 0.858881 0.028912 0.034063
0 0.078231 0.821168 0.028912 0.024331
0 0.079082 0.784672 0.028912 0.031630
0 0.080782 0.749392 0.023810 0.021898
0 0.081633 0.711679 0.028912 0.041363
0 0.082483 0.666667 0.023810 0.031630
0 0.084184 0.626521 0.027211 0.034063
0 0.083333 0.588808 0.027211 0.031630
0 0.084184 0.553528 0.028912 0.029197
0 0.085884 0.518248 0.025510 0.029197
0 0.085884 0.485401 0.020408 0.026764
0 0.085884 0.453771 0.020408 0.029197
0 0.088435 0.412409 0.030612 0.038929
0 0.088435 0.374696 0.025510 0.026764
0 0.089286 0.333333 0.025510 0.038929
0 0.090986 0.290754 0.023810 0.036496
0 0.090986 0.253041 0.018707 0.029197
0 0.090136 0.220195 0.020408 0.029197
0 0.091837 0.184915 0.022109 0.029197
0 0.095238 0.147202 0.025510 0.029197
0 0.094388 0.108273 0.023810 0.041363
0 0.130952 0.924574 0.017007 0.026764
0 0.131803 0.895377 0.017007 0.021898
0 0.134354 0.861314 0.015306 0.029197
0 0.136054 0.823601 0.015306 0.029197
0 0.136054 0.789538 0.018707 0.029197
0 0.136905 0.759124 0.017007 0.029197
0 0.136905 0.728710 0.017007 0.026764
0 0.139456 0.699513 0.017007 0.024331
0 0.128401 0.667883 0.028912 0.029197
0 0.129252 0.631387 0.028912 0.034063
0 0.129252 0.585158 0.023810 0.036496
0 0.130952 0.542579 0.025510 0.036496
0 0.131803 0.503650 0.020408 0.029197
0 0.133503 0.468370 0.022109 0.024331
0 0.134354 0.433090 0.027211 0.031630
0 0.136054 0.386861 0.020408 0.043796
0 0.136054 0.340633 0.022109 0.043796
0 0.136905 0.291971 0.027211 0.038929
0 0.138605 0.244526 0.025510 0.038929
0 0.139456 0.210462 0.028912 0.029197
0 0.140306 0.173966 0.023810 0.036496
0 0.171769 0.795620 0.032313 0.034063
0 0.174320 0.749392 0.034014 0.043796
0 0.177721 0.703163 0.028912 0.034063
0 0.176871 0.661800 0.023810 0.041363
0 0.177721 0.615572 0.030612 0.043796
0 0.176871 0.565693 0.028912 0.046229
0 0.179422 0.512165 0.027211 0.041363
0 0.181122 0.467153 0.025510 0.036496
0 0.181973 0.422141 0.027211 0.046229
0 0.183673 0.368613 0.020408 0.038929
0 0.187075 0.326034 0.027211 0.036496
0 0.188776 0.285888 0.027211 0.029197
0 0.188776 0.246959 0.023810 0.034063
0 0.189626 0.211679 0.020408 0.029197
0 0.187925 0.177616 0.027211 0.034063
136 0.219388 0.836983 0.025510 0.034063
165 0.218537 0.798054 0.028912 0.031630
91 0.221939 0.757908 0.025510 0.038929
199 0.221088 0.717762 0.023810 0.034063
82 0.222789 0.678832 0.022109 0.034063
212 0.224490 0.633820 0.027211 0.043796
91 0.225340 0.582725 0.025510 0.038929
199 0.227041 0.545012 0.028912 0.026764
21 0.227891 0.507299 0.028912 0.043796
80 0.229592 0.459854 0.027211 0.036496
211 0.231293 0.423358 0.025510 0.024331
210 0.233844 0.391727 0.030612 0.026764
149 0.232993 0.358881 0.030612 0.036496
209 0.234694 0.319951 0.028912 0.031630
208 0.234694 0.282238 0.030612 0.038929
207 0.235544 0.238443 0.027211 0.041363
21 0.268707 0.791971 0.030612 0.041363
206 0.271259 0.744526 0.023810 0.036496
91 0.271259 0.700730 0.022109 0.031630
199 0.272959 0.661800 0.025510 0.036496
205 0.273810 0.622871 0.023810 0.024331
157 0.273810 0.590024 0.025510 0.034063
38 0.272959 0.549878 0.025510 0.038929
37 0.277211 0.507299 0.027211 0.031630
204 0.278912 0.467153 0.028912 0.038929
91 0.278912 0.429440 0.022109 0.024331
203 0.279762 0.391727 0.027211 0.034063
109 0.279762 0.355231 0.020408 0.026764
31 0.279762 0.328467 0.022109 0.026764
163 0.282313 0.294404 0.030612 0.029197
11 0.284014 0.255474 0.027211 0.038929
10 0.285714 0.214112 0.027211 0.038929
202 0.286565 0.175182 0.025510 0.029197
37 0.318027 0.809002 0.023810 0.036496
192 0.318027 0.771290 0.020408 0.031630
201 0.318027 0.736010 0.023810 0.031630
200 0.320578 0.694647 0.025510 0.038929
91 0.320578 0.650852 0.023810 0.036496
199 0.321429 0.613139 0.028912 0.031630
198 0.322279 0.575426 0.028912 0.038929
151 0.323129 0.541363 0.025510 0.024331
15 0.323980 0.506083 0.028912 0.034063
14 0.325680 0.464720 0.022109 0.041363
197 0.326531 0.424574 0.023810 0.026764
38 0.328231 0.388078 0.025510 0.031630
37 0.329082 0.349148 0.023810 0.036496
91 0.329932 0.309002 0.027211 0.036496
196 0.329932 0.272506 0.018707 0.029197
64 0.329932 0.244526 0.020408 0.026764
195 0.333333 0.210462 0.028912 0.031630
179 0.333333 0.176399 0.027211 0.034063
194 0.334184 0.138686 0.023810 0.034063
193 0.334184 0.102190 0.030612 0.031630
192 0.378401 0.267640 0.022109 0.036496
191 0.379252 0.228710 0.018707 0.034063
190 0.379252 0.147202 0.022109 0.029197
16 0.380102 0.109489 0.027211 0.021898
21 0.380102 0.072993 0.027211 0.031630
189 0.409864 0.942822 0.025510 0.024331
22 0.409014 0.917275 0.020408 0.026764
129 0.411565 0.844282 0.028912 0.041363
26 0.411565 0.798054 0.025510 0.038929
23 0.414966 0.755474 0.022109 0.036496
188 0.414116 0.720195 0.028912 0.026764
187 0.414116 0.689781 0.023810 0.029197
158 0.414116 0.650852 0.025510 0.031630
130 0.414966 0.611922 0.027211 0.034063
186 0.415816 0.568127 0.023810 0.043796
185 0.418367 0.523114 0.028912 0.034063
38 0.420068 0.486618 0.025510 0.031630
37 0.420068 0.450122 0.018707 0.031630
21 0.420068 0.414842 0.025510 0.034063
96 0.422619 0.372263 0.027211 0.038929
184 0.423469 0.329684 0.028912 0.036496
16 0.424320 0.288321 0.028912 0.036496
21 0.425170 0.253041 0.028912 0.029197
92 0.424320 0.221411 0.027211 0.029197
37 0.425170 0.186131 0.027211 0.026764
91 0.426871 0.150852 0.028912 0.031630
90 0.426871 0.114355 0.028912 0.034063
86 0.426871 0.074209 0.030612 0.036496
0 0.457483 0.883212 0.020408 0.029197
0 0.457483 0.811436 0.025510 0.029197
0 0.460884 0.773723 0.025510 0.034063
0 0.459184 0.733577 0.025510 0.031630
0 0.460034 0.690998 0.023810 0.036496
0 0.461735 0.648418 0.030612 0.036496
0 0.461735 0.605839 0.028912 0.034063
0 0.464286 0.566910 0.023810 0.034063
0 0.466837 0.526764 0.028912 0.036496
0 0.465986 0.486618 0.028912 0.031630
0 0.468537 0.442822 0.025510 0.038929
0 0.470238 0.402676 0.025510 0.031630
0 0.470238 0.360097 0.028912 0.038929
0 0.472789 0.317518 0.027211 0.031630
0 0.471939 0.281022 0.023810 0.034063
0 0.473639 0.245742 0.028912 0.029197
0 0.472789 0.211679 0.027211 0.031630
0 0.473639 0.167883 0.028912 0.043796
0 0.475340 0.079075 0.030612 0.034063
0 0.579082 0.952555 0.027211 0.031630
0 0.580782 0.912409 0.025510 0.034063
0 0.581633 0.871046 0.025510 0.038929
0 0.580782 0.823601 0.025510 0.038929
0 0.581633 0.779805 0.025510 0.036496
0 0.581633 0.737226 0.022109 0.031630
0 0.580782 0.703163 0.020408 0.031630
0 0.581633 0.656934 0.027211 0.041363
0 0.581633 0.608273 0.028912 0.041363
0 0.580782 0.563260 0.023810 0.036496
0 0.579082 0.524331 0.028912 0.029197
0 0.579082 0.485401 0.028912 0.034063
0 0.579932 0.446472 0.028912 0.029197
0 0.579932 0.403893 0.023810 0.034063
0 0.580782 0.361314 0.022109 0.036496
0 0.580782 0.319951 0.028912 0.031630
0 0.581633 0.283455 0.020408 0.031630
0 0.580782 0.250608 0.022109 0.026764
0 0.581633 0.216545 0.023810 0.031630
0 0.580782 0.176399 0.025510 0.041363
0 0.580782 0.132603 0.028912 0.036496
0 0.578231 0.088808 0.027211 0.038929
0 0.630952 0.939173 0.022109 0.036496
0 0.630102 0.903893 0.025510 0.026764
0 0.630102 0.858881 0.025510 0.043796
0 0.630952 0.811436 0.023810 0.031630
0 0.630952 0.773723 0.020408 0.031630
0 0.629252 0.739659 0.022109 0.029197
0 0.630102 0.698297 0.030612 0.036496
0 0.629252 0.658151 0.028912 0.034063
0 0.625850 0.621655 0.025510 0.034063
0 0.627551 0.583942 0.023810 0.031630
0 0.636905 0.474453 0.015306 0.036496
0 0.636905 0.441606 0.015306 0.026764
0 0.636905 0.373479 0.017007 0.036496
0 0.636054 0.336983 0.017007 0.031630
0 0.635204 0.300487 0.017007 0.034063
0 0.634354 0.261557 0.017007 0.029197
0 0.628401 0.223844 0.030612 0.041363
0 0.625000 0.181265 0.027211 0.034063
0 0.625000 0.149635 0.023810 0.021898
0 0.625850 0.120438 0.027211 0.026764
0 0.625850 0.086375 0.025510 0.038929
0 0.678571 0.952555 0.025510 0.024331
0 0.676871 0.924574 0.023810 0.031630
0 0.676871 0.883212 0.020408 0.041363
0 0.676020 0.832117 0.025510 0.048662
0 0.676020 0.783455 0.025510 0.036496
0 0.674320 0.743309 0.027211 0.034063
0 0.676020 0.703163 0.022109 0.036496
0 0.674320 0.665450 0.028912 0.031630
0 0.676871 0.627737 0.030612 0.031630
0 0.676020 0.586375 0.027211 0.034063
0 0.674320 0.543796 0.030612 0.041363
0 0.675170 0.500000 0.022109 0.034063
0 0.672619 0.458637 0.027211 0.036496
0 0.674320 0.416058 0.022109 0.034063
0 0.674320 0.377129 0.022109 0.034063
0 0.674320 0.335766 0.023810 0.038929
0 0.673469 0.296837 0.020408 0.029197
0 0.672619 0.263990 0.023810 0.029197
0 0.673469 0.221411 0.025510 0.046229
0 0.673469 0.170316 0.027211 0.038929
0 0.671769 0.127737 0.027211 0.034063
0 0.671769 0.085158 0.025510 0.038929
165 0.725340 0.944039 0.025510 0.031630
183 0.724490 0.902676 0.023810 0.043796
100 0.724490 0.860097 0.023810 0.034063
44 0.723639 0.818735 0.027211 0.036496
77 0.724490 0.777372 0.025510 0.031630
69 0.723639 0.744526 0.027211 0.034063
97 0.723639 0.698297 0.025510 0.041363
182 0.722789 0.653285 0.025510 0.038929
38 0.722789 0.605839 0.025510 0.038929
37 0.721088 0.560827 0.023810 0.038929
181 0.719388 0.517032 0.025510 0.038929
180 0.718537 0.470803 0.027211 0.036496
82 0.718537 0.422141 0.025510 0.043796
89 0.720238 0.368613 0.023810 0.038929
38 0.718537 0.326034 0.025510 0.034063
37 0.719388 0.281022 0.025510 0.043796
21 0.717687 0.232360 0.027211 0.038929
96 0.717687 0.186131 0.022109 0.043796
44 0.718537 0.142336 0.028912 0.034063
43 0.717687 0.109489 0.028912 0.031630
0 0.715136 0.077859 0.025510 0.029197
179 0.772109 0.933090 0.022109 0.036496
178 0.771259 0.891727 0.025510 0.036496
164 0.769558 0.849148 0.023810 0.036496
44 0.767857 0.806569 0.023810 0.036496
43 0.767007 0.759124 0.025510 0.038929
42 0.766156 0.706813 0.025510 0.041363
177 0.767007 0.664234 0.023810 0.029197
58 0.766156 0.630170 0.023810 0.029197
64 0.767007 0.593674 0.027211 0.031630
27 0.766156 0.559611 0.020408 0.029197
38 0.765306 0.529197 0.020408 0.029197
37 0.767007 0.490268 0.030612 0.034063
85 0.766156 0.451338 0.022109 0.034063
44 0.765306 0.414842 0.027211 0.034063
176 0.764456 0.374696 0.027211 0.041363
127 0.761905 0.330900 0.025510 0.043796
44 0.761054 0.287105 0.030612 0.036496
83 0.761905 0.246959 0.030612 0.036496
21 0.760204 0.209246 0.023810 0.031630
42 0.759354 0.175182 0.022109 0.034063
39 0.761054 0.136253 0.022109 0.034063
15 0.761054 0.102190 0.020408 0.024331
83 0.759354 0.072993 0.018707 0.029197
174 0.817177 0.914842 0.028912 0.038929
72 0.817177 0.874696 0.030612 0.031630
146 0.815476 0.828467 0.023810 0.041363
64 0.816327 0.782238 0.025510 0.036496
44 0.815476 0.742092 0.025510 0.029197
137 0.814626 0.705596 0.027211 0.036496
173 0.812075 0.667883 0.028912 0.024331
70 0.812925 0.639903 0.023810 0.034063
27 0.812925 0.602190 0.022109 0.029197
38 0.811224 0.570560 0.023810 0.031630
37 0.812075 0.529197 0.027211 0.038929
36 0.813776 0.482968 0.030612 0.038929
35 0.812075 0.445255 0.027211 0.031630
172 0.812925 0.406326 0.025510 0.041363
171 0.809524 0.369830 0.032313 0.031630
137 0.809524 0.335766 0.027211 0.029197
170 0.809524 0.298054 0.023810 0.038929
166 0.808673 0.260341 0.020408 0.026764
30 0.807823 0.229927 0.020408 0.019465
175 0.806122 0.197080 0.023810 0.034063
17 0.805272 0.161800 0.027211 0.026764
129 0.806122 0.130170 0.023810 0.024331
15 0.804422 0.099757 0.023810 0.026764
45 0.804422 0.070560 0.025510 0.026764
168 0.863946 0.940389 0.022109 0.024331
168 0.863946 0.922141 0.027211 0.024331
168 0.863946 0.896594 0.028912 0.029197
168 0.862245 0.867397 0.025510 0.026764
168 0.863946 0.835766 0.028912 0.026764
168 0.863095 0.800487 0.025510 0.036496
168 0.861395 0.756691 0.028912 0.034063
168 0.859694 0.717762 0.022109 0.031630
168 0.858844 0.681265 0.022109 0.026764
168 0.859694 0.647202 0.023810 0.031630
168 0.858844 0.610706 0.025510 0.029197
168 0.857993 0.575426 0.025510 0.029197
168 0.859694 0.536496 0.030612 0.036496
168 0.858844 0.496350 0.023810 0.036496
168 0.854592 0.456204 0.028912 0.031630
168 0.858844 0.413625 0.025510 0.043796
168 0.855442 0.368613 0.028912 0.036496
167 0.857143 0.328467 0.027211 0.041363
166 0.857143 0.279805 0.028912 0.036496
133 0.856293 0.238443 0.028912 0.036496
164 0.853741 0.192214 0.025510 0.043796
23 0.852891 0.143552 0.023810 0.038929
64 0.852891 0.103406 0.028912 0.029197
169 0.852041 0.070560 0.023810 0.029197
162 0.908163 0.830900 0.023810 0.038929
161 0.908163 0.784672 0.022109 0.036496
43 0.907313 0.749392 0.020408 0.019465
165 0.908163 0.716545 0.022109 0.036496
75 0.906463 0.681265 0.028912 0.026764
112 0.905612 0.652068 0.025510 0.029197
164 0.906463 0.614355 0.030612 0.029197
44 0.904762 0.577859 0.028912 0.031630
163 0.903061 0.535280 0.023810 0.041363
89 0.904762 0.498783 0.028912 0.031630
38 0.905612 0.463504 0.027211 0.026764
37 0.907313 0.429440 0.032313 0.031630
162 0.905612 0.389294 0.027211 0.036496
161 0.903061 0.345499 0.032313 0.036496
43 0.903061 0.305353 0.023810 0.031630
137 0.903061 0.268856 0.030612 0.029197
160 0.903912 0.226277 0.028912 0.038929
159 0.903912 0.184915 0.032313 0.031630
28 0.903912 0.150852 0.032313 0.031630
158 0.900510 0.110706 0.027211 0.038929
130 0.902211 0.070560 0.028912 0.034063
157 0.954082 0.924574 0.023810 0.034063
157 0.954082 0.892944 0.025510 0.026764
157 0.954932 0.857664 0.027211 0.029197
157 0.954932 0.822384 0.028912 0.031630
157 0.954082 0.785888 0.028912 0.031630
157 0.953231 0.740876 0.023810 0.038929
38 0.952381 0.704380 0.028912 0.026764
37 0.953231 0.671533 0.027211 0.029197
21 0.953231 0.631387 0.027211 0.038929
156 0.953231 0.592457 0.022109 0.024331
92 0.953231 0.558394 0.023810 0.034063
37 0.952381 0.518248 0.027211 0.026764
91 0.953231 0.487835 0.022109 0.026764
90 0.951531 0.451338 0.023810 0.034063
21 0.951531 0.417275 0.028912 0.036496
155 0.951531 0.375912 0.027211 0.034063
154 0.950680 0.335766 0.027211 0.036496
153 0.949830 0.301703 0.027211 0.026764
28 0.949830 0.267640 0.030612 0.031630
91 0.950680 0.236010 0.028912 0.026764
16 0.948980 0.204380 0.032313 0.031630
21 0.949830 0.166667 0.023810 0.036496
114 0.949830 0.133820 0.030612 0.026764
129 0.947279 0.103406 0.027211 0.026764
152 0.948129 0.070560 0.028912 0.029197
