54 0.280717 0.797821 0.034130 0.031477
715 0.281570 0.763923 0.025597 0.031477
3 0.284130 0.731235 0.029010 0.031477
54 0.284130 0.698547 0.020478 0.029056
112 0.284130 0.667070 0.023891 0.029056
33 0.285836 0.633172 0.029010 0.033898
231 0.284983 0.598063 0.032423 0.031477
61 0.287543 0.560533 0.030717 0.036320
408 0.289249 0.527845 0.025597 0.024213
113 0.288396 0.492736 0.029010 0.038741
52 0.290102 0.457627 0.022184 0.029056
133 0.293515 0.424939 0.027304 0.029056
556 0.293515 0.389831 0.029010 0.036320
3 0.293515 0.352300 0.027304 0.029056
54 0.293515 0.320823 0.023891 0.031477
112 0.295222 0.282082 0.030717 0.036320
22 0.294369 0.246973 0.030717 0.029056
135 0.294369 0.207022 0.029010 0.041162
13 0.297782 0.170702 0.029010 0.026634
108 0.297782 0.136804 0.034130 0.031477
231 0.297782 0.099274 0.029010 0.041162
613 0.328498 0.871671 0.027304 0.038741
107 0.330205 0.832930 0.029010 0.033898
133 0.331058 0.796610 0.022184 0.031477
13 0.330205 0.761501 0.027304 0.031477
108 0.335324 0.722760 0.029010 0.041162
231 0.333618 0.677966 0.032423 0.033898
61 0.332765 0.642857 0.032423 0.031477
457 0.335324 0.605327 0.030717 0.033898
456 0.334471 0.571429 0.023891 0.026634
175 0.332765 0.542373 0.030717 0.031477
52 0.337884 0.508475 0.030717 0.026634
173 0.337031 0.474576 0.030717 0.033898
29 0.337884 0.434625 0.023891 0.036320
456 0.340444 0.397094 0.025597 0.033898
378 0.340444 0.357143 0.030717 0.041162
309 0.342150 0.318402 0.027304 0.026634
135 0.340444 0.284504 0.034130 0.029056
613 0.341297 0.257869 0.034130 0.036320
56 0.343003 0.216707 0.035836 0.038741
26 0.346416 0.174334 0.029010 0.036320
165 0.344710 0.135593 0.029010 0.033898
648 0.344710 0.100484 0.027304 0.036320
180 0.378840 0.915254 0.029010 0.033898
179 0.377986 0.875303 0.029010 0.033898
65 0.381399 0.801453 0.030717 0.033898
613 0.379693 0.761501 0.025597 0.036320
33 0.379693 0.717918 0.029010 0.041162
11 0.383106 0.681598 0.027304 0.024213
56 0.382253 0.647700 0.025597 0.031477
189 0.382253 0.610169 0.023891 0.031477
714 0.382253 0.579903 0.029010 0.024213
15 0.381399 0.547215 0.025597 0.033898
55 0.385666 0.509685 0.029010 0.029056
107 0.386519 0.476998 0.029010 0.033898
19 0.386519 0.432203 0.034130 0.046005
29 0.386519 0.386199 0.030717 0.033898
28 0.387372 0.351090 0.032423 0.024213
3 0.388225 0.318402 0.029010 0.033898
542 0.387372 0.274818 0.025597 0.043584
33 0.386519 0.232446 0.029010 0.038741
13 0.389932 0.185230 0.034130 0.048426
249 0.388225 0.140436 0.027304 0.036320
85 0.390785 0.099274 0.027304 0.038741
179 0.425768 0.924939 0.030717 0.036320
21 0.427474 0.877724 0.030717 0.048426
105 0.427474 0.826877 0.025597 0.043584
82 0.427474 0.786925 0.030717 0.033898
105 0.430034 0.748184 0.027304 0.043584
56 0.426621 0.707022 0.029010 0.031477
64 0.427474 0.671913 0.025597 0.033898
82 0.429181 0.640436 0.025597 0.024213
51 0.430034 0.605327 0.029010 0.041162
52 0.430034 0.559322 0.029010 0.041162
89 0.432594 0.520581 0.027304 0.026634
175 0.431741 0.487893 0.027304 0.031477
51 0.431741 0.455206 0.030717 0.029056
83 0.432594 0.416465 0.030717 0.043584
65 0.435154 0.368039 0.030717 0.043584
538 0.437713 0.323245 0.030717 0.036320
618 0.435154 0.282082 0.029010 0.041162
713 0.436860 0.238499 0.027304 0.038741
712 0.439420 0.202179 0.023891 0.029056
346 0.438567 0.164649 0.029010 0.041162
19 0.439420 0.130751 0.023891 0.021792
374 0.437713 0.101695 0.025597 0.038741
55 0.471843 0.924939 0.030717 0.029056
13 0.470990 0.898305 0.027304 0.024213
108 0.468430 0.870460 0.029010 0.033898
457 0.470990 0.832930 0.029010 0.033898
456 0.472696 0.791768 0.029010 0.036320
175 0.472696 0.756659 0.030717 0.021792
105 0.474403 0.726392 0.030717 0.036320
52 0.475256 0.684019 0.027304 0.043584
19 0.474403 0.669492 0.025597 0.041162
29 0.474403 0.625908 0.029010 0.036320
28 0.476962 0.588378 0.025597 0.033898
230 0.476962 0.548426 0.022184 0.031477
2 0.479522 0.509685 0.027304 0.038741
133 0.479522 0.467312 0.030717 0.043584
10 0.480375 0.417676 0.032423 0.043584
9 0.479522 0.374092 0.029010 0.033898
62 0.481229 0.280872 0.027304 0.043584
59 0.734642 0.547215 0.030717 0.033898
59 0.734642 0.512107 0.027304 0.033898
58 0.733788 0.479419 0.020478 0.026634
19 0.733788 0.447942 0.022184 0.031477
29 0.735495 0.410412 0.025597 0.043584
28 0.732935 0.371671 0.027304 0.031477
27 0.732082 0.331719 0.027304 0.043584
6 0.732082 0.292978 0.023891 0.029056
10 0.729522 0.255448 0.029010 0.036320
5 0.727816 0.215496 0.032423 0.036320
3 0.726962 0.180387 0.030717 0.033898
2 0.726109 0.138015 0.034130 0.038741
1 0.725256 0.096852 0.032423 0.036320
137 0.787543 0.907990 0.032423 0.038741
137 0.787543 0.868039 0.034130 0.036320
137 0.784983 0.826877 0.029010 0.036320
137 0.784983 0.790557 0.025597 0.033898
137 0.784130 0.748184 0.025597 0.043584
213 0.787543 0.699758 0.032423 0.036320
213 0.784130 0.661017 0.030717 0.033898
26 0.783276 0.619855 0.030717 0.036320
34 0.783276 0.575061 0.030717 0.043584
324 0.783276 0.532688 0.029010 0.033898
481 0.781570 0.497579 0.030717 0.029056
480 0.780717 0.467312 0.025597 0.031477
29 0.779863 0.432203 0.030717 0.036320
28 0.778157 0.393462 0.030717 0.036320
105 0.778157 0.346247 0.029010 0.046005
16 0.774744 0.303874 0.030717 0.041162
405 0.777304 0.261501 0.032423 0.036320
15 0.773891 0.221550 0.023891 0.036320
22 0.773038 0.180387 0.029010 0.031477
110 0.771331 0.147700 0.022184 0.026634
161 0.770478 0.092010 0.027304 0.029056
572 0.837884 0.915254 0.022184 0.031477
26 0.837031 0.880145 0.022184 0.036320
34 0.835324 0.848668 0.025597 0.024213
324 0.836177 0.807506 0.027304 0.043584
541 0.833618 0.768765 0.025597 0.029056
481 0.832765 0.731235 0.025597 0.038741
480 0.833618 0.687651 0.022184 0.038741
29 0.831911 0.647700 0.027304 0.033898
28 0.831058 0.610169 0.030717 0.031477
201 0.831058 0.572639 0.029010 0.036320
65 0.829352 0.529056 0.029010 0.036320
167 0.828498 0.484262 0.025597 0.038741
711 0.827645 0.440678 0.023891 0.041162
52 0.825939 0.401937 0.027304 0.033898
13 0.825085 0.366828 0.025597 0.031477
26 0.822526 0.326877 0.029010 0.031477
121 0.821672 0.288136 0.027304 0.038741
353 0.822526 0.243341 0.027304 0.033898
481 0.822526 0.207022 0.032423 0.026634
480 0.822526 0.176755 0.025597 0.029056
29 0.823379 0.139225 0.029010 0.041162
28 0.820819 0.094431 0.029010 0.038741
13 0.882253 0.921308 0.020478 0.021792
26 0.882253 0.894673 0.022184 0.029056
121 0.882253 0.859564 0.025597 0.038741
343 0.882253 0.817191 0.023891 0.033898
481 0.878840 0.773608 0.023891 0.041162
480 0.877986 0.731235 0.022184 0.036320
29 0.877986 0.694915 0.030717 0.029056
28 0.877133 0.662228 0.025597 0.029056
27 0.876280 0.629540 0.025597 0.033898
26 0.877133 0.590799 0.023891 0.031477
136 0.878840 0.554479 0.027304 0.033898
54 0.877133 0.516949 0.027304 0.038741
34 0.875427 0.478208 0.027304 0.036320
3 0.873720 0.438257 0.025597 0.031477
274 0.873720 0.401937 0.030717 0.033898
584 0.872867 0.365617 0.030717 0.036320
196 0.871160 0.323245 0.022184 0.036320
110 0.871160 0.283293 0.025597 0.036320
130 0.870307 0.242131 0.029010 0.033898
129 0.869454 0.200969 0.029010 0.041162
69 0.870307 0.156174 0.027304 0.033898
228 0.869454 0.118644 0.029010 0.031477
128 0.867747 0.085956 0.023891 0.026634
110 0.924061 0.905569 0.025597 0.036320
213 0.924061 0.865617 0.027304 0.036320
20 0.923208 0.830508 0.018771 0.029056
7 0.922355 0.799031 0.022184 0.029056
242 0.923208 0.763923 0.025597 0.033898
64 0.920648 0.727603 0.025597 0.029056
710 0.920648 0.685230 0.025597 0.041162
709 0.921502 0.646489 0.020478 0.029056
13 0.920648 0.612591 0.029010 0.026634
708 0.918942 0.576271 0.027304 0.038741
357 0.918089 0.535109 0.030717 0.033898
249 0.918942 0.496368 0.023891 0.033898
65 0.918089 0.458838 0.027304 0.033898
64 0.917235 0.426150 0.020478 0.026634
707 0.916382 0.398305 0.020478 0.029056
0 0.917235 0.365617 0.027304 0.031477
130 0.916382 0.331719 0.025597 0.031477
129 0.916382 0.295400 0.027304 0.031477
212 0.914676 0.260291 0.025597 0.029056
69 0.914676 0.221550 0.027304 0.036320
211 0.914676 0.186441 0.025597 0.026634
55 0.912116 0.153753 0.020478 0.036320
117 0.911263 0.118644 0.023891 0.029056
183 0.908703 0.084746 0.030717 0.029056
