428 0.097222 0.159574 0.026042 0.037825
622 0.097222 0.126478 0.026042 0.026005
214 0.098958 0.096927 0.029514 0.033097
554 0.131076 0.899527 0.031250 0.035461
55 0.131076 0.860520 0.031250 0.035461
350 0.131944 0.817967 0.026042 0.042553
68 0.132812 0.774232 0.026042 0.040189
572 0.134549 0.734043 0.026042 0.033097
111 0.135417 0.700946 0.029514 0.028369
665 0.135417 0.670213 0.027778 0.028369
124 0.135417 0.635934 0.022569 0.035461
64 0.135417 0.607565 0.022569 0.023641
236 0.137153 0.576832 0.029514 0.033097
171 0.137153 0.542553 0.029514 0.037825
170 0.135417 0.505910 0.031250 0.030733
75 0.135417 0.475177 0.027778 0.033097
4 0.137153 0.438534 0.031250 0.040189
62 0.138889 0.404255 0.029514 0.033097
135 0.137153 0.371158 0.024306 0.030733
183 0.138889 0.339243 0.027778 0.028369
15 0.138889 0.309693 0.029514 0.030733
56 0.138889 0.261229 0.024306 0.037825
665 0.138889 0.228132 0.024306 0.026005
124 0.139757 0.197400 0.024306 0.030733
163 0.140625 0.163121 0.026042 0.035461
13 0.142361 0.131206 0.031250 0.028369
239 0.142361 0.096927 0.029514 0.037825
75 0.174479 0.911348 0.022569 0.028369
157 0.172743 0.881797 0.027778 0.030733
3 0.173611 0.849882 0.027778 0.028369
62 0.176215 0.817967 0.029514 0.030733
91 0.174479 0.787234 0.026042 0.028369
350 0.176215 0.756501 0.022569 0.028369
395 0.176215 0.726950 0.020833 0.028369
163 0.177083 0.693853 0.026042 0.035461
33 0.176215 0.661939 0.027778 0.028369
224 0.178819 0.626478 0.024306 0.037825
565 0.179688 0.588652 0.024306 0.033097
127 0.180556 0.556738 0.027778 0.030733
29 0.181424 0.527187 0.024306 0.030733
28 0.183160 0.492908 0.027778 0.037825
183 0.182292 0.459811 0.026042 0.028369
65 0.183160 0.427896 0.031250 0.033097
109 0.184028 0.394799 0.027778 0.030733
280 0.185764 0.359338 0.032986 0.035461
15 0.184896 0.325059 0.029514 0.035461
55 0.185764 0.287234 0.024306 0.033097
139 0.188368 0.215130 0.031250 0.035461
53 0.188368 0.179669 0.026042 0.030733
0 0.190104 0.147754 0.027778 0.023641
350 0.190972 0.124113 0.031250 0.028369
133 0.189236 0.093381 0.029514 0.030733
148 0.236111 0.171395 0.022569 0.037825
34 0.236979 0.131206 0.027778 0.035461
148 0.235243 0.096927 0.024306 0.033097
111 0.265625 0.913712 0.019097 0.021277
30 0.265625 0.887707 0.024306 0.030733
32 0.268229 0.856974 0.029514 0.026005
224 0.266493 0.829787 0.029514 0.026005
952 0.268229 0.799054 0.026042 0.026005
239 0.269097 0.762411 0.027778 0.037825
64 0.269965 0.728132 0.027778 0.026005
212 0.270833 0.697400 0.027778 0.033097
69 0.270833 0.665485 0.029514 0.030733
0 0.270833 0.635934 0.029514 0.028369
159 0.270833 0.605201 0.029514 0.026005
350 0.271701 0.573286 0.026042 0.035461
34 0.273438 0.536643 0.032986 0.033097
102 0.274306 0.501182 0.029514 0.035461
158 0.276910 0.463357 0.032986 0.033097
101 0.275174 0.427896 0.031250 0.035461
217 0.276910 0.394799 0.027778 0.030733
33 0.276910 0.355792 0.029514 0.040189
868 0.278646 0.320331 0.024306 0.028369
207 0.279514 0.284870 0.031250 0.035461
178 0.281250 0.249409 0.029514 0.033097
428 0.282118 0.211584 0.024306 0.035461
111 0.283854 0.174941 0.027778 0.035461
172 0.282118 0.137116 0.029514 0.033097
65 0.283854 0.100473 0.034722 0.037825
350 0.313368 0.891253 0.031250 0.040189
213 0.313368 0.854610 0.032986 0.033097
373 0.314236 0.821513 0.029514 0.033097
75 0.315104 0.782506 0.024306 0.035461
142 0.315104 0.744681 0.027778 0.037825
153 0.315972 0.711584 0.029514 0.023641
64 0.315972 0.683215 0.031250 0.026005
246 0.316840 0.653664 0.029514 0.030733
245 0.318576 0.615839 0.027778 0.040189
659 0.320312 0.575650 0.027778 0.035461
3 0.321181 0.537825 0.029514 0.040189
274 0.322049 0.497636 0.027778 0.035461
951 0.321181 0.459811 0.029514 0.033097
261 0.321181 0.424350 0.029514 0.035461
214 0.322917 0.385343 0.027778 0.035461
467 0.358507 0.904255 0.020833 0.023641
468 0.357639 0.877069 0.026042 0.028369
75 0.359375 0.848700 0.027778 0.023641
158 0.361111 0.814421 0.022569 0.037825
70 0.361111 0.775414 0.027778 0.037825
1 0.362847 0.731678 0.031250 0.044917
0 0.361111 0.690307 0.031250 0.035461
33 0.361111 0.656028 0.024306 0.028369
98 0.361111 0.626478 0.029514 0.028369
56 0.362847 0.592199 0.022569 0.035461
117 0.362847 0.554374 0.029514 0.037825
4 0.364583 0.517730 0.029514 0.033097
538 0.366319 0.485816 0.026042 0.030733
7 0.367188 0.453901 0.026042 0.033097
98 0.368056 0.423168 0.027778 0.026005
56 0.368056 0.392435 0.027778 0.033097
55 0.368924 0.356974 0.026042 0.035461
117 0.368924 0.323877 0.022569 0.028369
171 0.368924 0.293144 0.024306 0.030733
170 0.370660 0.260047 0.026042 0.033097
75 0.370660 0.228132 0.027778 0.030733
4 0.370660 0.197400 0.029514 0.028369
3 0.370660 0.165485 0.022569 0.033097
148 0.371528 0.130024 0.031250 0.035461
607 0.372396 0.100473 0.024306 0.023641
109 0.400174 0.893617 0.026042 0.028369
117 0.399306 0.861702 0.027778 0.030733
157 0.401042 0.832151 0.026042 0.028369
3 0.400174 0.801418 0.026042 0.028369
435 0.401042 0.767139 0.026042 0.030733
467 0.401910 0.734043 0.024306 0.030733
109 0.401910 0.699764 0.027778 0.028369
117 0.402778 0.670213 0.024306 0.023641
634 0.402778 0.644208 0.022569 0.023641
633 0.405382 0.614657 0.026042 0.030733
117 0.406250 0.582742 0.026042 0.030733
52 0.407986 0.548463 0.024306 0.033097
54 0.407986 0.515366 0.022569 0.030733
53 0.405382 0.479905 0.027778 0.033097
214 0.406250 0.446809 0.026042 0.030733
189 0.407118 0.391253 0.024306 0.026005
70 0.407986 0.361702 0.024306 0.026005
69 0.408854 0.330969 0.022569 0.030733
6 0.411458 0.295508 0.020833 0.033097
454 0.411458 0.262411 0.022569 0.028369
950 0.411458 0.232861 0.019097 0.026005
33 0.411458 0.205674 0.020833 0.026005
99 0.411458 0.177305 0.020833 0.026005
648 0.411458 0.146572 0.024306 0.030733
100 0.413194 0.114657 0.020833 0.033097
107 0.440104 0.887707 0.022569 0.030733
136 0.439236 0.849882 0.022569 0.035461
213 0.440104 0.812057 0.020833 0.033097
224 0.440104 0.777778 0.019097 0.030733
109 0.441840 0.747045 0.020833 0.026005
19 0.441840 0.718676 0.020833 0.028369
29 0.442708 0.691489 0.019097 0.026005
28 0.442708 0.666667 0.019097 0.026005
135 0.442708 0.643026 0.020833 0.026005
468 0.442708 0.608747 0.020833 0.035461
75 0.442708 0.574468 0.020833 0.033097
158 0.443576 0.539007 0.020833 0.033097
73 0.443576 0.507092 0.022569 0.028369
109 0.443576 0.479905 0.019097 0.023641
22 0.444444 0.452719 0.019097 0.026005
350 0.444444 0.411348 0.019097 0.028369
230 0.444444 0.378251 0.020833 0.028369
239 0.444444 0.317967 0.019097 0.028369
55 0.443576 0.283688 0.019097 0.026005
192 0.444444 0.251773 0.019097 0.030733
107 0.443576 0.217494 0.019097 0.028369
22 0.443576 0.186761 0.017361 0.023641
350 0.445312 0.156028 0.017361 0.026005
20 0.589410 0.695035 0.027778 0.030733
109 0.587674 0.667849 0.026042 0.023641
468 0.586806 0.640662 0.027778 0.028369
75 0.584201 0.609929 0.026042 0.028369
158 0.582465 0.573286 0.029514 0.037825
2 0.580729 0.534279 0.022569 0.035461
15 0.579861 0.500000 0.026042 0.030733
125 0.578993 0.469267 0.019097 0.026005
124 0.576389 0.442080 0.020833 0.026005
123 0.575521 0.412530 0.026042 0.028369
305 0.574653 0.380615 0.029514 0.030733
70 0.572917 0.345154 0.029514 0.035461
105 0.779514 0.879433 0.032986 0.028369
3 0.778646 0.848700 0.026042 0.030733
2 0.776910 0.812057 0.029514 0.037825
180 0.776910 0.775414 0.029514 0.035461
133 0.795139 0.180851 0.019097 0.028369
10 0.791667 0.152482 0.026042 0.028369
9 0.792535 0.124113 0.027778 0.023641
62 0.789931 0.094563 0.029514 0.030733
179 0.787326 0.063830 0.019097 0.028369
