0 0.100683 0.909201 0.030717 0.041162
0 0.097270 0.859564 0.023891 0.041162
0 0.098976 0.814770 0.025597 0.038741
0 0.100683 0.766344 0.023891 0.033898
0 0.100683 0.730024 0.029010 0.033898
0 0.099829 0.691283 0.025597 0.031477
0 0.100683 0.654964 0.018771 0.033898
0 0.100683 0.616223 0.025597 0.033898
0 0.101536 0.573850 0.027304 0.036320
0 0.099829 0.536320 0.027304 0.029056
0 0.103242 0.492736 0.027304 0.036320
0 0.101536 0.450363 0.027304 0.033898
0 0.103242 0.411622 0.029010 0.029056
0 0.104096 0.371671 0.029010 0.033898
0 0.102389 0.328087 0.027304 0.036320
0 0.104949 0.284504 0.029010 0.036320
0 0.103242 0.245763 0.027304 0.031477
0 0.104949 0.207022 0.029010 0.031477
0 0.105802 0.168281 0.029010 0.033898
0 0.104949 0.130751 0.020478 0.031477
0 0.104949 0.096852 0.022184 0.031477
0 0.104096 0.059322 0.025597 0.031477
0 0.147611 0.910412 0.030717 0.046005
0 0.147611 0.855932 0.025597 0.043584
0 0.147611 0.807506 0.029010 0.036320
0 0.146758 0.762712 0.027304 0.033898
0 0.147611 0.722760 0.020478 0.031477
0 0.147611 0.684019 0.020478 0.031477
0 0.147611 0.646489 0.023891 0.033898
0 0.149317 0.605327 0.025597 0.033898
0 0.150171 0.560533 0.023891 0.041162
0 0.150171 0.508475 0.027304 0.043584
0 0.149317 0.458838 0.020478 0.029056
0 0.149317 0.414044 0.025597 0.041162
0 0.150171 0.375303 0.030717 0.031477
0 0.151877 0.337772 0.022184 0.031477
0 0.153584 0.300242 0.018771 0.033898
0 0.153584 0.263923 0.022184 0.033898
0 0.154437 0.227603 0.030717 0.029056
0 0.152730 0.191283 0.029010 0.029056
0 0.153584 0.153753 0.025597 0.031477
0 0.155290 0.110169 0.029010 0.043584
0 0.154437 0.062954 0.025597 0.038741
0 0.195392 0.918886 0.030717 0.029056
0 0.193686 0.891041 0.032423 0.029056
0 0.193686 0.854722 0.025597 0.038741
0 0.193686 0.799031 0.029010 0.048426
0 0.195392 0.745763 0.025597 0.038741
0 0.194539 0.708232 0.025597 0.026634
0 0.196246 0.673123 0.020478 0.031477
0 0.194539 0.634383 0.027304 0.036320
0 0.194539 0.593220 0.022184 0.031477
0 0.197099 0.554479 0.018771 0.031477
0 0.197099 0.519370 0.022184 0.031477
0 0.197952 0.480630 0.023891 0.033898
0 0.198805 0.434625 0.027304 0.043584
0 0.199659 0.388620 0.030717 0.036320
0 0.199659 0.342615 0.027304 0.043584
0 0.201365 0.295400 0.027304 0.043584
0 0.199659 0.250605 0.027304 0.033898
0 0.200512 0.213075 0.023891 0.031477
0 0.203072 0.176755 0.018771 0.031477
0 0.202218 0.141646 0.022184 0.031477
0 0.202218 0.104116 0.025597 0.036320
0 0.203925 0.064165 0.023891 0.041162
267 0.239761 0.909201 0.027304 0.046005
266 0.238908 0.857143 0.022184 0.038741
64 0.239761 0.818402 0.022184 0.029056
116 0.239761 0.785714 0.020478 0.024213
232 0.239761 0.753027 0.030717 0.029056
68 0.240614 0.713075 0.025597 0.046005
76 0.241468 0.668281 0.027304 0.031477
265 0.242321 0.628329 0.020478 0.031477
149 0.244027 0.593220 0.020478 0.029056
67 0.240614 0.560533 0.027304 0.031477
264 0.242321 0.521792 0.025597 0.031477
80 0.242321 0.478208 0.025597 0.041162
66 0.244881 0.434625 0.027304 0.033898
205 0.245734 0.391041 0.023891 0.041162
190 0.244881 0.340194 0.027304 0.043584
149 0.248294 0.291768 0.030717 0.036320
67 0.246587 0.250605 0.030717 0.031477
76 0.246587 0.208232 0.029010 0.038741
201 0.248294 0.165860 0.029010 0.033898
263 0.247440 0.125908 0.020478 0.031477
252 0.249147 0.090799 0.018771 0.031477
249 0.249147 0.058111 0.022184 0.029056
163 0.286689 0.917676 0.029010 0.026634
182 0.285836 0.886199 0.025597 0.033898
38 0.284983 0.848668 0.025597 0.031477
37 0.286689 0.808717 0.025597 0.038741
221 0.285836 0.767554 0.022184 0.033898
149 0.289249 0.721550 0.023891 0.041162
209 0.290102 0.674334 0.025597 0.036320
44 0.290102 0.624697 0.027304 0.043584
227 0.291809 0.575061 0.027304 0.038741
262 0.291809 0.535109 0.029010 0.036320
182 0.290956 0.498789 0.023891 0.031477
38 0.293515 0.457627 0.029010 0.033898
37 0.292662 0.412833 0.027304 0.038741
149 0.292662 0.371671 0.027304 0.031477
44 0.295222 0.334140 0.029010 0.033898
77 0.296075 0.290557 0.027304 0.036320
136 0.295222 0.244552 0.027304 0.041162
138 0.295222 0.202179 0.025597 0.036320
44 0.296075 0.162228 0.022184 0.029056
15 0.296928 0.116223 0.027304 0.048426
157 0.298635 0.066586 0.029010 0.043584
37 0.334471 0.922518 0.029010 0.026634
91 0.334471 0.887409 0.023891 0.038741
261 0.334471 0.849879 0.029010 0.031477
260 0.334471 0.808717 0.022184 0.033898
44 0.337031 0.773608 0.020478 0.031477
77 0.336177 0.737288 0.025597 0.031477
42 0.338737 0.698547 0.027304 0.033898
45 0.336177 0.664649 0.030717 0.024213
139 0.337884 0.636804 0.022184 0.024213
136 0.339590 0.599274 0.025597 0.038741
157 0.339590 0.561743 0.027304 0.029056
38 0.337884 0.524213 0.027304 0.036320
37 0.340444 0.487893 0.032423 0.029056
42 0.338737 0.449153 0.032423 0.043584
259 0.340444 0.399516 0.027304 0.038741
258 0.340444 0.358354 0.030717 0.033898
21 0.341297 0.312349 0.027304 0.043584
257 0.343003 0.269976 0.023891 0.036320
256 0.343857 0.230024 0.027304 0.033898
233 0.344710 0.193705 0.030717 0.031477
77 0.344710 0.150121 0.029010 0.041162
255 0.343857 0.100484 0.029010 0.041162
222 0.345563 0.060533 0.023891 0.031477
254 0.384812 0.907990 0.030717 0.031477
254 0.384812 0.866828 0.027304 0.041162
38 0.384812 0.815981 0.027304 0.048426
37 0.386519 0.769976 0.030717 0.031477
149 0.385666 0.733656 0.027304 0.024213
44 0.384812 0.699758 0.029010 0.033898
77 0.387372 0.652542 0.027304 0.043584
253 0.386519 0.605327 0.025597 0.038741
136 0.388225 0.564165 0.022184 0.036320
157 0.389078 0.521792 0.025597 0.038741
38 0.390785 0.485472 0.025597 0.026634
37 0.389932 0.446731 0.027304 0.041162
252 0.390785 0.407990 0.029010 0.026634
157 0.388225 0.371671 0.027304 0.033898
38 0.387372 0.332930 0.029010 0.029056
37 0.388225 0.295400 0.023891 0.033898
251 0.389932 0.257869 0.029010 0.036320
34 0.388225 0.219128 0.032423 0.036320
250 0.390785 0.179177 0.027304 0.033898
249 0.391638 0.138015 0.029010 0.036320
44 0.389078 0.099274 0.025597 0.033898
163 0.389078 0.064165 0.030717 0.031477
137 0.429181 0.922518 0.025597 0.026634
137 0.430887 0.897094 0.022184 0.026634
137 0.430887 0.866828 0.022184 0.031477
137 0.431741 0.820823 0.027304 0.036320
137 0.430034 0.779661 0.025597 0.033898
137 0.432594 0.744552 0.029010 0.029056
137 0.431741 0.717918 0.027304 0.031477
137 0.430887 0.685230 0.023891 0.026634
75 0.430887 0.652542 0.027304 0.029056
248 0.433447 0.615012 0.025597 0.031477
44 0.435154 0.573850 0.027304 0.041162
182 0.432594 0.535109 0.029010 0.026634
38 0.434300 0.498789 0.025597 0.036320
37 0.436007 0.461259 0.027304 0.033898
36 0.435154 0.426150 0.018771 0.026634
35 0.433447 0.393462 0.020478 0.029056
233 0.435154 0.355932 0.029010 0.033898
157 0.434300 0.319613 0.025597 0.031477
38 0.434300 0.284504 0.027304 0.033898
37 0.433447 0.248184 0.022184 0.029056
149 0.434300 0.216707 0.020478 0.029056
64 0.436007 0.185230 0.025597 0.031477
116 0.436007 0.150121 0.027304 0.031477
127 0.438567 0.110169 0.025597 0.041162
182 0.436860 0.067797 0.029010 0.041162
38 0.475256 0.904358 0.029010 0.043584
37 0.476962 0.859564 0.027304 0.031477
247 0.476109 0.825666 0.029010 0.031477
142 0.476962 0.788136 0.027304 0.036320
237 0.476962 0.745763 0.027304 0.036320
236 0.478669 0.705811 0.022184 0.036320
21 0.479522 0.669492 0.029010 0.029056
88 0.479522 0.635593 0.027304 0.031477
87 0.480375 0.595642 0.027304 0.036320
246 0.481229 0.562954 0.029010 0.026634
178 0.480375 0.529056 0.023891 0.033898
245 0.480375 0.496368 0.022184 0.029056
178 0.479522 0.462470 0.025597 0.029056
227 0.480375 0.428571 0.020478 0.029056
226 0.481229 0.393462 0.018771 0.029056
244 0.482082 0.360775 0.020478 0.031477
83 0.482935 0.324455 0.023891 0.038741
64 0.482082 0.288136 0.027304 0.024213
27 0.482082 0.262712 0.025597 0.029056
38 0.481229 0.230024 0.027304 0.031477
37 0.482935 0.193705 0.025597 0.036320
82 0.483788 0.153753 0.025597 0.033898
89 0.483788 0.115012 0.023891 0.036320
38 0.483788 0.071429 0.023891 0.038741
37 0.582765 0.938257 0.025597 0.026634
37 0.583618 0.910412 0.030717 0.026634
37 0.582765 0.878935 0.030717 0.031477
149 0.582765 0.842615 0.030717 0.033898
67 0.583618 0.801453 0.022184 0.041162
163 0.582765 0.753027 0.030717 0.043584
88 0.581911 0.707022 0.027304 0.031477
67 0.581911 0.671913 0.029010 0.031477
43 0.579352 0.630751 0.025597 0.033898
223 0.580205 0.594431 0.022184 0.031477
172 0.579352 0.559322 0.022184 0.031477
171 0.579352 0.519370 0.027304 0.041162
243 0.578498 0.479419 0.023891 0.036320
91 0.581058 0.441889 0.032423 0.026634
199 0.578498 0.409201 0.022184 0.031477
203 0.578498 0.366828 0.027304 0.043584
242 0.579352 0.319613 0.029010 0.046005
241 0.580205 0.279661 0.032423 0.026634
157 0.581058 0.239709 0.030717 0.041162
38 0.578498 0.200969 0.022184 0.026634
37 0.578498 0.162228 0.022184 0.033898
149 0.580205 0.121065 0.029010 0.038741
64 0.578498 0.083535 0.029010 0.029056
0 0.633106 0.932203 0.032423 0.026634
0 0.630546 0.901937 0.029010 0.029056
0 0.630546 0.869249 0.023891 0.031477
0 0.631399 0.830508 0.025597 0.029056
0 0.629693 0.795400 0.025597 0.031477
0 0.627986 0.756659 0.020478 0.029056
0 0.629693 0.722760 0.020478 0.029056
0 0.630546 0.692494 0.025597 0.029056
0 0.631399 0.654964 0.027304 0.036320
0 0.630546 0.616223 0.029010 0.026634
0 0.631399 0.575061 0.029010 0.038741
0 0.630546 0.533898 0.027304 0.029056
0 0.627986 0.497579 0.025597 0.033898
0 0.628840 0.456416 0.027304 0.038741
0 0.627986 0.411622 0.027304 0.038741
0 0.628840 0.369249 0.023891 0.038741
0 0.629693 0.328087 0.025597 0.038741
0 0.627986 0.290557 0.025597 0.029056
0 0.627986 0.251816 0.027304 0.038741
0 0.627133 0.210654 0.023891 0.031477
0 0.625427 0.174334 0.027304 0.041162
0 0.628840 0.129540 0.027304 0.036320
0 0.627133 0.084746 0.027304 0.043584
0 0.680034 0.927361 0.029010 0.031477
0 0.678328 0.889831 0.030717 0.036320
0 0.677474 0.852300 0.022184 0.031477
0 0.677474 0.814770 0.025597 0.036320
0 0.675768 0.768765 0.027304 0.038741
0 0.674061 0.730024 0.025597 0.029056
0 0.676621 0.694915 0.029010 0.031477
0 0.676621 0.658596 0.025597 0.033898
0 0.675768 0.617433 0.027304 0.041162
0 0.673208 0.569007 0.027304 0.038741
0 0.673208 0.536320 0.023891 0.026634
0 0.674915 0.501211 0.022184 0.036320
0 0.674915 0.464891 0.030717 0.031477
0 0.674061 0.432203 0.030717 0.029056
0 0.674915 0.398305 0.029010 0.029056
0 0.673208 0.360775 0.023891 0.038741
0 0.673208 0.324455 0.020478 0.029056
0 0.673208 0.284504 0.022184 0.036320
0 0.673208 0.246973 0.027304 0.038741
0 0.674061 0.205811 0.029010 0.033898
0 0.671502 0.168281 0.029010 0.031477
0 0.669795 0.135593 0.022184 0.029056
0 0.670648 0.105327 0.020478 0.029056
0 0.670648 0.073850 0.020478 0.026634
240 0.725256 0.920097 0.025597 0.033898
82 0.725256 0.884988 0.029010 0.031477
239 0.724403 0.848668 0.029010 0.033898
157 0.724403 0.807506 0.030717 0.041162
38 0.723549 0.759080 0.025597 0.041162
37 0.723549 0.716707 0.025597 0.031477
149 0.720990 0.677966 0.022184 0.038741
209 0.720990 0.635593 0.027304 0.036320
44 0.721843 0.600484 0.023891 0.026634
238 0.722696 0.558111 0.029010 0.048426
82 0.721843 0.515738 0.029010 0.029056
182 0.719283 0.479419 0.030717 0.024213
38 0.718430 0.443099 0.027304 0.033898
37 0.718430 0.404358 0.027304 0.033898
237 0.716724 0.365617 0.025597 0.036320
236 0.717577 0.324455 0.020478 0.038741
149 0.715870 0.283293 0.023891 0.033898
235 0.715870 0.248184 0.027304 0.031477
209 0.716724 0.207022 0.029010 0.041162
38 0.715017 0.163438 0.023891 0.036320
37 0.714164 0.116223 0.027304 0.036320
149 0.714164 0.077482 0.034130 0.041162
157 0.773891 0.927361 0.023891 0.024213
38 0.771331 0.893462 0.034130 0.038741
37 0.771331 0.853511 0.025597 0.031477
77 0.771331 0.820823 0.029010 0.031477
232 0.770478 0.786925 0.030717 0.026634
64 0.770478 0.757869 0.030717 0.026634
231 0.768771 0.725182 0.025597 0.033898
44 0.770478 0.694915 0.023891 0.021792
66 0.767918 0.667070 0.023891 0.029056
65 0.767918 0.633172 0.025597 0.033898
44 0.767065 0.599274 0.030717 0.024213
182 0.766212 0.567797 0.029010 0.031477
38 0.765358 0.532688 0.020478 0.029056
37 0.765358 0.503632 0.018771 0.026634
37 0.762799 0.472155 0.022184 0.031477
149 0.762799 0.432203 0.027304 0.036320
44 0.763652 0.400726 0.022184 0.021792
64 0.762799 0.369249 0.020478 0.033898
234 0.761092 0.329298 0.022184 0.038741
233 0.761092 0.286925 0.027304 0.041162
157 0.761092 0.248184 0.023891 0.029056
38 0.759386 0.210654 0.027304 0.036320
37 0.758532 0.174334 0.020478 0.026634
149 0.761945 0.141646 0.032423 0.033898
209 0.760239 0.106538 0.027304 0.036320
207 0.812287 0.466102 0.027304 0.041162
21 0.809727 0.424939 0.018771 0.031477
28 0.809727 0.389831 0.020478 0.031477
210 0.809727 0.342615 0.022184 0.041162
172 0.808874 0.292978 0.029010 0.046005
171 0.808874 0.246973 0.027304 0.033898
43 0.807167 0.207022 0.029010 0.033898
230 0.806314 0.168281 0.023891 0.036320
44 0.806314 0.125908 0.023891 0.038741
207 0.806314 0.076271 0.023891 0.041162
203 0.861775 0.905569 0.027304 0.036320
128 0.863481 0.866828 0.029010 0.031477
205 0.860068 0.825666 0.023891 0.041162
228 0.860068 0.784504 0.022184 0.033898
91 0.860922 0.751816 0.020478 0.026634
227 0.859215 0.715496 0.025597 0.031477
226 0.860068 0.679177 0.023891 0.031477
225 0.859215 0.645278 0.017065 0.026634
224 0.857509 0.615012 0.020478 0.029056
54 0.855802 0.578692 0.027304 0.031477
133 0.857509 0.541162 0.029010 0.029056
163 0.856655 0.509685 0.029010 0.029056
210 0.856655 0.476998 0.029010 0.026634
54 0.855802 0.443099 0.027304 0.031477
223 0.854949 0.403148 0.025597 0.038741
172 0.853242 0.360775 0.025597 0.036320
171 0.853242 0.319613 0.023891 0.036320
218 0.854949 0.274818 0.029010 0.041162
222 0.853242 0.230024 0.025597 0.038741
229 0.851536 0.186441 0.027304 0.038741
175 0.851536 0.142857 0.025597 0.033898
151 0.851536 0.106538 0.029010 0.029056
15 0.848976 0.072639 0.025597 0.029056
221 0.906143 0.918886 0.017065 0.024213
77 0.905290 0.887409 0.029010 0.033898
220 0.905290 0.847458 0.022184 0.036320
38 0.903584 0.806295 0.027304 0.033898
37 0.906997 0.763923 0.023891 0.031477
21 0.906997 0.726392 0.027304 0.033898
219 0.905290 0.686441 0.029010 0.038741
129 0.906143 0.652542 0.023891 0.029056
133 0.905290 0.613801 0.027304 0.033898
82 0.906997 0.571429 0.025597 0.043584
89 0.905290 0.530266 0.022184 0.026634
38 0.903584 0.496368 0.023891 0.031477
37 0.903584 0.458838 0.027304 0.033898
64 0.903584 0.417676 0.027304 0.041162
133 0.901877 0.374092 0.027304 0.036320
157 0.902730 0.329298 0.027304 0.038741
38 0.903584 0.282082 0.030717 0.043584
37 0.901024 0.233656 0.030717 0.038741
172 0.900171 0.192494 0.027304 0.036320
149 0.898464 0.150121 0.029010 0.033898
77 0.898464 0.111380 0.025597 0.033898
44 0.898464 0.071429 0.032423 0.041162
205 0.948805 0.617433 0.027304 0.038741
163 0.947952 0.566586 0.025597 0.046005
84 0.949659 0.518160 0.029010 0.033898
203 0.949659 0.479419 0.025597 0.031477
218 0.947952 0.444310 0.020478 0.029056
157 0.946246 0.414044 0.023891 0.026634
38 0.945392 0.382567 0.025597 0.024213
37 0.946246 0.351090 0.029010 0.029056
217 0.946246 0.315981 0.025597 0.036320
216 0.946246 0.279661 0.030717 0.029056
38 0.945392 0.248184 0.027304 0.029056
37 0.946246 0.210654 0.029010 0.038741
54 0.945392 0.175545 0.022184 0.026634
215 0.946246 0.144068 0.022184 0.031477
214 0.945392 0.111380 0.025597 0.033898
213 0.946246 0.072639 0.029010 0.038741
