184 0.288007 0.796069 0.030405 0.036855
109 0.288007 0.754300 0.032095 0.039312
212 0.288007 0.717445 0.028716 0.029484
69 0.291385 0.680590 0.021959 0.036855
211 0.292230 0.642506 0.030405 0.029484
210 0.292230 0.606880 0.032095 0.034398
69 0.293074 0.568796 0.025338 0.031941
544 0.295608 0.534398 0.020270 0.029484
177 0.295608 0.503686 0.025338 0.027027
15 0.298142 0.463145 0.028716 0.039312
543 0.300676 0.417690 0.028716 0.036855
133 0.299831 0.383292 0.027027 0.027027
173 0.304899 0.346437 0.025338 0.034398
201 0.335304 0.851351 0.032095 0.044226
127 0.335304 0.805897 0.025338 0.036855
29 0.337838 0.761671 0.027027 0.039312
28 0.337838 0.713759 0.028716 0.044226
102 0.339527 0.667076 0.023649 0.041769
372 0.341216 0.616708 0.020270 0.041769
33 0.342061 0.573710 0.033784 0.031941
275 0.344595 0.531941 0.025338 0.041769
378 0.346284 0.495086 0.027027 0.027027
501 0.347973 0.460688 0.030405 0.029484
201 0.348818 0.427518 0.023649 0.031941
109 0.347973 0.389435 0.021959 0.039312
127 0.347973 0.351351 0.023649 0.034398
29 0.348818 0.310811 0.025338 0.041769
28 0.353041 0.272727 0.032095 0.029484
337 0.353885 0.238329 0.032095 0.031941
68 0.353885 0.202703 0.020270 0.031941
140 0.385980 0.716216 0.028716 0.029484
6 0.385980 0.685504 0.032095 0.029484
3 0.386824 0.652334 0.021959 0.029484
127 0.390203 0.620393 0.021959 0.029484
29 0.390203 0.589681 0.021959 0.029484
28 0.393581 0.554054 0.032095 0.029484
27 0.392736 0.518428 0.023649 0.031941
26 0.394426 0.481572 0.025338 0.031941
177 0.394426 0.449631 0.021959 0.022113
19 0.397804 0.418919 0.033784 0.027027
123 0.397804 0.388206 0.030405 0.031941
79 0.399493 0.355037 0.028716 0.029484
78 0.400338 0.315725 0.028716 0.036855
75 0.402027 0.277641 0.027027 0.029484
524 0.402872 0.239558 0.027027 0.034398
29 0.434966 0.777641 0.027027 0.034398
28 0.435811 0.737101 0.025338 0.031941
455 0.436655 0.700246 0.028716 0.029484
64 0.439189 0.664619 0.027027 0.031941
83 0.439189 0.628993 0.030405 0.036855
33 0.440034 0.593366 0.027027 0.029484
346 0.440878 0.560197 0.025338 0.034398
528 0.441723 0.522113 0.027027 0.031941
19 0.444257 0.485258 0.023649 0.039312
542 0.445946 0.445946 0.030405 0.031941
541 0.445946 0.414005 0.025338 0.029484
127 0.446791 0.385749 0.021959 0.024570
29 0.445101 0.357494 0.028716 0.029484
28 0.451014 0.323096 0.032095 0.031941
64 0.451858 0.291155 0.028716 0.031941
174 0.451858 0.255528 0.028716 0.031941
173 0.452703 0.187961 0.025338 0.031941
109 0.481419 0.830467 0.025338 0.029484
83 0.483108 0.794840 0.027027 0.034398
109 0.483108 0.762899 0.021959 0.027027
327 0.483953 0.732187 0.030405 0.029484
109 0.484797 0.700246 0.020270 0.027027
202 0.486486 0.669533 0.020270 0.031941
133 0.485642 0.637592 0.025338 0.029484
202 0.489865 0.604423 0.025338 0.034398
163 0.490709 0.524570 0.030405 0.039312
170 0.758446 0.957002 0.025338 0.029484
483 0.756757 0.925061 0.021959 0.034398
75 0.755912 0.890663 0.028716 0.029484
4 0.755912 0.853808 0.023649 0.041769
134 0.755912 0.818182 0.027027 0.027027
133 0.756757 0.786241 0.027027 0.034398
541 0.753378 0.749386 0.030405 0.031941
173 0.752534 0.716216 0.027027 0.029484
29 0.752534 0.686732 0.028716 0.031941
28 0.751689 0.648649 0.027027 0.036855
64 0.748311 0.610565 0.030405 0.031941
540 0.750000 0.571253 0.028716 0.041769
239 0.750000 0.529484 0.027027 0.031941
305 0.750000 0.493857 0.028716 0.036855
83 0.748311 0.457002 0.025338 0.034398
109 0.748311 0.422604 0.028716 0.027027
202 0.746622 0.390663 0.032095 0.031941
13 0.744932 0.362408 0.025338 0.027027
120 0.744088 0.334152 0.020270 0.027027
22 0.743243 0.305897 0.020270 0.027027
350 0.742399 0.271499 0.025338 0.036855
378 0.741554 0.235872 0.025338 0.031941
64 0.742399 0.201474 0.028716 0.031941
173 0.740709 0.169533 0.025338 0.031941
29 0.741554 0.132678 0.028716 0.031941
28 0.739020 0.095823 0.028716 0.031941
127 0.793919 0.465602 0.032095 0.036855
29 0.791385 0.425061 0.030405 0.039312
28 0.792230 0.386978 0.028716 0.031941
219 0.789696 0.353808 0.021959 0.027027
74 0.789696 0.324324 0.023649 0.027027
73 0.787162 0.296069 0.023649 0.031941
132 0.787162 0.255528 0.027027 0.039312
377 0.785473 0.212531 0.023649 0.041769
56 0.786318 0.169533 0.030405 0.036855
63 0.784628 0.131450 0.032095 0.034398
28 0.845439 0.653563 0.027027 0.039312
61 0.840372 0.603194 0.032095 0.046683
69 0.842061 0.560197 0.030405 0.029484
0 0.839527 0.525799 0.023649 0.029484
159 0.840372 0.492629 0.018581 0.029484
346 0.839527 0.459459 0.021959 0.031941
19 0.840372 0.418919 0.027027 0.039312
142 0.836993 0.372236 0.025338 0.044226
153 0.837838 0.328010 0.028716 0.036855
127 0.836993 0.283784 0.025338 0.034398
29 0.837838 0.238329 0.023649 0.036855
20 0.834459 0.199017 0.027027 0.034398
15 0.834459 0.162162 0.021959 0.027027
109 0.832770 0.131450 0.023649 0.029484
539 0.831926 0.094595 0.028716 0.031941
133 0.895270 0.939803 0.028716 0.029484
105 0.893581 0.909091 0.027027 0.027027
83 0.891047 0.871007 0.025338 0.039312
122 0.894426 0.828010 0.025338 0.029484
77 0.894426 0.793612 0.028716 0.029484
124 0.891047 0.759214 0.021959 0.029484
524 0.889358 0.727273 0.021959 0.027027
4 0.888514 0.697789 0.023649 0.029484
68 0.889358 0.660934 0.032095 0.031941
111 0.885980 0.619165 0.027027 0.039312
538 0.887669 0.572482 0.030405 0.044226
315 0.885980 0.531941 0.027027 0.031941
537 0.885980 0.502457 0.025338 0.024570
184 0.885135 0.470516 0.028716 0.031941
346 0.884291 0.431204 0.028716 0.036855
19 0.884291 0.388206 0.025338 0.039312
324 0.884291 0.346437 0.028716 0.031941
11 0.883446 0.312039 0.028716 0.031941
201 0.884291 0.275184 0.027027 0.031941
184 0.882601 0.243243 0.028716 0.027027
52 0.882601 0.210074 0.025338 0.029484
127 0.882601 0.176904 0.025338 0.029484
29 0.883446 0.147420 0.028716 0.024570
28 0.880912 0.117936 0.027027 0.029484
219 0.880068 0.088452 0.025338 0.024570
537 0.938345 0.931204 0.035473 0.036855
536 0.937500 0.899263 0.025338 0.029484
535 0.935811 0.869779 0.027027 0.031941
534 0.934122 0.832924 0.028716 0.039312
315 0.933277 0.791155 0.025338 0.036855
210 0.933277 0.750614 0.023649 0.034398
33 0.932432 0.711302 0.028716 0.031941
305 0.930743 0.676904 0.025338 0.027027
533 0.929899 0.638821 0.023649 0.039312
203 0.928209 0.594595 0.025338 0.039312
107 0.929899 0.554054 0.027027 0.029484
19 0.929899 0.522113 0.025338 0.029484
305 0.929054 0.488943 0.030405 0.029484
127 0.928209 0.453317 0.021959 0.029484
29 0.928209 0.421376 0.020270 0.029484
28 0.926520 0.390663 0.020270 0.029484
133 0.927365 0.347666 0.021959 0.049140
274 0.926520 0.303440 0.023649 0.031941
65 0.926520 0.264128 0.025338 0.039312
178 0.927365 0.216216 0.021959 0.044226
56 0.924831 0.170762 0.027027 0.041769
167 0.924831 0.127764 0.021959 0.031941
338 0.923986 0.092138 0.028716 0.034398
