246 0.307292 0.899527 0.029514 0.033097
109 0.309028 0.871158 0.024306 0.026005
157 0.309028 0.843972 0.024306 0.026005
69 0.309028 0.817967 0.026042 0.026005
588 0.309896 0.788416 0.031250 0.030733
587 0.310764 0.756501 0.031250 0.026005
52 0.309896 0.725768 0.029514 0.028369
110 0.311632 0.696217 0.029514 0.030733
75 0.310764 0.665485 0.026042 0.030733
158 0.312500 0.633570 0.024306 0.026005
51 0.313368 0.604019 0.027778 0.028369
11 0.312500 0.575650 0.027778 0.026005
135 0.314236 0.542553 0.029514 0.037825
694 0.315104 0.501182 0.026042 0.040189
47 0.316840 0.464539 0.029514 0.028369
133 0.317708 0.437352 0.029514 0.030733
110 0.318576 0.403073 0.022569 0.030733
75 0.320312 0.364066 0.022569 0.042553
158 0.319444 0.321513 0.027778 0.035461
51 0.321181 0.286052 0.022569 0.030733
14 0.321181 0.252955 0.026042 0.033097
3 0.321181 0.222222 0.029514 0.028369
373 0.322049 0.195035 0.027778 0.026005
75 0.322049 0.166667 0.027778 0.030733
176 0.322049 0.135934 0.022569 0.026005
64 0.323785 0.104019 0.024306 0.035461
26 0.352431 0.900709 0.026042 0.026005
165 0.353299 0.871158 0.026042 0.030733
54 0.354167 0.841608 0.026042 0.028369
752 0.355035 0.803783 0.029514 0.037825
33 0.357639 0.761229 0.026042 0.035461
385 0.355903 0.728132 0.029514 0.033097
34 0.355903 0.698582 0.027778 0.023641
121 0.355903 0.670213 0.026042 0.028369
65 0.356771 0.639480 0.022569 0.033097
26 0.357639 0.605201 0.027778 0.033097
165 0.358507 0.569740 0.027778 0.035461
64 0.359375 0.533097 0.027778 0.037825
880 0.360243 0.489362 0.029514 0.044917
51 0.363715 0.447991 0.022569 0.033097
879 0.363715 0.413712 0.029514 0.037825
109 0.363715 0.375887 0.026042 0.037825
127 0.365451 0.341608 0.022569 0.028369
29 0.364583 0.310875 0.026042 0.028369
28 0.366319 0.278960 0.022569 0.030733
139 0.366319 0.206856 0.024306 0.042553
56 0.368056 0.170213 0.024306 0.030733
107 0.368924 0.137116 0.026042 0.033097
878 0.368924 0.106383 0.026042 0.030733
163 0.398438 0.897163 0.020833 0.021277
33 0.399306 0.873522 0.024306 0.026005
246 0.400174 0.847518 0.026042 0.023641
110 0.401042 0.820331 0.024306 0.028369
75 0.401042 0.789598 0.024306 0.026005
158 0.401042 0.752955 0.026042 0.037825
51 0.401910 0.717494 0.026042 0.026005
161 0.401910 0.685579 0.026042 0.030733
694 0.402778 0.656028 0.022569 0.026005
152 0.401910 0.630024 0.022569 0.026005
4 0.403646 0.599291 0.026042 0.035461
13 0.405382 0.566194 0.022569 0.028369
26 0.404514 0.535461 0.026042 0.030733
165 0.404514 0.503546 0.027778 0.033097
64 0.403646 0.472813 0.024306 0.028369
19 0.405382 0.444444 0.019097 0.028369
29 0.405382 0.414894 0.020833 0.028369
28 0.405382 0.384161 0.022569 0.028369
75 0.407986 0.351064 0.026042 0.030733
157 0.407118 0.319149 0.022569 0.033097
239 0.408854 0.283688 0.020833 0.035461
242 0.409722 0.248227 0.026042 0.035461
109 0.409722 0.212766 0.020833 0.028369
152 0.410590 0.179669 0.024306 0.035461
4 0.408854 0.144208 0.022569 0.030733
33 0.409722 0.111111 0.022569 0.033097
386 0.440972 0.884161 0.019097 0.021277
386 0.440972 0.856974 0.019097 0.026005
386 0.440972 0.828605 0.020833 0.026005
386 0.439236 0.796690 0.022569 0.033097
385 0.440972 0.757683 0.024306 0.037825
71 0.441840 0.718676 0.022569 0.033097
130 0.441840 0.686761 0.027778 0.033097
129 0.440972 0.656028 0.024306 0.023641
609 0.440972 0.630024 0.024306 0.028369
20 0.442708 0.598109 0.019097 0.030733
373 0.442708 0.565012 0.022569 0.030733
75 0.442708 0.534279 0.019097 0.023641
142 0.443576 0.508274 0.020833 0.026005
153 0.443576 0.459811 0.022569 0.030733
412 0.444444 0.425532 0.020833 0.030733
877 0.444444 0.394799 0.019097 0.026005
51 0.445312 0.362884 0.019097 0.028369
135 0.446181 0.328605 0.020833 0.028369
157 0.446181 0.299054 0.017361 0.023641
69 0.446181 0.274232 0.017361 0.026005
588 0.447049 0.245863 0.019097 0.023641
587 0.447049 0.215130 0.022569 0.033097
135 0.446181 0.183215 0.020833 0.028369
83 0.447049 0.154846 0.020833 0.023641
13 0.445312 0.122931 0.024306 0.030733
158 0.475694 0.861702 0.022569 0.028369
51 0.474826 0.833333 0.019097 0.026005
121 0.473958 0.763593 0.019097 0.026005
109 0.475694 0.700946 0.020833 0.023641
127 0.476562 0.600473 0.019097 0.026005
29 0.477431 0.537825 0.019097 0.026005
28 0.476562 0.508274 0.015625 0.023641
188 0.477431 0.478723 0.019097 0.026005
68 0.475694 0.375887 0.017361 0.023641
110 0.477431 0.215130 0.015625 0.023641
110 0.526042 0.528369 0.020833 0.033097
22 0.526910 0.489362 0.020833 0.037825
604 0.526042 0.450355 0.020833 0.033097
238 0.525174 0.412530 0.020833 0.033097
2 0.524306 0.381797 0.019097 0.023641
133 0.523438 0.349882 0.020833 0.030733
10 0.521701 0.317967 0.019097 0.023641
9 0.521701 0.293144 0.017361 0.021277
62 0.520833 0.261229 0.017361 0.030733
158 0.692708 0.788416 0.024306 0.033097
13 0.690972 0.755319 0.029514 0.030733
220 0.690972 0.724586 0.024306 0.028369
75 0.690104 0.692671 0.022569 0.030733
158 0.689236 0.660757 0.027778 0.030733
6 0.687500 0.626478 0.029514 0.035461
25 0.687500 0.595745 0.027778 0.030733
5 0.685764 0.563830 0.029514 0.026005
2 0.684896 0.535461 0.027778 0.028369
1 0.684896 0.500000 0.024306 0.037825
26 0.737847 0.776596 0.024306 0.033097
52 0.736111 0.715130 0.027778 0.028369
182 0.736111 0.682033 0.027778 0.033097
140 0.734375 0.650118 0.022569 0.030733
17 0.734375 0.612293 0.022569 0.040189
16 0.733507 0.573286 0.031250 0.033097
405 0.730903 0.541371 0.029514 0.028369
15 0.730035 0.505910 0.024306 0.033097
22 0.730035 0.472813 0.029514 0.030733
161 0.728299 0.438534 0.026042 0.035461
97 0.727431 0.405437 0.031250 0.030733
65 0.725694 0.374704 0.029514 0.030733
26 0.724826 0.342790 0.029514 0.028369
64 0.722222 0.308511 0.029514 0.030733
80 0.722222 0.274232 0.024306 0.035461
331 0.720486 0.235225 0.027778 0.035461
158 0.784722 0.747045 0.029514 0.026005
71 0.782986 0.715130 0.024306 0.028369
254 0.782118 0.674941 0.031250 0.042553
214 0.779514 0.628842 0.026042 0.037825
26 0.777778 0.591017 0.029514 0.033097
19 0.778646 0.552009 0.026042 0.037825
29 0.776042 0.510638 0.027778 0.035461
28 0.775174 0.478723 0.024306 0.028369
163 0.774306 0.445626 0.027778 0.033097
19 0.774306 0.404255 0.032986 0.042553
29 0.773438 0.360520 0.027778 0.035461
28 0.770833 0.321513 0.029514 0.035461
75 0.768229 0.290780 0.031250 0.026005
157 0.767361 0.262411 0.027778 0.030733
3 0.766493 0.225768 0.026042 0.037825
28 0.828993 0.776596 0.024306 0.030733
27 0.829861 0.745863 0.022569 0.023641
26 0.827257 0.719858 0.022569 0.028369
133 0.827257 0.683215 0.026042 0.035461
7 0.826389 0.653664 0.026042 0.026005
357 0.826389 0.621749 0.020833 0.033097
83 0.825521 0.583924 0.029514 0.033097
33 0.824653 0.546099 0.031250 0.035461
118 0.823785 0.507092 0.027778 0.035461
357 0.822917 0.473995 0.027778 0.028369
121 0.819444 0.442080 0.026042 0.030733
118 0.819444 0.400709 0.029514 0.040189
109 0.816840 0.359338 0.027778 0.035461
19 0.815972 0.319149 0.027778 0.037825
29 0.815104 0.288416 0.024306 0.023641
28 0.814236 0.256501 0.029514 0.037825
120 0.813368 0.222222 0.026042 0.028369
109 0.812500 0.184397 0.022569 0.037825
13 0.873264 0.861702 0.026042 0.028369
54 0.875000 0.829787 0.027778 0.030733
163 0.875000 0.795508 0.024306 0.030733
152 0.872396 0.762411 0.027778 0.030733
294 0.874132 0.724586 0.027778 0.040189
33 0.872396 0.686761 0.027778 0.030733
70 0.870660 0.654846 0.024306 0.028369
574 0.870660 0.625296 0.022569 0.026005
202 0.868924 0.595745 0.020833 0.028369
34 0.868056 0.560284 0.026042 0.035461
462 0.868056 0.528369 0.022569 0.023641
622 0.868056 0.498818 0.022569 0.033097
869 0.865451 0.462175 0.027778 0.033097
322 0.863715 0.425532 0.029514 0.035461
133 0.861111 0.385343 0.024306 0.035461
537 0.860243 0.349882 0.027778 0.035461
202 0.859375 0.317967 0.022569 0.026005
876 0.857639 0.296690 0.020833 0.023641
701 0.856771 0.264775 0.020833 0.037825
83 0.855903 0.225768 0.024306 0.037825
33 0.855903 0.190307 0.022569 0.033097
860 0.855903 0.157210 0.031250 0.035461
