26 0.776042 0.673759 0.029514 0.033097
68 0.772569 0.637116 0.032986 0.035461
136 0.771701 0.601655 0.027778 0.026005
830 0.767361 0.569740 0.032986 0.030733
75 0.765625 0.534279 0.031250 0.033097
158 0.764757 0.502364 0.024306 0.026005
88 0.762153 0.471631 0.031250 0.033097
1103 0.762153 0.433806 0.027778 0.033097
13 0.759549 0.394799 0.027778 0.035461
75 0.890625 0.932624 0.024306 0.021277
4 0.889757 0.905437 0.029514 0.028369
148 0.887153 0.874704 0.027778 0.028369
25 0.883681 0.841608 0.024306 0.030733
19 0.881944 0.806147 0.024306 0.028369
226 0.877604 0.776596 0.027778 0.028369
123 0.893229 0.289598 0.029514 0.028369
13 0.890625 0.255319 0.026042 0.030733
108 0.888021 0.224586 0.029514 0.026005
211 0.885417 0.190307 0.024306 0.035461
210 0.882812 0.151300 0.027778 0.035461
