0 0.104167 0.965721 0.029514 0.033097
0 0.104167 0.934988 0.026042 0.026005
0 0.104167 0.901891 0.031250 0.033097
0 0.103299 0.868794 0.027778 0.026005
0 0.104167 0.834515 0.031250 0.037825
0 0.105035 0.796690 0.029514 0.035461
0 0.105903 0.761229 0.029514 0.037825
0 0.105035 0.718676 0.031250 0.040189
0 0.106771 0.679669 0.027778 0.033097
0 0.106771 0.646572 0.027778 0.033097
0 0.107639 0.612293 0.029514 0.030733
0 0.105903 0.581560 0.024306 0.028369
0 0.107639 0.552009 0.020833 0.028369
0 0.107639 0.523641 0.022569 0.028369
0 0.107639 0.491726 0.026042 0.030733
0 0.106771 0.463357 0.024306 0.028369
0 0.106771 0.427896 0.024306 0.035461
0 0.108507 0.394799 0.029514 0.028369
0 0.108507 0.359338 0.031250 0.037825
0 0.105903 0.323877 0.026042 0.030733
0 0.106771 0.287234 0.029514 0.037825
0 0.106771 0.249409 0.026042 0.033097
0 0.107639 0.213948 0.022569 0.030733
0 0.109375 0.178487 0.022569 0.035461
0 0.108507 0.143026 0.027778 0.033097
0 0.152778 0.959811 0.026042 0.033097
0 0.152778 0.925532 0.026042 0.033097
0 0.152778 0.891253 0.024306 0.033097
0 0.155382 0.855792 0.029514 0.030733
0 0.154514 0.817967 0.029514 0.040189
0 0.155382 0.774232 0.029514 0.042553
0 0.157118 0.731678 0.029514 0.040189
0 0.155382 0.692671 0.031250 0.035461
0 0.157118 0.652482 0.029514 0.042553
0 0.157118 0.618203 0.031250 0.028369
0 0.157118 0.582742 0.029514 0.037825
0 0.157118 0.541371 0.032986 0.040189
0 0.157986 0.505910 0.027778 0.030733
0 0.157986 0.478723 0.031250 0.026005
0 0.159722 0.445626 0.029514 0.037825
0 0.157118 0.406619 0.032986 0.035461
0 0.158854 0.367612 0.031250 0.035461
0 0.157986 0.329787 0.029514 0.028369
0 0.158854 0.294326 0.034722 0.035461
0 0.157986 0.257683 0.031250 0.037825
0 0.158854 0.219858 0.034722 0.033097
0 0.158854 0.190307 0.029514 0.028369
0 0.161458 0.148936 0.034722 0.044917
0 0.205729 0.956265 0.036458 0.028369
0 0.203993 0.920804 0.026042 0.033097
0 0.205729 0.884161 0.031250 0.037825
0 0.205729 0.846336 0.031250 0.035461
0 0.203993 0.809693 0.026042 0.033097
0 0.204861 0.776596 0.032986 0.033097
0 0.203993 0.743499 0.027778 0.030733
0 0.204861 0.712766 0.022569 0.028369
0 0.205729 0.683215 0.027778 0.030733
0 0.205729 0.647754 0.024306 0.035461
0 0.203993 0.612293 0.024306 0.026005
0 0.206597 0.582742 0.027778 0.030733
0 0.205729 0.547281 0.024306 0.033097
0 0.207465 0.514184 0.029514 0.033097
0 0.209201 0.477541 0.027778 0.037825
0 0.207465 0.438534 0.027778 0.037825
0 0.208333 0.401891 0.032986 0.033097
0 0.209201 0.365248 0.032986 0.035461
0 0.209201 0.328605 0.032986 0.026005
0 0.210069 0.295508 0.032986 0.035461
0 0.210938 0.255319 0.032986 0.042553
0 0.210069 0.221040 0.032986 0.028369
0 0.209201 0.186761 0.031250 0.035461
0 0.208333 0.147754 0.031250 0.040189
0 0.250868 0.959811 0.027778 0.035461
0 0.251736 0.924350 0.029514 0.030733
0 0.253472 0.893617 0.031250 0.026005
0 0.254340 0.855792 0.026042 0.040189
0 0.254340 0.817967 0.027778 0.033097
0 0.253472 0.781324 0.027778 0.035461
0 0.253472 0.745863 0.026042 0.030733
0 0.255208 0.712766 0.024306 0.028369
0 0.254340 0.684397 0.026042 0.030733
0 0.254340 0.651300 0.027778 0.030733
0 0.254340 0.617021 0.031250 0.030733
0 0.255208 0.581560 0.026042 0.037825
0 0.255208 0.541371 0.031250 0.040189
0 0.255208 0.501182 0.029514 0.037825
0 0.256076 0.464539 0.027778 0.033097
0 0.256944 0.429078 0.020833 0.030733
0 0.256944 0.398345 0.024306 0.033097
0 0.256944 0.360520 0.027778 0.040189
0 0.257812 0.329787 0.024306 0.023641
0 0.258681 0.299054 0.022569 0.037825
0 0.258681 0.268322 0.022569 0.023641
0 0.258681 0.237589 0.027778 0.033097
0 0.258681 0.204492 0.024306 0.030733
0 0.256944 0.172577 0.031250 0.030733
0 0.255208 0.141844 0.026042 0.030733
67 0.299479 0.956265 0.026042 0.028369
67 0.297743 0.926714 0.024306 0.028369
165 0.299479 0.887707 0.026042 0.037825
91 0.300347 0.854610 0.031250 0.028369
442 0.301215 0.822695 0.029514 0.033097
43 0.301215 0.788416 0.027778 0.033097
281 0.301215 0.757683 0.029514 0.028369
726 0.300347 0.729314 0.026042 0.028369
157 0.302951 0.696217 0.034722 0.033097
38 0.302083 0.661939 0.031250 0.028369
37 0.301215 0.628842 0.031250 0.037825
130 0.302951 0.591017 0.027778 0.030733
315 0.300347 0.557920 0.029514 0.030733
217 0.302951 0.523641 0.029514 0.035461
267 0.302083 0.481087 0.027778 0.040189
497 0.303819 0.438534 0.029514 0.033097
254 0.304688 0.412530 0.026042 0.026005
38 0.304688 0.381797 0.026042 0.026005
37 0.304688 0.349882 0.026042 0.035461
297 0.305556 0.309693 0.027778 0.037825
1655 0.305556 0.274232 0.029514 0.033097
78 0.304688 0.239953 0.026042 0.033097
77 0.306424 0.210402 0.027778 0.023641
1563 0.305556 0.182033 0.029514 0.033097
1562 0.305556 0.145390 0.027778 0.040189
316 0.349826 0.912530 0.027778 0.028369
133 0.348958 0.879433 0.029514 0.035461
1082 0.348958 0.840426 0.027778 0.035461
67 0.348090 0.801418 0.032986 0.037825
133 0.349826 0.768322 0.031250 0.026005
165 0.349826 0.736407 0.031250 0.035461
91 0.347222 0.699764 0.032986 0.030733
442 0.349826 0.667849 0.031250 0.028369
163 0.350694 0.635934 0.027778 0.028369
463 0.352431 0.601655 0.027778 0.035461
315 0.352431 0.565012 0.031250 0.037825
338 0.354167 0.523641 0.029514 0.035461
77 0.354167 0.486998 0.029514 0.030733
67 0.353299 0.458629 0.027778 0.028369
489 0.353299 0.419622 0.027778 0.044917
178 0.352431 0.377069 0.024306 0.037825
150 0.354167 0.341608 0.026042 0.033097
653 0.352431 0.306147 0.031250 0.035461
1654 0.354167 0.267139 0.026042 0.033097
597 0.353299 0.234043 0.031250 0.028369
539 0.351562 0.203310 0.026042 0.030733
1346 0.352431 0.174941 0.022569 0.026005
889 0.350694 0.145390 0.024306 0.028369
827 0.396701 0.944444 0.026042 0.030733
68 0.395833 0.912530 0.024306 0.030733
59 0.397569 0.879433 0.029514 0.030733
165 0.394965 0.843972 0.029514 0.035461
91 0.395833 0.803783 0.026042 0.040189
442 0.394965 0.764775 0.027778 0.035461
163 0.394097 0.730496 0.024306 0.030733
1504 0.395833 0.693853 0.024306 0.037825
1653 0.395833 0.657210 0.026042 0.035461
15 0.396701 0.619385 0.022569 0.037825
367 0.396701 0.581560 0.029514 0.035461
157 0.397569 0.543735 0.027778 0.033097
38 0.398438 0.507092 0.027778 0.037825
37 0.398438 0.472813 0.026042 0.033097
297 0.397569 0.438534 0.027778 0.033097
1041 0.398438 0.403073 0.027778 0.035461
130 0.399306 0.368794 0.020833 0.033097
889 0.399306 0.335697 0.024306 0.033097
167 0.400174 0.303783 0.026042 0.030733
157 0.399306 0.269504 0.026042 0.033097
38 0.397569 0.237589 0.027778 0.030733
37 0.396701 0.205674 0.024306 0.028369
21 0.396701 0.177305 0.020833 0.026005
129 0.395833 0.148936 0.022569 0.028369
100 0.437500 0.932624 0.020833 0.026005
100 0.436632 0.905437 0.022569 0.026005
100 0.438368 0.871158 0.020833 0.035461
100 0.436632 0.839243 0.020833 0.028369
100 0.437500 0.807329 0.020833 0.030733
1652 0.437500 0.775414 0.020833 0.030733
1651 0.438368 0.747045 0.022569 0.026005
430 0.438368 0.716312 0.022569 0.030733
153 0.438368 0.684397 0.022569 0.030733
449 0.436632 0.652482 0.022569 0.030733
23 0.437500 0.614657 0.020833 0.035461
166 0.438368 0.579196 0.020833 0.030733
133 0.437500 0.547281 0.026042 0.030733
1489 0.435764 0.516548 0.020833 0.028369
755 0.435764 0.488180 0.017361 0.023641
43 0.436632 0.462175 0.022569 0.028369
478 0.438368 0.432624 0.020833 0.026005
1614 0.440104 0.401891 0.020833 0.033097
91 0.439236 0.368794 0.026042 0.033097
442 0.437500 0.332151 0.026042 0.040189
68 0.437500 0.294326 0.024306 0.030733
133 0.436632 0.260047 0.024306 0.033097
163 0.436632 0.228132 0.022569 0.026005
368 0.435764 0.199764 0.020833 0.028369
430 0.437500 0.164303 0.026042 0.040189
597 0.473090 0.887707 0.019097 0.021277
130 0.473090 0.864066 0.019097 0.026005
889 0.472222 0.830969 0.022569 0.035461
167 0.473090 0.794326 0.019097 0.030733
360 0.472222 0.762411 0.020833 0.033097
457 0.472222 0.725768 0.019097 0.030733
83 0.472222 0.697400 0.017361 0.023641
144 0.472222 0.664303 0.019097 0.033097
143 0.471354 0.630024 0.019097 0.028369
23 0.470486 0.595745 0.019097 0.028369
66 0.470486 0.562648 0.017361 0.023641
166 0.469618 0.531915 0.015625 0.023641
45 0.470486 0.427896 0.017361 0.026005
15 0.468750 0.397163 0.013889 0.023641
1489 0.468750 0.365248 0.015625 0.026005
755 0.467882 0.330969 0.015625 0.028369
221 0.467014 0.300236 0.015625 0.023641
153 0.539062 0.865248 0.022569 0.030733
602 0.539062 0.829787 0.022569 0.035461
1649 0.539062 0.794326 0.022569 0.033097
449 0.538194 0.758865 0.022569 0.033097
21 0.537326 0.725768 0.020833 0.030733
1648 0.534722 0.691489 0.022569 0.035461
401 0.532986 0.656028 0.020833 0.030733
178 0.531250 0.625296 0.022569 0.030733
1541 0.530382 0.592199 0.022569 0.030733
38 0.527778 0.557920 0.022569 0.030733
37 0.528646 0.527187 0.020833 0.028369
88 0.527778 0.497636 0.020833 0.028369
82 0.526910 0.466903 0.022569 0.026005
393 0.526042 0.446809 0.019097 0.026005
1650 0.525174 0.410165 0.020833 0.033097
91 0.525174 0.377069 0.020833 0.030733
442 0.524306 0.343972 0.020833 0.033097
163 0.520833 0.310875 0.022569 0.030733
611 0.519965 0.280142 0.020833 0.023641
222 0.519965 0.252955 0.015625 0.023641
157 0.574653 0.812057 0.024306 0.035461
38 0.573785 0.780142 0.024306 0.028369
37 0.572049 0.745863 0.026042 0.035461
130 0.570312 0.710402 0.022569 0.030733
889 0.570312 0.678487 0.020833 0.028369
267 0.568576 0.645390 0.020833 0.033097
165 0.566840 0.606383 0.022569 0.035461
258 0.565104 0.575650 0.022569 0.028369
620 0.565972 0.540189 0.024306 0.035461
142 0.564236 0.504728 0.022569 0.037825
129 0.563368 0.468085 0.022569 0.028369
334 0.563368 0.436170 0.020833 0.028369
1082 0.562500 0.403073 0.020833 0.035461
67 0.560764 0.367612 0.024306 0.037825
1637 0.559028 0.327423 0.024306 0.042553
91 0.557292 0.290780 0.020833 0.028369
442 0.555556 0.255319 0.020833 0.030733
0 0.614583 0.810875 0.022569 0.037825
0 0.614583 0.771868 0.024306 0.033097
0 0.612847 0.738771 0.020833 0.030733
0 0.610243 0.705674 0.026042 0.030733
0 0.608507 0.672577 0.024306 0.028369
0 0.607639 0.640662 0.026042 0.030733
0 0.606771 0.599291 0.022569 0.035461
0 0.605903 0.561466 0.024306 0.033097
0 0.605903 0.527187 0.024306 0.033097
0 0.605035 0.495272 0.026042 0.030733
0 0.603299 0.460993 0.024306 0.028369
0 0.601562 0.424350 0.022569 0.037825
0 0.599826 0.382979 0.024306 0.035461
0 0.597222 0.347518 0.024306 0.028369
0 0.597222 0.313239 0.024306 0.035461
0 0.596354 0.278960 0.022569 0.028369
0 0.598090 0.247045 0.022569 0.030733
0 0.597222 0.215130 0.026042 0.033097
0 0.655382 0.751773 0.024306 0.030733
0 0.654514 0.717494 0.020833 0.030733
0 0.652778 0.678487 0.024306 0.037825
0 0.649306 0.639480 0.027778 0.035461
0 0.650174 0.606383 0.029514 0.023641
0 0.649306 0.576832 0.026042 0.030733
0 0.647569 0.543735 0.024306 0.033097
0 0.646701 0.507092 0.024306 0.035461
0 0.644965 0.472813 0.020833 0.030733
0 0.643229 0.438534 0.026042 0.035461
0 0.642361 0.399527 0.027778 0.042553
0 0.640625 0.362884 0.029514 0.028369
0 0.638889 0.333333 0.022569 0.028369
0 0.638889 0.306147 0.024306 0.026005
0 0.637153 0.278960 0.020833 0.028369
157 0.700521 0.737589 0.026042 0.035461
38 0.698785 0.699764 0.029514 0.035461
37 0.697049 0.661939 0.031250 0.035461
21 0.696181 0.625296 0.032986 0.035461
587 0.692708 0.591017 0.029514 0.033097
421 0.690972 0.553191 0.031250 0.037825
83 0.690972 0.511820 0.026042 0.037825
586 0.690972 0.476359 0.026042 0.028369
0 0.688368 0.444444 0.026042 0.030733
0 0.688368 0.412530 0.022569 0.033097
0 0.688368 0.375887 0.027778 0.033097
0 0.686632 0.341608 0.027778 0.035461
0 0.686632 0.309693 0.029514 0.026005
0 0.684028 0.281324 0.026042 0.030733
126 0.746528 0.814421 0.024306 0.035461
126 0.747396 0.780142 0.022569 0.026005
126 0.746528 0.749409 0.029514 0.030733
126 0.744792 0.715130 0.027778 0.030733
126 0.742188 0.680851 0.026042 0.026005
126 0.741319 0.650118 0.032986 0.028369
126 0.741319 0.618203 0.029514 0.030733
126 0.740451 0.580378 0.027778 0.040189
126 0.739583 0.537825 0.027778 0.040189
372 0.739583 0.498818 0.029514 0.030733
68 0.738715 0.469267 0.026042 0.023641
158 0.736979 0.442080 0.029514 0.028369
505 0.736111 0.407801 0.031250 0.035461
83 0.732639 0.373522 0.024306 0.028369
129 0.731771 0.339243 0.029514 0.037825
68 0.732639 0.307329 0.026042 0.023641
1647 0.731771 0.277778 0.026042 0.028369
100 0.728299 0.245863 0.029514 0.030733
1646 0.728299 0.187943 0.026042 0.023641
37 0.796875 0.825059 0.026042 0.033097
414 0.795139 0.787234 0.029514 0.035461
230 0.795139 0.754137 0.026042 0.023641
260 0.792535 0.732861 0.024306 0.023641
133 0.790799 0.702128 0.026042 0.033097
464 0.790799 0.672577 0.026042 0.021277
163 0.788194 0.645390 0.027778 0.030733
713 0.788194 0.614657 0.024306 0.030733
199 0.789931 0.586288 0.026042 0.021277
91 0.788194 0.560284 0.031250 0.033097
469 0.786458 0.523641 0.031250 0.033097
178 0.785590 0.486998 0.024306 0.033097
157 0.784722 0.451537 0.026042 0.030733
38 0.784722 0.416076 0.026042 0.035461
37 0.782118 0.381797 0.026042 0.028369
1645 0.779514 0.347518 0.027778 0.037825
221 0.778646 0.312057 0.029514 0.033097
802 0.840278 0.776596 0.026042 0.033097
640 0.839410 0.742317 0.022569 0.033097
78 0.838542 0.704492 0.029514 0.035461
105 0.837674 0.671395 0.024306 0.030733
68 0.834201 0.640662 0.020833 0.028369
67 0.835938 0.613475 0.024306 0.030733
133 0.836806 0.585106 0.027778 0.026005
464 0.835069 0.553191 0.027778 0.035461
585 0.831597 0.517730 0.026042 0.028369
479 0.831597 0.489362 0.027778 0.021277
1644 0.828993 0.460993 0.029514 0.030733
91 0.828993 0.427896 0.022569 0.030733
442 0.828125 0.394799 0.026042 0.030733
64 0.827257 0.359338 0.026042 0.033097
464 0.826389 0.328605 0.022569 0.021277
785 0.826389 0.301418 0.027778 0.028369
889 0.824653 0.274232 0.026042 0.021277
1643 0.825521 0.244681 0.026042 0.030733
1642 0.823785 0.213948 0.027778 0.030733
64 0.885417 0.821513 0.020833 0.026005
66 0.883681 0.793144 0.022569 0.028369
1038 0.881944 0.757683 0.024306 0.033097
827 0.880208 0.722222 0.026042 0.035461
142 0.880208 0.684397 0.026042 0.033097
464 0.878472 0.643026 0.029514 0.044917
163 0.876736 0.599291 0.024306 0.035461
758 0.878472 0.568558 0.024306 0.021277
106 0.876736 0.536643 0.022569 0.035461
100 0.876736 0.500000 0.026042 0.028369
564 0.876736 0.473995 0.026042 0.021277
38 0.874132 0.445626 0.027778 0.030733
37 0.873264 0.416076 0.024306 0.028369
88 0.872396 0.385343 0.022569 0.030733
45 0.871528 0.356974 0.022569 0.023641
294 0.871528 0.329787 0.024306 0.026005
136 0.871528 0.296690 0.027778 0.035461
470 0.868056 0.258865 0.027778 0.033097
230 0.868924 0.223404 0.026042 0.030733
100 0.867188 0.186761 0.024306 0.035461
