573 0.108507 0.898345 0.024306 0.028369
573 0.109375 0.874704 0.026042 0.026005
573 0.109375 0.847518 0.024306 0.028369
197 0.108507 0.814421 0.024306 0.033097
157 0.109375 0.780142 0.022569 0.033097
356 0.110243 0.749409 0.026042 0.028369
463 0.110243 0.718676 0.026042 0.033097
343 0.110243 0.683215 0.026042 0.035461
34 0.110243 0.643026 0.027778 0.040189
280 0.109375 0.606383 0.026042 0.030733
180 0.110243 0.568558 0.029514 0.037825
179 0.108507 0.531915 0.027778 0.028369
13 0.109375 0.498818 0.031250 0.033097
108 0.108507 0.463357 0.027778 0.035461
211 0.108507 0.426714 0.024306 0.035461
210 0.109375 0.390071 0.026042 0.035461
212 0.109375 0.354610 0.026042 0.033097
69 0.110243 0.317967 0.024306 0.035461
201 0.111111 0.284870 0.024306 0.028369
13 0.109375 0.255319 0.027778 0.026005
19 0.110243 0.226950 0.029514 0.030733
123 0.110243 0.196217 0.029514 0.026005
127 0.111111 0.164303 0.027778 0.035461
29 0.113715 0.128842 0.024306 0.033097
28 0.113715 0.093381 0.026042 0.035461
50 0.151910 0.895981 0.024306 0.030733
50 0.151910 0.866430 0.029514 0.028369
50 0.152778 0.836879 0.022569 0.028369
49 0.153646 0.806147 0.027778 0.026005
305 0.153646 0.775414 0.022569 0.028369
65 0.153646 0.744681 0.027778 0.028369
64 0.155382 0.715130 0.027778 0.028369
226 0.155382 0.685579 0.024306 0.026005
253 0.154514 0.654846 0.026042 0.028369
224 0.154514 0.625296 0.027778 0.026005
54 0.154514 0.591017 0.027778 0.037825
156 0.155382 0.553191 0.031250 0.033097
143 0.154514 0.516548 0.026042 0.030733
64 0.153646 0.490544 0.027778 0.030733
312 0.154514 0.455083 0.029514 0.040189
0 0.155382 0.420804 0.027778 0.028369
34 0.157118 0.388889 0.031250 0.030733
3 0.157118 0.358156 0.032986 0.026005
13 0.157986 0.325059 0.031250 0.037825
960 0.157118 0.284870 0.029514 0.035461
338 0.157118 0.244681 0.027778 0.037825
959 0.157118 0.210402 0.027778 0.026005
338 0.157986 0.183215 0.029514 0.028369
15 0.156250 0.151300 0.026042 0.030733
13 0.158854 0.119385 0.027778 0.033097
348 0.160590 0.087470 0.027778 0.028369
15 0.197917 0.895981 0.026042 0.033097
21 0.197049 0.862884 0.027778 0.026005
20 0.198785 0.829787 0.029514 0.035461
135 0.198785 0.793144 0.031250 0.037825
728 0.198785 0.761229 0.026042 0.033097
83 0.199653 0.724586 0.026042 0.033097
36 0.199653 0.691489 0.029514 0.033097
83 0.198785 0.657210 0.026042 0.030733
33 0.201389 0.624113 0.029514 0.030733
130 0.201389 0.592199 0.032986 0.030733
129 0.201389 0.561466 0.031250 0.028369
20 0.202257 0.528369 0.029514 0.030733
531 0.202257 0.491726 0.027778 0.037825
69 0.203125 0.452719 0.031250 0.030733
121 0.203125 0.414894 0.031250 0.040189
70 0.202257 0.372340 0.032986 0.037825
75 0.203993 0.335697 0.031250 0.033097
158 0.203125 0.303783 0.026042 0.030733
230 0.203993 0.273050 0.027778 0.028369
63 0.203993 0.212766 0.027778 0.028369
129 0.203993 0.184397 0.024306 0.026005
52 0.206597 0.150118 0.031250 0.035461
141 0.203993 0.115839 0.027778 0.030733
46 0.203125 0.083924 0.027778 0.028369
75 0.243056 0.887707 0.031250 0.042553
158 0.243924 0.846336 0.031250 0.040189
70 0.243056 0.802600 0.026042 0.037825
146 0.243056 0.762411 0.032986 0.037825
13 0.244792 0.725768 0.024306 0.033097
22 0.245660 0.692671 0.029514 0.030733
350 0.246528 0.654846 0.027778 0.035461
156 0.248264 0.620567 0.026042 0.028369
143 0.248264 0.589835 0.029514 0.028369
155 0.248264 0.554374 0.029514 0.040189
64 0.248264 0.516548 0.027778 0.030733
197 0.248264 0.483452 0.027778 0.033097
460 0.248264 0.443262 0.031250 0.040189
958 0.249132 0.404255 0.027778 0.035461
75 0.250000 0.364066 0.029514 0.037825
158 0.249132 0.328605 0.026042 0.033097
34 0.250868 0.295508 0.024306 0.026005
2 0.250868 0.269504 0.029514 0.030733
133 0.251736 0.234043 0.029514 0.035461
51 0.252604 0.198582 0.031250 0.033097
9 0.252604 0.163121 0.024306 0.030733
26 0.253472 0.125296 0.029514 0.035461
62 0.252604 0.088652 0.031250 0.035461
343 0.289062 0.893617 0.020833 0.026005
127 0.289931 0.866430 0.024306 0.026005
29 0.291667 0.830969 0.026042 0.040189
28 0.290799 0.791962 0.024306 0.035461
132 0.291667 0.752955 0.027778 0.035461
254 0.292535 0.718676 0.031250 0.030733
33 0.292535 0.685579 0.031250 0.033097
70 0.291667 0.648936 0.027778 0.035461
75 0.291667 0.613475 0.029514 0.033097
158 0.291667 0.581560 0.024306 0.030733
145 0.293403 0.550827 0.026042 0.026005
144 0.292535 0.522459 0.026042 0.030733
71 0.293403 0.483452 0.027778 0.037825
26 0.290799 0.445626 0.027778 0.033097
111 0.293403 0.407801 0.026042 0.040189
136 0.296007 0.368794 0.032986 0.040189
135 0.296875 0.329787 0.029514 0.035461
187 0.297743 0.295508 0.032986 0.030733
186 0.298611 0.261229 0.029514 0.033097
230 0.299479 0.228132 0.026042 0.033097
26 0.298611 0.190307 0.027778 0.033097
64 0.298611 0.156028 0.024306 0.030733
34 0.298611 0.122931 0.022569 0.028369
203 0.297743 0.088652 0.027778 0.033097
633 0.337674 0.892435 0.024306 0.028369
633 0.335938 0.860520 0.026042 0.030733
633 0.335938 0.829787 0.029514 0.030733
957 0.334201 0.796690 0.024306 0.030733
83 0.336806 0.765957 0.024306 0.028369
26 0.335938 0.736407 0.022569 0.030733
121 0.336806 0.706856 0.024306 0.026005
22 0.336806 0.676123 0.027778 0.030733
350 0.338542 0.648936 0.024306 0.023641
33 0.339410 0.618203 0.029514 0.040189
22 0.339410 0.581560 0.027778 0.030733
350 0.340278 0.546099 0.026042 0.035461
538 0.339410 0.505910 0.029514 0.040189
729 0.340278 0.472813 0.024306 0.028369
408 0.342014 0.437352 0.027778 0.035461
83 0.339410 0.401891 0.024306 0.033097
26 0.342014 0.368794 0.026042 0.030733
54 0.341146 0.334515 0.026042 0.035461
121 0.342014 0.299054 0.026042 0.035461
107 0.341146 0.264775 0.026042 0.033097
26 0.342014 0.232861 0.027778 0.030733
133 0.341146 0.203310 0.022569 0.028369
634 0.343750 0.174941 0.022569 0.028369
633 0.342882 0.150118 0.022569 0.023641
420 0.343750 0.122931 0.026042 0.028369
228 0.343750 0.092199 0.024306 0.028369
128 0.380208 0.885343 0.022569 0.021277
26 0.381076 0.858156 0.026042 0.030733
230 0.379340 0.826241 0.027778 0.028369
571 0.380208 0.793144 0.026042 0.033097
83 0.379340 0.754137 0.027778 0.037825
956 0.380208 0.719858 0.024306 0.028369
83 0.381944 0.686761 0.027778 0.033097
33 0.380208 0.651300 0.026042 0.033097
75 0.381944 0.618203 0.022569 0.026005
157 0.383681 0.589835 0.022569 0.026005
69 0.382812 0.567376 0.026042 0.026005
121 0.381944 0.537825 0.027778 0.030733
176 0.383681 0.500000 0.022569 0.040189
64 0.382812 0.464539 0.024306 0.028369
136 0.382812 0.429078 0.026042 0.033097
774 0.383681 0.392435 0.029514 0.030733
109 0.382812 0.356974 0.022569 0.037825
26 0.383681 0.319149 0.026042 0.037825
229 0.382812 0.286052 0.026042 0.026005
98 0.381944 0.255319 0.022569 0.030733
68 0.384549 0.223404 0.027778 0.028369
591 0.384549 0.190307 0.027778 0.028369
109 0.385417 0.160757 0.027778 0.028369
26 0.385417 0.128842 0.026042 0.033097
135 0.385417 0.095745 0.026042 0.030733
35 0.417535 0.878251 0.019097 0.023641
35 0.419271 0.852246 0.020833 0.026005
35 0.419271 0.823877 0.019097 0.028369
204 0.419271 0.791962 0.020833 0.033097
55 0.419271 0.760047 0.024306 0.033097
102 0.418403 0.725768 0.026042 0.030733
278 0.418403 0.697400 0.020833 0.026005
156 0.418403 0.667849 0.024306 0.028369
143 0.417535 0.638298 0.020833 0.028369
462 0.419271 0.612293 0.020833 0.026005
622 0.419271 0.585106 0.019097 0.026005
430 0.419271 0.550827 0.022569 0.040189
56 0.419271 0.514184 0.022569 0.033097
955 0.421007 0.481087 0.022569 0.026005
55 0.420139 0.451537 0.022569 0.028369
180 0.420139 0.419622 0.024306 0.028369
179 0.421007 0.385343 0.022569 0.035461
444 0.419271 0.353428 0.022569 0.028369
98 0.419271 0.321513 0.022569 0.030733
435 0.419271 0.287234 0.024306 0.035461
56 0.419271 0.248227 0.020833 0.030733
954 0.419271 0.218676 0.020833 0.028369
133 0.421875 0.189125 0.020833 0.026005
26 0.421007 0.159574 0.022569 0.028369
229 0.421007 0.131206 0.019097 0.028369
98 0.421875 0.104019 0.017361 0.023641
33 0.456597 0.872340 0.022569 0.028369
56 0.456597 0.846336 0.019097 0.023641
167 0.454861 0.813239 0.022569 0.040189
26 0.454861 0.777778 0.020833 0.030733
133 0.454861 0.747045 0.020833 0.026005
35 0.454861 0.719858 0.020833 0.023641
144 0.455729 0.693853 0.020833 0.023641
35 0.455729 0.665485 0.019097 0.028369
28 0.455729 0.633570 0.017361 0.030733
67 0.454861 0.600473 0.017361 0.026005
196 0.454861 0.570922 0.017361 0.026005
40 0.453993 0.542553 0.019097 0.026005
204 0.454861 0.515366 0.017361 0.023641
26 0.453993 0.488180 0.017361 0.028369
54 0.453993 0.459811 0.015625 0.026005
43 0.453993 0.434988 0.015625 0.023641
133 0.453993 0.410165 0.015625 0.026005
468 0.453993 0.377069 0.017361 0.030733
75 0.453125 0.339243 0.015625 0.030733
158 0.453125 0.306147 0.017361 0.023641
24 0.452257 0.278960 0.017361 0.028369
23 0.452257 0.250591 0.019097 0.023641
28 0.452257 0.223404 0.017361 0.023641
55 0.689236 0.736407 0.026042 0.028369
107 0.688368 0.706856 0.027778 0.028369
953 0.684896 0.674941 0.031250 0.030733
55 0.685764 0.635934 0.026042 0.037825
217 0.682292 0.594563 0.029514 0.040189
350 0.681424 0.553191 0.029514 0.035461
15 0.678819 0.517730 0.031250 0.030733
33 0.676215 0.482270 0.032986 0.035461
156 0.671875 0.445626 0.026042 0.033097
143 0.671007 0.413712 0.026042 0.026005
