4 0.193576 0.908983 0.024306 0.033097
64 0.192708 0.878251 0.022569 0.026005
87 0.191840 0.843972 0.027778 0.040189
280 0.192708 0.803783 0.027778 0.037825
728 0.194444 0.765957 0.027778 0.033097
107 0.195312 0.724586 0.034722 0.047281
810 0.197917 0.685579 0.027778 0.030733
157 0.198785 0.654846 0.027778 0.023641
356 0.197917 0.633570 0.026042 0.026005
280 0.199653 0.600473 0.029514 0.035461
728 0.198785 0.563830 0.032986 0.033097
15 0.200521 0.533097 0.032986 0.028369
107 0.200521 0.498818 0.034722 0.035461
157 0.201389 0.464539 0.027778 0.028369
108 0.203125 0.434988 0.031250 0.021277
117 0.202257 0.411348 0.031250 0.033097
280 0.203125 0.375887 0.029514 0.035461
728 0.202257 0.336879 0.034722 0.035461
348 0.203993 0.306147 0.026042 0.026005
15 0.203125 0.287234 0.026042 0.028369
728 0.203993 0.255319 0.026042 0.035461
133 0.204861 0.216312 0.029514 0.033097
640 0.204861 0.183215 0.026042 0.026005
348 0.206597 0.154846 0.029514 0.030733
139 0.207465 0.102837 0.029514 0.037825
246 0.246528 0.917258 0.026042 0.026005
246 0.246528 0.898345 0.026042 0.026005
246 0.246528 0.867612 0.026042 0.035461
246 0.246528 0.828605 0.034722 0.033097
245 0.247396 0.795508 0.031250 0.033097
659 0.248264 0.763593 0.027778 0.023641
3 0.249132 0.735225 0.031250 0.030733
217 0.248264 0.699764 0.031250 0.033097
468 0.248264 0.669031 0.031250 0.026005
75 0.247396 0.638298 0.031250 0.033097
158 0.250000 0.600473 0.032986 0.033097
161 0.248264 0.567376 0.029514 0.028369
135 0.249132 0.531915 0.029514 0.035461
196 0.250000 0.495272 0.027778 0.030733
268 0.251736 0.460993 0.029514 0.035461
728 0.250868 0.426714 0.024306 0.030733
69 0.251736 0.390071 0.027778 0.033097
249 0.251736 0.356974 0.029514 0.030733
15 0.251736 0.322695 0.027778 0.035461
271 0.252604 0.286052 0.027778 0.028369
665 0.253472 0.256501 0.029514 0.026005
124 0.251736 0.229314 0.026042 0.026005
64 0.251736 0.204492 0.026042 0.026005
19 0.252604 0.179669 0.024306 0.026005
29 0.254340 0.143026 0.029514 0.040189
28 0.253472 0.100473 0.026042 0.035461
75 0.296007 0.913712 0.031250 0.037825
75 0.295139 0.877069 0.024306 0.030733
75 0.294271 0.849882 0.024306 0.021277
75 0.295139 0.822695 0.026042 0.023641
75 0.295139 0.794326 0.026042 0.033097
75 0.294271 0.757683 0.032986 0.033097
75 0.295139 0.718676 0.027778 0.037825
157 0.295139 0.685579 0.031250 0.026005
246 0.294271 0.656028 0.029514 0.028369
348 0.294271 0.621749 0.029514 0.040189
33 0.296875 0.580378 0.027778 0.035461
468 0.296007 0.542553 0.031250 0.033097
75 0.297743 0.505910 0.034722 0.030733
158 0.298611 0.469267 0.027778 0.040189
13 0.299479 0.431442 0.031250 0.030733
688 0.300347 0.397163 0.031250 0.033097
83 0.299479 0.364066 0.029514 0.030733
809 0.300347 0.332151 0.027778 0.026005
808 0.300347 0.300236 0.024306 0.033097
75 0.300347 0.265957 0.029514 0.035461
158 0.300347 0.228132 0.026042 0.030733
163 0.301215 0.197400 0.027778 0.030733
174 0.302083 0.163121 0.022569 0.033097
481 0.301215 0.131206 0.026042 0.028369
480 0.302951 0.101655 0.024306 0.028369
29 0.342882 0.912530 0.029514 0.035461
28 0.343750 0.874704 0.034722 0.033097
277 0.342882 0.838061 0.029514 0.033097
188 0.342014 0.803783 0.029514 0.028369
68 0.342882 0.769504 0.034722 0.033097
444 0.342014 0.732861 0.029514 0.035461
430 0.342882 0.693853 0.027778 0.035461
87 0.344618 0.659574 0.029514 0.033097
0 0.343750 0.625296 0.029514 0.035461
102 0.343750 0.586288 0.027778 0.035461
278 0.344618 0.548463 0.024306 0.035461
65 0.346354 0.511820 0.031250 0.030733
807 0.347222 0.481087 0.029514 0.028369
806 0.345486 0.449173 0.027778 0.033097
56 0.346354 0.419622 0.027778 0.028369
63 0.347222 0.387707 0.031250 0.030733
32 0.348090 0.355792 0.034722 0.033097
31 0.346354 0.321513 0.024306 0.030733
805 0.347222 0.290780 0.020833 0.026005
56 0.348090 0.262411 0.027778 0.028369
136 0.348958 0.229314 0.031250 0.028369
798 0.348958 0.193853 0.031250 0.035461
797 0.348958 0.161939 0.031250 0.026005
0 0.348958 0.133570 0.027778 0.028369
641 0.348090 0.101655 0.036458 0.033097
804 0.389757 0.906619 0.027778 0.040189
804 0.389757 0.867612 0.026042 0.035461
804 0.390625 0.834515 0.029514 0.028369
202 0.389757 0.804965 0.026042 0.030733
135 0.391493 0.774232 0.026042 0.026005
63 0.391493 0.744681 0.029514 0.030733
204 0.392361 0.709220 0.031250 0.040189
55 0.392361 0.677305 0.027778 0.026005
130 0.393229 0.646572 0.029514 0.030733
129 0.393229 0.617021 0.029514 0.030733
20 0.393229 0.586288 0.026042 0.026005
201 0.391493 0.554374 0.026042 0.037825
109 0.394097 0.516548 0.024306 0.035461
795 0.394097 0.483452 0.027778 0.028369
75 0.395833 0.450355 0.027778 0.030733
158 0.395833 0.416076 0.029514 0.033097
268 0.394097 0.381797 0.024306 0.026005
728 0.394097 0.348700 0.026042 0.033097
69 0.395833 0.314421 0.031250 0.035461
0 0.395833 0.278960 0.027778 0.033097
2 0.396701 0.244681 0.031250 0.030733
192 0.396701 0.208038 0.029514 0.033097
22 0.398438 0.172577 0.029514 0.030733
163 0.398438 0.137116 0.026042 0.033097
197 0.398438 0.101655 0.031250 0.035461
92 0.439236 0.911348 0.022569 0.028369
92 0.438368 0.879433 0.022569 0.028369
92 0.438368 0.846336 0.020833 0.033097
56 0.437500 0.809693 0.026042 0.035461
133 0.436632 0.771868 0.024306 0.030733
70 0.437500 0.743499 0.024306 0.023641
161 0.439236 0.716312 0.024306 0.030733
0 0.439236 0.687943 0.024306 0.028369
104 0.439236 0.656028 0.024306 0.030733
163 0.438368 0.624113 0.022569 0.033097
803 0.439236 0.587470 0.022569 0.037825
75 0.440104 0.548463 0.024306 0.035461
136 0.440104 0.513002 0.026042 0.033097
802 0.439236 0.476359 0.026042 0.037825
801 0.440972 0.438534 0.020833 0.035461
800 0.440104 0.400709 0.022569 0.035461
135 0.440972 0.360520 0.024306 0.037825
85 0.440972 0.321513 0.026042 0.033097
799 0.440972 0.282506 0.022569 0.037825
142 0.440972 0.245863 0.024306 0.033097
136 0.441840 0.211584 0.022569 0.035461
657 0.441840 0.179669 0.020833 0.028369
202 0.440972 0.147754 0.024306 0.033097
135 0.441840 0.112293 0.024306 0.035461
64 0.513889 0.906619 0.026042 0.033097
20 0.513889 0.873522 0.024306 0.033097
15 0.512153 0.840426 0.020833 0.030733
166 0.511285 0.810875 0.019097 0.023641
165 0.511285 0.781324 0.026042 0.030733
136 0.510417 0.742317 0.026042 0.035461
68 0.512153 0.705674 0.026042 0.037825
798 0.512153 0.670213 0.022569 0.026005
797 0.513889 0.639480 0.024306 0.030733
0 0.510417 0.611111 0.020833 0.018913
641 0.510417 0.582742 0.026042 0.035461
348 0.507812 0.547281 0.024306 0.028369
166 0.508681 0.516548 0.020833 0.026005
165 0.509549 0.485816 0.024306 0.026005
400 0.508681 0.458629 0.020833 0.028369
168 0.508681 0.423168 0.022569 0.037825
139 0.508681 0.354610 0.024306 0.035461
171 0.506944 0.319149 0.024306 0.033097
170 0.506944 0.288416 0.020833 0.030733
75 0.506944 0.260047 0.020833 0.023641
4 0.506944 0.226950 0.020833 0.033097
163 0.506076 0.192671 0.022569 0.030733
174 0.507812 0.159574 0.027778 0.028369
177 0.506944 0.120567 0.022569 0.040189
92 0.549479 0.257683 0.027778 0.037825
2 0.549479 0.224586 0.031250 0.026005
133 0.548611 0.196217 0.031250 0.023641
10 0.548611 0.169031 0.026042 0.026005
9 0.547743 0.139480 0.031250 0.028369
62 0.546875 0.108747 0.026042 0.028369
127 0.652778 0.914894 0.026042 0.026005
127 0.651910 0.890071 0.026042 0.023641
127 0.652778 0.860520 0.027778 0.028369
127 0.652778 0.828605 0.026042 0.028369
127 0.652778 0.799054 0.027778 0.026005
127 0.651910 0.770686 0.022569 0.028369
127 0.651042 0.739953 0.020833 0.028369
127 0.650174 0.711584 0.022569 0.021277
127 0.651042 0.686761 0.026042 0.023641
127 0.649306 0.660757 0.024306 0.030733
29 0.649306 0.624113 0.024306 0.037825
28 0.648438 0.591017 0.024306 0.030733
796 0.647569 0.555556 0.024306 0.035461
153 0.646701 0.518913 0.031250 0.030733
160 0.646701 0.488180 0.024306 0.028369
159 0.645833 0.451537 0.026042 0.033097
795 0.644965 0.418440 0.029514 0.028369
75 0.643229 0.390071 0.022569 0.028369
158 0.643229 0.348700 0.031250 0.042553
6 0.643229 0.301418 0.029514 0.042553
3 0.644097 0.261229 0.019097 0.030733
2 0.644965 0.231678 0.020833 0.030733
1 0.643229 0.202128 0.029514 0.026005
19 0.702257 0.904255 0.022569 0.033097
29 0.701389 0.871158 0.024306 0.030733
28 0.700521 0.835697 0.024306 0.028369
132 0.699653 0.807329 0.027778 0.023641
27 0.697917 0.774232 0.029514 0.033097
52 0.698785 0.735225 0.027778 0.035461
182 0.698785 0.696217 0.027778 0.035461
140 0.698785 0.659574 0.029514 0.035461
17 0.697049 0.628842 0.026042 0.026005
16 0.695312 0.593381 0.029514 0.035461
405 0.696181 0.557920 0.031250 0.028369
15 0.696181 0.523641 0.026042 0.030733
22 0.694444 0.488180 0.027778 0.035461
161 0.692708 0.453901 0.026042 0.030733
75 0.691840 0.419622 0.022569 0.033097
75 0.690972 0.380615 0.031250 0.033097
75 0.690972 0.343972 0.026042 0.033097
75 0.690972 0.309693 0.024306 0.028369
75 0.690104 0.275414 0.026042 0.035461
75 0.689236 0.239953 0.031250 0.030733
75 0.689236 0.203310 0.026042 0.033097
75 0.686632 0.170213 0.029514 0.028369
786 0.687500 0.135934 0.034722 0.030733
85 0.686632 0.105201 0.031250 0.030733
64 0.750000 0.901891 0.031250 0.033097
75 0.750000 0.869976 0.027778 0.033097
786 0.748264 0.838061 0.027778 0.030733
85 0.747396 0.799054 0.031250 0.040189
786 0.746528 0.763593 0.027778 0.028369
176 0.746528 0.732861 0.031250 0.030733
65 0.744792 0.699764 0.029514 0.035461
26 0.744792 0.666667 0.026042 0.028369
165 0.744792 0.641844 0.022569 0.026005
64 0.743924 0.606383 0.026042 0.040189
794 0.743924 0.570922 0.029514 0.033097
793 0.741319 0.541371 0.027778 0.023641
152 0.740451 0.514184 0.026042 0.028369
83 0.742188 0.479905 0.024306 0.035461
524 0.740451 0.442080 0.026042 0.033097
4 0.740451 0.406619 0.022569 0.035461
54 0.739583 0.372340 0.024306 0.028369
112 0.737847 0.341608 0.027778 0.030733
556 0.736979 0.308511 0.024306 0.028369
83 0.736979 0.280142 0.020833 0.026005
33 0.736979 0.254137 0.026042 0.026005
121 0.736979 0.224586 0.029514 0.030733
65 0.734375 0.191489 0.024306 0.033097
26 0.736111 0.161939 0.026042 0.021277
165 0.736979 0.135934 0.027778 0.028369
64 0.734375 0.102837 0.029514 0.030733
15 0.782118 0.187943 0.029514 0.028369
251 0.779514 0.158392 0.022569 0.023641
133 0.778646 0.128842 0.029514 0.023641
302 0.778646 0.100473 0.029514 0.026005
89 0.838542 0.901891 0.027778 0.026005
572 0.837674 0.827423 0.024306 0.035461
176 0.836806 0.789598 0.027778 0.030733
83 0.835938 0.755319 0.026042 0.033097
56 0.836806 0.725768 0.027778 0.026005
88 0.835069 0.695035 0.026042 0.033097
83 0.835069 0.658392 0.026042 0.035461
792 0.835069 0.625296 0.022569 0.026005
83 0.835069 0.593381 0.031250 0.033097
69 0.835069 0.557920 0.027778 0.028369
142 0.834201 0.529551 0.027778 0.023641
14 0.833333 0.502364 0.029514 0.026005
249 0.831597 0.469267 0.026042 0.030733
104 0.833333 0.438534 0.024306 0.026005
13 0.833333 0.405437 0.026042 0.033097
6 0.832465 0.372340 0.027778 0.030733
201 0.833333 0.341608 0.027778 0.026005
405 0.830729 0.308511 0.020833 0.033097
98 0.829861 0.271868 0.031250 0.035461
53 0.828993 0.234043 0.026042 0.035461
121 0.828125 0.198582 0.024306 0.033097
0 0.825521 0.163121 0.026042 0.033097
419 0.826389 0.130024 0.027778 0.030733
92 0.824653 0.099291 0.024306 0.026005
405 0.879340 0.904255 0.024306 0.026005
405 0.878472 0.880615 0.022569 0.023641
405 0.878472 0.856974 0.024306 0.026005
69 0.877604 0.825059 0.027778 0.033097
77 0.878472 0.747045 0.029514 0.028369
124 0.878472 0.716312 0.026042 0.030733
75 0.879340 0.683215 0.026042 0.030733
4 0.877604 0.648936 0.027778 0.030733
211 0.877604 0.621749 0.029514 0.023641
210 0.878472 0.592199 0.027778 0.033097
69 0.877604 0.556738 0.026042 0.033097
544 0.878472 0.522459 0.027778 0.033097
65 0.878472 0.491726 0.031250 0.028369
64 0.878472 0.462175 0.026042 0.030733
277 0.877604 0.429078 0.026042 0.033097
109 0.877604 0.395981 0.029514 0.028369
117 0.877604 0.360520 0.027778 0.033097
538 0.875868 0.326241 0.026042 0.030733
7 0.876736 0.294326 0.027778 0.033097
83 0.875868 0.262411 0.027778 0.026005
33 0.875868 0.238771 0.024306 0.026005
648 0.875000 0.206856 0.024306 0.028369
378 0.875000 0.173759 0.026042 0.035461
82 0.874132 0.141844 0.024306 0.028369
90 0.873264 0.104019 0.027778 0.035461
