0 0.129340 0.910165 0.020833 0.023641
0 0.129340 0.880615 0.024306 0.033097
0 0.130208 0.847518 0.027778 0.033097
0 0.131076 0.810875 0.027778 0.040189
0 0.131076 0.763593 0.026042 0.040189
0 0.130208 0.726950 0.026042 0.028369
0 0.131944 0.697400 0.027778 0.030733
0 0.130208 0.664303 0.024306 0.030733
0 0.131944 0.631206 0.020833 0.030733
0 0.132812 0.601655 0.020833 0.028369
0 0.133681 0.567376 0.024306 0.035461
0 0.134549 0.535461 0.024306 0.026005
0 0.135417 0.502364 0.026042 0.033097
0 0.137153 0.465721 0.024306 0.037825
0 0.138889 0.427896 0.026042 0.035461
0 0.141493 0.393617 0.027778 0.030733
0 0.142361 0.354610 0.029514 0.040189
0 0.142361 0.317967 0.026042 0.030733
0 0.141493 0.280142 0.024306 0.040189
0 0.143229 0.228132 0.027778 0.030733
0 0.142361 0.189125 0.024306 0.044917
0 0.144097 0.143026 0.020833 0.037825
0 0.174479 0.910165 0.029514 0.026005
0 0.173611 0.878251 0.031250 0.033097
0 0.174479 0.845154 0.027778 0.030733
0 0.175347 0.809693 0.027778 0.040189
0 0.174479 0.767139 0.029514 0.037825
0 0.176215 0.734043 0.027778 0.026005
0 0.175347 0.704492 0.029514 0.030733
0 0.176215 0.672577 0.026042 0.028369
0 0.177951 0.643026 0.024306 0.028369
0 0.178819 0.614657 0.022569 0.028369
0 0.178819 0.581560 0.026042 0.033097
0 0.180556 0.548463 0.026042 0.028369
0 0.181424 0.513002 0.029514 0.035461
0 0.182292 0.477541 0.029514 0.033097
0 0.183160 0.444444 0.026042 0.028369
0 0.184028 0.410165 0.029514 0.037825
0 0.184896 0.372340 0.036458 0.033097
0 0.184028 0.336879 0.029514 0.030733
0 0.184896 0.301418 0.024306 0.035461
0 0.186632 0.264775 0.031250 0.040189
0 0.189236 0.221040 0.031250 0.040189
0 0.188368 0.184397 0.024306 0.030733
0 0.190104 0.152482 0.024306 0.028369
0 0.190104 0.124113 0.029514 0.028369
0 0.234375 0.288416 0.031250 0.040189
0 0.234375 0.244681 0.029514 0.035461
0 0.233507 0.209220 0.027778 0.030733
0 0.235243 0.177305 0.029514 0.028369
0 0.235243 0.146572 0.026042 0.028369
0 0.236111 0.114657 0.020833 0.028369
0 0.235243 0.087470 0.022569 0.026005
0 0.264757 0.912530 0.022569 0.023641
0 0.265625 0.858156 0.029514 0.030733
0 0.264757 0.822695 0.026042 0.037825
0 0.266493 0.783688 0.027778 0.033097
0 0.266493 0.744681 0.029514 0.040189
0 0.266493 0.708038 0.024306 0.030733
0 0.268229 0.670213 0.029514 0.037825
0 0.269965 0.639480 0.029514 0.026005
0 0.271701 0.606383 0.031250 0.033097
0 0.271701 0.569740 0.029514 0.035461
0 0.273438 0.535461 0.031250 0.023641
0 0.273438 0.508274 0.029514 0.028369
0 0.274306 0.473995 0.032986 0.033097
0 0.277778 0.434988 0.027778 0.037825
0 0.278646 0.392435 0.026042 0.042553
0 0.279514 0.351064 0.029514 0.037825
0 0.279514 0.312057 0.024306 0.035461
0 0.280382 0.273050 0.027778 0.037825
0 0.311632 0.873522 0.027778 0.033097
0 0.312500 0.841608 0.026042 0.030733
0 0.312500 0.804965 0.027778 0.030733
0 0.313368 0.770686 0.029514 0.037825
0 0.315972 0.735225 0.027778 0.030733
0 0.316840 0.702128 0.026042 0.035461
0 0.317708 0.669031 0.027778 0.028369
0 0.318576 0.635934 0.029514 0.037825
0 0.320312 0.596927 0.029514 0.035461
0 0.320312 0.565012 0.031250 0.033097
0 0.319444 0.526005 0.031250 0.040189
0 0.319444 0.490544 0.026042 0.030733
0 0.321181 0.457447 0.031250 0.030733
0 0.321181 0.425532 0.026042 0.030733
21 0.323785 0.395981 0.024306 0.030733
89 0.323785 0.365248 0.029514 0.028369
38 0.325521 0.330969 0.029514 0.035461
37 0.327257 0.291962 0.026042 0.033097
88 0.327257 0.260047 0.027778 0.028369
87 0.328125 0.230496 0.027778 0.026005
45 0.330729 0.202128 0.027778 0.028369
200 0.328993 0.169031 0.027778 0.030733
77 0.330729 0.095745 0.029514 0.035461
133 0.355035 0.906619 0.024306 0.028369
1549 0.355035 0.848700 0.027778 0.028369
1438 0.357639 0.784870 0.031250 0.033097
91 0.356771 0.744681 0.026042 0.033097
442 0.359375 0.711584 0.029514 0.033097
221 0.361111 0.676123 0.027778 0.037825
77 0.360243 0.643026 0.029514 0.028369
499 0.360243 0.612293 0.027778 0.028369
393 0.362847 0.581560 0.027778 0.028369
1530 0.362847 0.548463 0.031250 0.033097
91 0.362847 0.516548 0.026042 0.030733
808 0.365451 0.485816 0.026042 0.028369
253 0.365451 0.456265 0.022569 0.030733
133 0.365451 0.419622 0.024306 0.035461
1462 0.367188 0.381797 0.027778 0.037825
84 0.368056 0.345154 0.027778 0.030733
495 0.370660 0.304965 0.020833 0.042553
106 0.371528 0.262411 0.027778 0.037825
78 0.373264 0.222222 0.026042 0.035461
77 0.399306 0.861702 0.022569 0.042553
45 0.400174 0.819149 0.026042 0.030733
15 0.401042 0.786052 0.024306 0.030733
743 0.403646 0.754137 0.024306 0.030733
795 0.404514 0.721040 0.026042 0.033097
655 0.403646 0.685579 0.024306 0.035461
38 0.405382 0.651300 0.027778 0.028369
37 0.405382 0.619385 0.024306 0.030733
78 0.405382 0.588652 0.026042 0.030733
92 0.405382 0.555556 0.024306 0.030733
37 0.407118 0.526005 0.022569 0.026005
91 0.408854 0.494090 0.027778 0.035461
107 0.411458 0.460993 0.024306 0.030733
384 0.412326 0.429078 0.026042 0.030733
778 0.411458 0.394799 0.024306 0.037825
100 0.411458 0.353428 0.026042 0.042553
136 0.413194 0.315603 0.024306 0.030733
281 0.414062 0.282506 0.027778 0.040189
43 0.415799 0.239953 0.026042 0.040189
111 0.416667 0.203310 0.026042 0.030733
32 0.416667 0.170213 0.026042 0.033097
21 0.416667 0.140662 0.026042 0.028369
115 0.417535 0.106383 0.031250 0.037825
100 0.439236 0.895981 0.026042 0.030733
136 0.440104 0.865248 0.027778 0.028369
1548 0.441840 0.833333 0.022569 0.030733
91 0.441840 0.796690 0.022569 0.030733
442 0.444444 0.756501 0.022569 0.035461
1294 0.444444 0.722222 0.026042 0.033097
1293 0.445312 0.689125 0.020833 0.028369
564 0.445312 0.657210 0.024306 0.030733
92 0.446181 0.622931 0.026042 0.033097
37 0.445312 0.589835 0.020833 0.033097
31 0.447049 0.555556 0.024306 0.035461
163 0.447917 0.521277 0.026042 0.028369
101 0.447917 0.491726 0.022569 0.026005
10 0.448785 0.464539 0.022569 0.023641
202 0.448785 0.432624 0.024306 0.035461
233 0.450521 0.394799 0.022569 0.033097
233 0.451389 0.361702 0.024306 0.030733
77 0.451389 0.334515 0.022569 0.026005
92 0.452257 0.308511 0.020833 0.026005
37 0.453125 0.277778 0.022569 0.028369
237 0.453993 0.245863 0.024306 0.033097
236 0.454861 0.209220 0.024306 0.035461
78 0.453993 0.178487 0.024306 0.028369
127 0.453993 0.145390 0.027778 0.030733
44 0.453125 0.114657 0.024306 0.030733
165 0.476562 0.885343 0.022569 0.026005
165 0.475694 0.849882 0.022569 0.035461
165 0.477431 0.812057 0.020833 0.035461
416 0.477431 0.770686 0.020833 0.033097
33 0.477431 0.739953 0.019097 0.021277
32 0.478299 0.710402 0.020833 0.028369
78 0.478299 0.684397 0.019097 0.021277
44 0.479167 0.657210 0.020833 0.030733
77 0.479167 0.619385 0.020833 0.035461
96 0.480035 0.583924 0.020833 0.030733
92 0.480903 0.550827 0.020833 0.028369
37 0.480903 0.522459 0.017361 0.023641
162 0.480903 0.498818 0.019097 0.026005
340 0.480035 0.466903 0.020833 0.028369
35 0.480903 0.436170 0.020833 0.030733
777 0.481771 0.400709 0.019097 0.035461
43 0.480903 0.362884 0.019097 0.035461
165 0.481771 0.328605 0.019097 0.028369
83 0.482639 0.297872 0.019097 0.028369
232 0.483507 0.267139 0.017361 0.030733
27 0.483507 0.231678 0.017361 0.030733
38 0.482639 0.202128 0.015625 0.021277
37 0.483507 0.179669 0.015625 0.023641
129 0.484375 0.153664 0.015625 0.023641
68 0.486111 0.125296 0.019097 0.023641
0 0.540799 0.810875 0.024306 0.030733
0 0.538194 0.782506 0.022569 0.026005
0 0.537326 0.744681 0.020833 0.035461
0 0.536458 0.711584 0.020833 0.028369
0 0.534722 0.679669 0.022569 0.033097
0 0.535590 0.643026 0.024306 0.030733
0 0.534722 0.612293 0.022569 0.028369
0 0.533854 0.574468 0.020833 0.035461
0 0.533854 0.539007 0.022569 0.033097
0 0.532118 0.497636 0.020833 0.037825
0 0.531250 0.462175 0.019097 0.028369
165 0.530382 0.427896 0.019097 0.030733
288 0.530382 0.393617 0.020833 0.030733
203 0.528646 0.353428 0.022569 0.033097
109 0.528646 0.321513 0.022569 0.026005
260 0.527778 0.291962 0.019097 0.026005
44 0.527778 0.264775 0.015625 0.023641
643 0.527778 0.237589 0.017361 0.026005
1547 0.528646 0.208038 0.020833 0.026005
146 0.526042 0.140662 0.019097 0.023641
100 0.525174 0.117021 0.020833 0.023641
0 0.576389 0.777778 0.024306 0.028369
0 0.575521 0.743499 0.022569 0.033097
0 0.575521 0.709220 0.022569 0.033097
0 0.574653 0.677305 0.024306 0.030733
0 0.573785 0.645390 0.020833 0.030733
0 0.573785 0.611111 0.022569 0.033097
0 0.572049 0.575650 0.022569 0.030733
0 0.572049 0.541371 0.024306 0.035461
0 0.570312 0.502364 0.020833 0.035461
0 0.569444 0.468085 0.020833 0.026005
0 0.568576 0.440898 0.022569 0.028369
0 0.566840 0.408983 0.024306 0.033097
0 0.565972 0.375887 0.019097 0.026005
0 0.565972 0.343972 0.020833 0.028369
0 0.565972 0.314421 0.019097 0.028369
0 0.564236 0.282506 0.022569 0.030733
0 0.563368 0.247045 0.020833 0.033097
0 0.560764 0.212766 0.020833 0.026005
0 0.561632 0.185579 0.020833 0.028369
0 0.560764 0.158392 0.020833 0.021277
0 0.560764 0.130024 0.020833 0.030733
0 0.617188 0.756501 0.024306 0.021277
0 0.616319 0.724586 0.026042 0.035461
0 0.615451 0.686761 0.027778 0.028369
0 0.614583 0.651300 0.027778 0.037825
0 0.612847 0.613475 0.027778 0.030733
0 0.611979 0.579196 0.022569 0.028369
0 0.611979 0.541371 0.024306 0.040189
0 0.610243 0.503546 0.022569 0.030733
0 0.608507 0.470449 0.026042 0.033097
0 0.607639 0.439716 0.022569 0.030733
0 0.605035 0.400709 0.026042 0.037825
0 0.604167 0.360520 0.024306 0.037825
0 0.604167 0.323877 0.026042 0.030733
0 0.602431 0.293144 0.026042 0.026005
0 0.602431 0.255319 0.026042 0.044917
0 0.602431 0.211584 0.027778 0.033097
0 0.601562 0.177305 0.026042 0.028369
0 0.599826 0.148936 0.027778 0.028369
0 0.599826 0.121749 0.026042 0.026005
0 0.661458 0.790780 0.026042 0.035461
0 0.661458 0.755319 0.022569 0.028369
0 0.660590 0.722222 0.022569 0.028369
0 0.659722 0.687943 0.027778 0.035461
0 0.657986 0.653664 0.029514 0.028369
0 0.655382 0.618203 0.029514 0.033097
0 0.653646 0.580378 0.029514 0.035461
0 0.652778 0.540189 0.027778 0.040189
0 0.651042 0.501182 0.024306 0.030733
0 0.651042 0.469267 0.024306 0.030733
0 0.650174 0.442080 0.022569 0.023641
0 0.649306 0.410165 0.026042 0.035461
0 0.649306 0.374704 0.029514 0.028369
0 0.648438 0.342790 0.027778 0.033097
0 0.647569 0.304965 0.027778 0.037825
0 0.645833 0.262411 0.026042 0.037825
0 0.644097 0.223404 0.027778 0.035461
0 0.642361 0.184397 0.026042 0.030733
110 0.709201 0.839243 0.031250 0.028369
305 0.709201 0.769504 0.027778 0.033097
1073 0.707465 0.735225 0.027778 0.030733
140 0.706597 0.700946 0.029514 0.037825
258 0.705729 0.661939 0.027778 0.035461
110 0.703993 0.625296 0.031250 0.030733
305 0.703125 0.589835 0.024306 0.030733
195 0.701389 0.553191 0.022569 0.033097
179 0.700521 0.515366 0.029514 0.037825
0 0.698785 0.473995 0.032986 0.037825
0 0.697917 0.431442 0.027778 0.037825
0 0.697049 0.393617 0.029514 0.033097
0 0.694444 0.360520 0.027778 0.030733
0 0.694444 0.328605 0.022569 0.028369
0 0.694444 0.299054 0.026042 0.028369
0 0.690972 0.264775 0.029514 0.035461
0 0.690972 0.224586 0.027778 0.042553
0 0.690972 0.186761 0.026042 0.028369
0 0.690104 0.151300 0.027778 0.035461
1544 0.755208 0.877069 0.024306 0.028369
1543 0.755208 0.845154 0.029514 0.033097
338 0.755208 0.806147 0.031250 0.037825
573 0.755208 0.770686 0.029514 0.028369
257 0.753472 0.736407 0.027778 0.035461
44 0.753472 0.700946 0.031250 0.030733
1545 0.751736 0.673759 0.024306 0.023641
1544 0.750868 0.650118 0.022569 0.026005
1543 0.750000 0.625296 0.024306 0.026005
42 0.750868 0.596927 0.031250 0.028369
1542 0.748264 0.567376 0.027778 0.030733
1541 0.749132 0.529551 0.031250 0.035461
1540 0.746528 0.491726 0.027778 0.037825
1539 0.746528 0.456265 0.026042 0.030733
338 0.743924 0.418440 0.024306 0.035461
573 0.741319 0.379433 0.029514 0.035461
1546 0.743056 0.348700 0.027778 0.023641
136 0.741319 0.317967 0.029514 0.033097
44 0.739583 0.283688 0.024306 0.033097
83 0.740451 0.244681 0.027778 0.035461
78 0.738715 0.211584 0.031250 0.030733
345 0.804688 0.822695 0.032986 0.033097
109 0.804688 0.784870 0.031250 0.035461
826 0.803819 0.749409 0.032986 0.033097
35 0.802951 0.710402 0.026042 0.037825
267 0.803819 0.674941 0.031250 0.035461
737 0.802083 0.637116 0.029514 0.033097
44 0.799479 0.600473 0.031250 0.033097
288 0.798611 0.567376 0.031250 0.026005
417 0.796875 0.534279 0.026042 0.033097
281 0.796875 0.497636 0.031250 0.035461
350 0.796007 0.459811 0.026042 0.033097
77 0.795139 0.421986 0.032986 0.035461
59 0.792535 0.385343 0.034722 0.035461
44 0.792535 0.347518 0.031250 0.030733
77 0.789931 0.310875 0.027778 0.035461
96 0.789931 0.271868 0.031250 0.037825
92 0.789931 0.231678 0.031250 0.033097
37 0.786458 0.196217 0.031250 0.030733
42 0.850694 0.869976 0.032986 0.026005
288 0.849826 0.828605 0.031250 0.037825
338 0.848090 0.789598 0.029514 0.028369
73 0.848958 0.757683 0.029514 0.030733
87 0.848090 0.723404 0.031250 0.035461
338 0.847222 0.685579 0.032986 0.033097
217 0.845486 0.654846 0.027778 0.026005
363 0.846354 0.624113 0.029514 0.035461
1538 0.844618 0.587470 0.022569 0.033097
251 0.846354 0.557920 0.027778 0.021277
109 0.842882 0.533097 0.026042 0.028369
54 0.842882 0.492908 0.032986 0.042553
215 0.841146 0.452719 0.027778 0.028369
253 0.841146 0.419622 0.024306 0.030733
30 0.840278 0.388889 0.024306 0.030733
67 0.841146 0.354610 0.027778 0.033097
463 0.841146 0.315603 0.029514 0.033097
464 0.840278 0.284870 0.027778 0.028369
77 0.838542 0.255319 0.031250 0.030733
232 0.838542 0.217494 0.031250 0.037825
44 0.837674 0.179669 0.029514 0.035461
75 0.838542 0.140662 0.029514 0.037825
294 0.835938 0.108747 0.032986 0.023641
77 0.833333 0.089835 0.031250 0.026005
466 0.833333 0.059102 0.026042 0.033097
345 0.901042 0.867612 0.027778 0.028369
28 0.898438 0.838061 0.029514 0.026005
44 0.895833 0.801418 0.029514 0.040189
82 0.896701 0.758865 0.031250 0.037825
385 0.896701 0.719858 0.027778 0.033097
250 0.896701 0.685579 0.029514 0.026005
249 0.896701 0.653664 0.031250 0.035461
44 0.894965 0.620567 0.029514 0.028369
163 0.894965 0.583924 0.029514 0.040189
84 0.893229 0.549645 0.024306 0.023641
478 0.894965 0.517730 0.027778 0.030733
345 0.893229 0.469267 0.024306 0.035461
144 0.891493 0.444444 0.024306 0.018913
87 0.890625 0.418440 0.024306 0.030733
143 0.893229 0.386525 0.027778 0.026005
15 0.892361 0.356974 0.029514 0.030733
44 0.891493 0.334515 0.029514 0.028369
67 0.890625 0.302600 0.027778 0.035461
43 0.888889 0.267139 0.029514 0.035461
584 0.888889 0.225768 0.027778 0.040189
479 0.888889 0.187943 0.034722 0.033097
315 0.887153 0.153664 0.031250 0.030733
44 0.887153 0.119385 0.029514 0.026005
840 0.885417 0.088652 0.034722 0.030733
1294 0.884549 0.057920 0.024306 0.028369
