180 0.255137 0.466265 0.030822 0.040964
179 0.255137 0.430120 0.025685 0.019277
136 0.255137 0.398795 0.029110 0.033735
706 0.255993 0.324096 0.020548 0.026506
285 0.256849 0.292771 0.022260 0.028916
19 0.258562 0.262651 0.022260 0.026506
29 0.260274 0.230120 0.027397 0.031325
28 0.261130 0.172289 0.029110 0.031325
56 0.261130 0.098795 0.025685 0.031325
20 0.291096 0.749398 0.030822 0.028916
52 0.293664 0.701205 0.029110 0.048193
89 0.293664 0.660241 0.029110 0.028916
214 0.297089 0.619277 0.032534 0.043373
531 0.297089 0.575904 0.023973 0.031325
109 0.299658 0.538554 0.030822 0.033735
177 0.297945 0.497590 0.029110 0.036145
68 0.303082 0.457831 0.030822 0.038554
268 0.302226 0.419277 0.030822 0.033735
69 0.303082 0.381928 0.032534 0.031325
15 0.302226 0.346988 0.030822 0.031325
106 0.307363 0.314458 0.029110 0.031325
315 0.308219 0.245783 0.030822 0.028916
13 0.309075 0.212048 0.025685 0.033735
197 0.341610 0.863855 0.027397 0.028916
56 0.339897 0.827711 0.027397 0.031325
63 0.341610 0.791566 0.029110 0.031325
138 0.345034 0.754217 0.032534 0.036145
127 0.345890 0.730120 0.027397 0.036145
29 0.343322 0.697590 0.025685 0.026506
28 0.347603 0.660241 0.030822 0.038554
74 0.347603 0.621687 0.025685 0.028916
56 0.347603 0.586747 0.023973 0.026506
22 0.346747 0.556627 0.023973 0.026506
54 0.350171 0.519277 0.027397 0.036145
248 0.350171 0.480723 0.030822 0.036145
15 0.350171 0.443373 0.023973 0.031325
62 0.352740 0.367470 0.023973 0.033735
15 0.353596 0.328916 0.025685 0.036145
64 0.353596 0.289157 0.027397 0.040964
496 0.356164 0.246988 0.030822 0.036145
83 0.356164 0.207229 0.025685 0.033735
236 0.358733 0.169880 0.032534 0.031325
348 0.358733 0.137349 0.027397 0.028916
702 0.385274 0.926506 0.030822 0.028916
65 0.386986 0.857831 0.027397 0.031325
496 0.387842 0.826506 0.029110 0.026506
705 0.389555 0.791566 0.034247 0.033735
83 0.389555 0.754217 0.032534 0.031325
55 0.389555 0.718072 0.032534 0.028916
33 0.391267 0.681928 0.029110 0.033735
43 0.391267 0.650602 0.018836 0.026506
109 0.391267 0.622892 0.023973 0.026506
647 0.392979 0.589157 0.034247 0.036145
97 0.395548 0.550602 0.032534 0.026506
202 0.392979 0.518072 0.023973 0.031325
214 0.392123 0.486747 0.029110 0.028916
55 0.396404 0.449398 0.027397 0.036145
704 0.400685 0.410843 0.027397 0.031325
223 0.399829 0.378313 0.022260 0.028916
262 0.398973 0.346988 0.022260 0.031325
195 0.399829 0.313253 0.025685 0.031325
25 0.400685 0.280723 0.029110 0.033735
467 0.401541 0.246988 0.034247 0.031325
13 0.403253 0.214458 0.027397 0.028916
315 0.403253 0.175904 0.027397 0.036145
210 0.404966 0.138554 0.034247 0.028916
33 0.404110 0.106024 0.027397 0.031325
75 0.436644 0.793976 0.032534 0.040964
4 0.436644 0.751807 0.034247 0.031325
111 0.436644 0.718072 0.034247 0.031325
127 0.436644 0.684337 0.025685 0.031325
29 0.437500 0.649398 0.030822 0.033735
28 0.440068 0.613253 0.034247 0.031325
69 0.440068 0.579518 0.029110 0.026506
236 0.441781 0.550602 0.023973 0.026506
64 0.444349 0.514458 0.030822 0.033735
55 0.444349 0.474699 0.027397 0.038554
107 0.446918 0.437349 0.030822 0.026506
703 0.446062 0.409639 0.023973 0.031325
369 0.446062 0.377108 0.025685 0.031325
171 0.449486 0.340964 0.030822 0.031325
170 0.449486 0.306024 0.025685 0.033735
75 0.450342 0.272289 0.025685 0.028916
4 0.447774 0.239759 0.025685 0.028916
133 0.448630 0.208434 0.027397 0.028916
294 0.449486 0.174699 0.025685 0.031325
109 0.450342 0.138554 0.025685 0.033735
262 0.451199 0.107229 0.022260 0.028916
445 0.750856 0.932530 0.029110 0.033735
665 0.750000 0.897590 0.032534 0.031325
124 0.747432 0.865060 0.030822 0.024096
13 0.747432 0.834940 0.022260 0.031325
152 0.746575 0.802410 0.020548 0.033735
4 0.746575 0.771084 0.020548 0.028916
64 0.745719 0.733735 0.027397 0.038554
127 0.745719 0.701205 0.025685 0.026506
29 0.745719 0.666265 0.029110 0.036145
28 0.744863 0.631325 0.022260 0.031325
69 0.747432 0.595181 0.027397 0.033735
701 0.745719 0.557831 0.020548 0.038554
236 0.744863 0.520482 0.023973 0.036145
224 0.744007 0.480723 0.032534 0.033735
271 0.743151 0.439759 0.030822 0.038554
292 0.742295 0.401205 0.025685 0.033735
109 0.742295 0.365060 0.023973 0.031325
481 0.741438 0.331325 0.029110 0.031325
480 0.741438 0.293976 0.027397 0.033735
29 0.741438 0.260241 0.022260 0.026506
236 0.739726 0.232530 0.022260 0.028916
120 0.740582 0.201205 0.020548 0.026506
702 0.736301 0.169880 0.030822 0.031325
230 0.738870 0.133735 0.027397 0.036145
446 0.738870 0.097590 0.032534 0.033735
189 0.791952 0.914458 0.027397 0.043373
189 0.791952 0.874699 0.020548 0.028916
189 0.791952 0.843373 0.030822 0.028916
189 0.791096 0.810843 0.023973 0.033735
189 0.791096 0.775904 0.023973 0.038554
33 0.790240 0.731325 0.025685 0.040964
349 0.789384 0.689157 0.029110 0.038554
7 0.789384 0.651807 0.029110 0.031325
146 0.787671 0.619277 0.027397 0.031325
0 0.787671 0.595181 0.023973 0.024096
83 0.787671 0.567470 0.023973 0.031325
133 0.788527 0.531325 0.025685 0.036145
481 0.787671 0.493976 0.023973 0.026506
480 0.785959 0.460241 0.025685 0.033735
29 0.789384 0.425301 0.030822 0.031325
28 0.785959 0.391566 0.027397 0.036145
56 0.787671 0.350602 0.030822 0.036145
189 0.784247 0.310843 0.027397 0.033735
482 0.782534 0.274699 0.030822 0.038554
139 0.783390 0.197590 0.027397 0.031325
83 0.781678 0.162651 0.022260 0.031325
55 0.780822 0.130120 0.027397 0.026506
700 0.782534 0.093976 0.030822 0.028916
572 0.839897 0.931325 0.022260 0.026506
572 0.839897 0.904819 0.023973 0.028916
572 0.840753 0.867470 0.025685 0.036145
572 0.838185 0.831325 0.022260 0.028916
572 0.836473 0.800000 0.025685 0.028916
572 0.835616 0.761446 0.023973 0.038554
19 0.836473 0.718072 0.027397 0.038554
29 0.836473 0.674699 0.025685 0.040964
28 0.836473 0.639759 0.027397 0.028916
35 0.837329 0.609639 0.029110 0.036145
7 0.837329 0.567470 0.027397 0.045783
132 0.834760 0.525301 0.030822 0.028916
462 0.834760 0.489157 0.025685 0.040964
474 0.831336 0.449398 0.022260 0.033735
85 0.831336 0.412048 0.025685 0.033735
146 0.832192 0.375904 0.030822 0.033735
83 0.831336 0.338554 0.023973 0.028916
248 0.828767 0.301205 0.027397 0.036145
13 0.829623 0.265060 0.027397 0.028916
2 0.828767 0.227711 0.027397 0.033735
133 0.827055 0.191566 0.025685 0.031325
58 0.825342 0.167470 0.023973 0.031325
9 0.824486 0.132530 0.027397 0.033735
62 0.825342 0.095181 0.027397 0.031325
123 0.882705 0.925301 0.025685 0.026506
123 0.882705 0.895181 0.025685 0.031325
32 0.882705 0.860241 0.023973 0.033735
524 0.881849 0.821687 0.025685 0.033735
4 0.880993 0.784337 0.025685 0.031325
13 0.880137 0.744578 0.025685 0.036145
699 0.880993 0.708434 0.027397 0.026506
699 0.880993 0.672289 0.029110 0.036145
75 0.880993 0.634940 0.023973 0.028916
28 0.878425 0.606024 0.025685 0.026506
52 0.880137 0.571084 0.030822 0.031325
698 0.880993 0.530120 0.029110 0.045783
697 0.879281 0.485542 0.023973 0.033735
75 0.878425 0.449398 0.023973 0.036145
694 0.877568 0.413253 0.029110 0.028916
47 0.878425 0.378313 0.025685 0.028916
26 0.878425 0.344578 0.027397 0.028916
64 0.877568 0.310843 0.029110 0.031325
52 0.877568 0.277108 0.030822 0.031325
105 0.874144 0.239759 0.025685 0.036145
146 0.872432 0.196386 0.030822 0.040964
386 0.873288 0.156627 0.027397 0.026506
385 0.874144 0.119277 0.030822 0.031325
317 0.871575 0.085542 0.029110 0.026506
64 0.927226 0.903614 0.029110 0.026506
64 0.928082 0.874699 0.029110 0.033735
64 0.928082 0.839759 0.027397 0.026506
64 0.925514 0.812048 0.020548 0.021687
64 0.926370 0.780723 0.020548 0.028916
26 0.925514 0.754217 0.022260 0.028916
34 0.925514 0.716867 0.027397 0.036145
3 0.925514 0.680723 0.025685 0.031325
274 0.925514 0.650602 0.027397 0.028916
70 0.923801 0.618072 0.029110 0.036145
62 0.923801 0.578313 0.032534 0.038554
51 0.924658 0.538554 0.025685 0.033735
608 0.922945 0.502410 0.025685 0.040964
72 0.922945 0.460241 0.027397 0.033735
26 0.922945 0.426506 0.025685 0.033735
663 0.922945 0.389157 0.025685 0.033735
662 0.923801 0.349398 0.023973 0.036145
480 0.922945 0.314458 0.023973 0.028916
29 0.921233 0.284337 0.023973 0.028916
28 0.922089 0.253012 0.025685 0.028916
27 0.923801 0.215663 0.029110 0.038554
26 0.922089 0.178313 0.027397 0.036145
298 0.922089 0.130120 0.030822 0.038554
584 0.920377 0.089157 0.030822 0.033735
