64 0.035590 0.932624 0.031250 0.026005
19 0.033854 0.891253 0.031250 0.049645
29 0.032986 0.840426 0.031250 0.037825
28 0.031250 0.803783 0.026042 0.023641
13 0.032118 0.773050 0.027778 0.030733
80 0.031250 0.735225 0.026042 0.040189
47 0.028646 0.697400 0.027778 0.033097
57 0.029514 0.659574 0.027778 0.035461
81 0.028646 0.622931 0.026042 0.030733
47 0.027778 0.582742 0.029514 0.044917
142 0.029514 0.535461 0.029514 0.040189
467 0.026910 0.468085 0.024306 0.033097
885 0.026042 0.429078 0.029514 0.037825
220 0.025174 0.385343 0.029514 0.037825
75 0.024306 0.345154 0.029514 0.035461
158 0.025174 0.310875 0.029514 0.030733
886 0.025174 0.281324 0.026042 0.023641
75 0.023438 0.249409 0.029514 0.033097
158 0.024306 0.213948 0.024306 0.033097
51 0.022569 0.180851 0.024306 0.030733
27 0.023438 0.150118 0.027778 0.030733
26 0.024306 0.119385 0.024306 0.028369
884 0.078993 0.926714 0.031250 0.035461
884 0.078125 0.885343 0.024306 0.033097
884 0.077257 0.846336 0.027778 0.037825
75 0.077257 0.810875 0.029514 0.028369
158 0.077257 0.775414 0.029514 0.033097
161 0.076389 0.741135 0.027778 0.030733
135 0.077257 0.706856 0.026042 0.035461
26 0.075521 0.667849 0.029514 0.033097
165 0.074653 0.631206 0.029514 0.033097
395 0.077257 0.598109 0.027778 0.035461
163 0.076389 0.562648 0.027778 0.030733
13 0.073785 0.528369 0.031250 0.030733
61 0.074653 0.495272 0.031250 0.033097
112 0.073785 0.463357 0.029514 0.028369
128 0.073785 0.433806 0.022569 0.028369
19 0.072917 0.404255 0.024306 0.030733
123 0.073785 0.368794 0.027778 0.037825
20 0.073785 0.330969 0.031250 0.033097
70 0.073785 0.294326 0.026042 0.030733
75 0.073785 0.268322 0.026042 0.023641
158 0.072917 0.239953 0.032986 0.030733
51 0.072917 0.206856 0.031250 0.030733
383 0.072049 0.166667 0.034722 0.040189
33 0.072049 0.120567 0.036458 0.040189
111 0.125000 0.930260 0.031250 0.028369
111 0.125000 0.899527 0.032986 0.028369
111 0.124132 0.871158 0.029514 0.023641
111 0.125000 0.833333 0.027778 0.040189
111 0.125868 0.793144 0.027778 0.033097
110 0.126736 0.761229 0.029514 0.030733
75 0.123264 0.726950 0.032986 0.030733
157 0.123264 0.690307 0.032986 0.035461
68 0.124132 0.657210 0.031250 0.028369
283 0.124132 0.622931 0.032986 0.030733
883 0.124132 0.585106 0.027778 0.040189
201 0.125000 0.544917 0.032986 0.035461
109 0.125000 0.498818 0.034722 0.040189
468 0.124132 0.458629 0.032986 0.033097
75 0.122396 0.420804 0.029514 0.037825
158 0.126736 0.379433 0.029514 0.040189
33 0.123264 0.345154 0.034722 0.030733
528 0.122396 0.315603 0.032986 0.033097
298 0.123264 0.280142 0.029514 0.033097
516 0.121528 0.247045 0.031250 0.028369
283 0.122396 0.212766 0.032986 0.028369
305 0.119792 0.174941 0.032986 0.037825
289 0.121528 0.139480 0.032986 0.030733
273 0.121528 0.125296 0.031250 0.044917
338 0.122396 0.111111 0.031250 0.026005
105 0.177083 0.920804 0.026042 0.030733
105 0.176215 0.888889 0.029514 0.033097
105 0.175347 0.858156 0.029514 0.028369
204 0.174479 0.825059 0.029514 0.033097
136 0.176215 0.789598 0.031250 0.028369
54 0.175347 0.760047 0.027778 0.026005
29 0.176215 0.726950 0.031250 0.037825
135 0.175347 0.691489 0.032986 0.033097
275 0.174479 0.653664 0.032986 0.035461
321 0.173611 0.615839 0.027778 0.037825
123 0.175347 0.575650 0.031250 0.035461
273 0.174479 0.536643 0.031250 0.033097
338 0.172743 0.497636 0.034722 0.042553
201 0.172743 0.456265 0.031250 0.037825
109 0.173611 0.412530 0.032986 0.040189
220 0.173611 0.371158 0.031250 0.040189
75 0.171875 0.333333 0.029514 0.028369
158 0.173611 0.295508 0.029514 0.040189
51 0.172743 0.252955 0.029514 0.035461
142 0.171875 0.216312 0.032986 0.035461
110 0.171875 0.179669 0.029514 0.035461
75 0.171875 0.147754 0.029514 0.028369
157 0.173611 0.114657 0.031250 0.030733
69 0.225694 0.906619 0.029514 0.037825
705 0.222222 0.868794 0.032986 0.037825
83 0.223958 0.836879 0.027778 0.028369
33 0.223958 0.806147 0.022569 0.023641
54 0.223958 0.775414 0.022569 0.030733
345 0.223958 0.738771 0.032986 0.035461
148 0.224826 0.704492 0.032986 0.028369
121 0.225694 0.671395 0.032986 0.030733
109 0.223958 0.634752 0.031250 0.033097
133 0.223958 0.598109 0.034722 0.033097
475 0.223958 0.566194 0.031250 0.026005
6 0.223958 0.533097 0.032986 0.030733
5 0.223958 0.501182 0.029514 0.026005
105 0.223090 0.468085 0.031250 0.035461
107 0.223090 0.432624 0.031250 0.023641
380 0.223090 0.401891 0.029514 0.033097
882 0.223958 0.365248 0.027778 0.037825
295 0.222222 0.326241 0.029514 0.035461
3 0.223090 0.287234 0.031250 0.035461
21 0.221354 0.250591 0.029514 0.030733
105 0.223090 0.216312 0.032986 0.035461
107 0.223090 0.185579 0.034722 0.023641
110 0.221354 0.157210 0.032986 0.030733
75 0.219618 0.117021 0.034722 0.040189
68 0.276042 0.916076 0.027778 0.023641
157 0.275174 0.888889 0.031250 0.033097
69 0.274306 0.853428 0.029514 0.033097
68 0.274306 0.815603 0.029514 0.035461
320 0.274306 0.774232 0.027778 0.040189
201 0.275174 0.728132 0.031250 0.044917
239 0.271701 0.690307 0.032986 0.026005
64 0.272569 0.660757 0.032986 0.030733
665 0.270833 0.624113 0.026042 0.037825
124 0.269965 0.582742 0.024306 0.037825
64 0.269965 0.543735 0.026042 0.040189
110 0.272569 0.500000 0.024306 0.037825
75 0.271701 0.465721 0.024306 0.030733
157 0.270833 0.432624 0.027778 0.033097
246 0.272569 0.394799 0.026042 0.035461
146 0.270833 0.355792 0.026042 0.040189
216 0.270833 0.313239 0.024306 0.037825
55 0.270833 0.271868 0.026042 0.040189
107 0.269965 0.232861 0.024306 0.030733
133 0.268229 0.195035 0.029514 0.033097
486 0.268229 0.157210 0.032986 0.040189
734 0.267361 0.118203 0.032986 0.035461
5 0.320312 0.899527 0.026042 0.033097
267 0.320312 0.872340 0.024306 0.023641
46 0.321181 0.839243 0.026042 0.037825
148 0.319444 0.801418 0.026042 0.035461
83 0.319444 0.763593 0.026042 0.033097
47 0.317708 0.731678 0.027778 0.028369
214 0.317708 0.695035 0.024306 0.037825
136 0.316840 0.658392 0.022569 0.033097
135 0.316840 0.619385 0.024306 0.040189
163 0.316840 0.579196 0.027778 0.033097
174 0.317708 0.549645 0.026042 0.028369
127 0.316840 0.513002 0.026042 0.037825
29 0.315104 0.473995 0.024306 0.033097
28 0.312500 0.440898 0.024306 0.030733
161 0.313368 0.406619 0.026042 0.033097
91 0.313368 0.369976 0.022569 0.033097
201 0.313368 0.336879 0.020833 0.030733
109 0.311632 0.303783 0.026042 0.037825
214 0.311632 0.267139 0.026042 0.035461
33 0.310764 0.231678 0.020833 0.030733
191 0.310764 0.196217 0.026042 0.035461
163 0.309896 0.161939 0.024306 0.030733
865 0.309028 0.124113 0.024306 0.040189
33 0.361979 0.879433 0.022569 0.033097
130 0.360243 0.840426 0.020833 0.037825
129 0.359375 0.803783 0.024306 0.030733
69 0.359375 0.773050 0.020833 0.026005
91 0.359375 0.738771 0.024306 0.035461
216 0.358507 0.700946 0.022569 0.033097
109 0.357639 0.666667 0.022569 0.030733
52 0.356771 0.628842 0.024306 0.037825
0 0.355903 0.593381 0.020833 0.030733
55 0.355903 0.557920 0.022569 0.037825
110 0.354167 0.524823 0.027778 0.028369
75 0.354167 0.495272 0.022569 0.028369
158 0.355035 0.468085 0.020833 0.026005
51 0.353299 0.442080 0.020833 0.026005
68 0.353299 0.410165 0.022569 0.030733
208 0.391493 0.873522 0.019097 0.028369
109 0.391493 0.842790 0.017361 0.026005
19 0.391493 0.816785 0.015625 0.023641
29 0.390625 0.704492 0.020833 0.030733
28 0.390625 0.673759 0.020833 0.028369
2 0.389757 0.640662 0.020833 0.030733
133 0.388889 0.607565 0.019097 0.030733
51 0.387153 0.574468 0.019097 0.026005
9 0.385417 0.470449 0.019097 0.026005
62 0.381944 0.399527 0.015625 0.023641
588 0.380208 0.332151 0.015625 0.026005
587 0.380208 0.300236 0.015625 0.023641
29 0.471354 0.581560 0.022569 0.040189
28 0.469618 0.547281 0.024306 0.023641
69 0.468750 0.520095 0.024306 0.028369
439 0.467014 0.489362 0.020833 0.030733
438 0.467014 0.457447 0.024306 0.030733
69 0.464410 0.423168 0.019097 0.035461
125 0.462674 0.385343 0.020833 0.037825
124 0.461806 0.343972 0.024306 0.037825
72 0.458333 0.302600 0.022569 0.035461
26 0.457465 0.269504 0.020833 0.028369
133 0.457465 0.238771 0.022569 0.028369
26 0.454861 0.204492 0.020833 0.030733
165 0.453993 0.167849 0.024306 0.030733
64 0.452257 0.134752 0.024306 0.030733
64 0.646701 0.670213 0.031250 0.030733
110 0.644965 0.633570 0.026042 0.033097
75 0.642361 0.595745 0.029514 0.030733
157 0.639757 0.560284 0.022569 0.028369
479 0.638021 0.526005 0.027778 0.030733
26 0.638021 0.495272 0.024306 0.028369
26 0.636285 0.463357 0.024306 0.033097
64 0.636285 0.427896 0.026042 0.033097
214 0.632812 0.387707 0.029514 0.042553
33 0.631944 0.349882 0.029514 0.028369
51 0.781250 0.697400 0.027778 0.026005
68 0.780382 0.663121 0.031250 0.037825
280 0.778646 0.625296 0.031250 0.035461
468 0.776910 0.587470 0.029514 0.037825
75 0.776910 0.544917 0.029514 0.040189
158 0.776042 0.503546 0.027778 0.035461
13 0.774306 0.468085 0.027778 0.028369
881 0.771701 0.438534 0.020833 0.028369
26 0.770833 0.411348 0.022569 0.028369
376 0.769097 0.379433 0.027778 0.028369
375 0.769097 0.345154 0.029514 0.030733
110 0.767361 0.315603 0.029514 0.028369
7 0.764757 0.280142 0.031250 0.035461
