165 0.090278 0.879433 0.027778 0.030733
890 0.091146 0.845154 0.026042 0.037825
889 0.090278 0.809693 0.029514 0.028369
3 0.092014 0.770686 0.027778 0.042553
350 0.092014 0.726950 0.029514 0.033097
64 0.092014 0.689125 0.026042 0.037825
11 0.092882 0.654846 0.027778 0.030733
4 0.092882 0.618203 0.026042 0.037825
246 0.093750 0.578014 0.031250 0.035461
33 0.094618 0.537825 0.029514 0.035461
100 0.093750 0.500000 0.032986 0.028369
69 0.095486 0.464539 0.032986 0.035461
529 0.095486 0.426714 0.032986 0.033097
99 0.096354 0.386525 0.026042 0.035461
69 0.098090 0.348700 0.034722 0.033097
529 0.098958 0.309693 0.027778 0.033097
941 0.100694 0.269504 0.029514 0.042553
242 0.100694 0.225768 0.029514 0.040189
350 0.100694 0.182033 0.027778 0.037825
712 0.099826 0.153664 0.031250 0.028369
945 0.100694 0.121749 0.029514 0.030733
944 0.101562 0.091017 0.029514 0.028369
11 0.099826 0.061466 0.026042 0.028369
605 0.134549 0.868794 0.026042 0.023641
83 0.137153 0.840426 0.031250 0.026005
524 0.137153 0.804965 0.029514 0.037825
400 0.136285 0.761229 0.029514 0.042553
109 0.137153 0.719858 0.032986 0.028369
133 0.137153 0.682033 0.029514 0.040189
65 0.138889 0.641844 0.031250 0.035461
242 0.140625 0.605201 0.031250 0.030733
55 0.140625 0.565012 0.027778 0.037825
350 0.140625 0.527187 0.026042 0.030733
26 0.141493 0.492908 0.024306 0.030733
165 0.141493 0.462175 0.024306 0.023641
121 0.142361 0.433806 0.029514 0.030733
941 0.143229 0.399527 0.031250 0.040189
925 0.144965 0.351064 0.026042 0.047281
734 0.147569 0.309693 0.034722 0.030733
128 0.146701 0.273050 0.031250 0.035461
699 0.149306 0.235225 0.027778 0.035461
699 0.149306 0.199764 0.026042 0.030733
75 0.150174 0.160757 0.024306 0.035461
28 0.149306 0.125296 0.024306 0.028369
133 0.151042 0.093381 0.022569 0.026005
154 0.150174 0.063830 0.026042 0.033097
110 0.183160 0.880615 0.032986 0.044917
213 0.183160 0.841608 0.029514 0.028369
239 0.182292 0.807329 0.029514 0.033097
33 0.186632 0.771868 0.031250 0.030733
111 0.186632 0.736407 0.027778 0.033097
804 0.188368 0.702128 0.029514 0.033097
202 0.189236 0.666667 0.031250 0.033097
68 0.188368 0.633570 0.027778 0.030733
320 0.187500 0.604019 0.029514 0.026005
201 0.190972 0.569740 0.027778 0.035461
107 0.190972 0.529551 0.032986 0.030733
133 0.191840 0.495272 0.024306 0.030733
147 0.191840 0.463357 0.024306 0.030733
553 0.191840 0.426714 0.029514 0.040189
898 0.191840 0.385343 0.026042 0.035461
214 0.195312 0.351064 0.031250 0.028369
33 0.197049 0.319149 0.031250 0.033097
220 0.197917 0.282506 0.029514 0.033097
75 0.197049 0.268322 0.029514 0.040189
158 0.197917 0.229314 0.031250 0.033097
105 0.198785 0.193853 0.032986 0.030733
0 0.197917 0.160757 0.032986 0.026005
55 0.198785 0.131206 0.029514 0.028369
54 0.199653 0.096927 0.027778 0.037825
804 0.200521 0.061466 0.029514 0.028369
15 0.238715 0.886525 0.031250 0.030733
54 0.239583 0.852246 0.036458 0.035461
531 0.238715 0.827423 0.034722 0.028369
464 0.239583 0.793144 0.031250 0.040189
176 0.239583 0.752955 0.031250 0.030733
55 0.239583 0.713948 0.029514 0.033097
133 0.241319 0.677305 0.029514 0.037825
804 0.242188 0.640662 0.034722 0.037825
941 0.243924 0.602837 0.027778 0.033097
183 0.243924 0.563830 0.027778 0.035461
15 0.244792 0.528369 0.031250 0.033097
117 0.243056 0.489362 0.031250 0.040189
139 0.243924 0.420804 0.026042 0.023641
246 0.243924 0.390071 0.029514 0.035461
109 0.247396 0.353428 0.034722 0.030733
33 0.246528 0.321513 0.032986 0.028369
136 0.246528 0.290780 0.032986 0.028369
804 0.247396 0.252955 0.029514 0.040189
69 0.249132 0.212766 0.029514 0.033097
464 0.250868 0.178487 0.029514 0.033097
55 0.250000 0.141844 0.029514 0.037825
320 0.249132 0.104019 0.036458 0.035461
202 0.248264 0.068558 0.032986 0.035461
85 0.286458 0.862884 0.029514 0.026005
146 0.289062 0.834515 0.027778 0.026005
4 0.290799 0.799054 0.029514 0.037825
556 0.288194 0.768322 0.024306 0.023641
83 0.289931 0.735225 0.027778 0.033097
142 0.290799 0.704492 0.024306 0.021277
99 0.290799 0.673759 0.029514 0.035461
161 0.290799 0.637116 0.026042 0.033097
100 0.289931 0.599291 0.029514 0.040189
161 0.291667 0.555556 0.027778 0.040189
246 0.292535 0.517730 0.029514 0.030733
13 0.293403 0.483452 0.029514 0.030733
943 0.293403 0.449173 0.029514 0.030733
942 0.293403 0.417258 0.026042 0.030733
133 0.293403 0.384161 0.029514 0.035461
82 0.295139 0.347518 0.027778 0.030733
606 0.294271 0.312057 0.029514 0.040189
163 0.294271 0.273050 0.029514 0.035461
532 0.296007 0.234043 0.031250 0.037825
224 0.296875 0.195035 0.027778 0.033097
109 0.296875 0.163121 0.031250 0.026005
271 0.298611 0.134752 0.029514 0.026005
292 0.297743 0.102837 0.031250 0.033097
109 0.296875 0.068558 0.032986 0.030733
111 0.328993 0.878251 0.024306 0.023641
127 0.330729 0.846336 0.029514 0.030733
29 0.329861 0.816785 0.024306 0.028369
28 0.332465 0.781324 0.029514 0.033097
331 0.332465 0.745863 0.026042 0.030733
804 0.334201 0.715130 0.024306 0.028369
202 0.334201 0.682033 0.026042 0.035461
0 0.335938 0.646572 0.027778 0.028369
52 0.337674 0.615839 0.027778 0.033097
157 0.336806 0.582742 0.029514 0.033097
356 0.335069 0.546099 0.027778 0.037825
395 0.335938 0.509456 0.024306 0.030733
163 0.338542 0.478723 0.024306 0.033097
152 0.338542 0.442080 0.022569 0.037825
83 0.338542 0.408983 0.027778 0.028369
524 0.338542 0.375887 0.029514 0.035461
121 0.340278 0.336879 0.027778 0.037825
941 0.341146 0.300236 0.027778 0.030733
794 0.342014 0.268322 0.024306 0.033097
172 0.342882 0.231678 0.026042 0.035461
342 0.342882 0.196217 0.026042 0.033097
147 0.343750 0.159574 0.027778 0.037825
699 0.342882 0.119385 0.026042 0.037825
699 0.343750 0.078014 0.029514 0.040189
28 0.377604 0.858156 0.027778 0.035461
4 0.376736 0.821513 0.024306 0.035461
13 0.376736 0.780142 0.026042 0.037825
940 0.375868 0.742317 0.026042 0.033097
939 0.378472 0.711584 0.027778 0.028369
75 0.377604 0.684397 0.026042 0.028369
158 0.376736 0.656028 0.027778 0.023641
64 0.377604 0.630024 0.027778 0.028369
52 0.378472 0.604019 0.026042 0.026005
70 0.381076 0.569740 0.026042 0.040189
220 0.381944 0.530733 0.026042 0.033097
75 0.381076 0.492908 0.026042 0.033097
158 0.381076 0.455083 0.026042 0.037825
64 0.382812 0.414894 0.027778 0.035461
174 0.384549 0.379433 0.026042 0.035461
127 0.385417 0.343972 0.026042 0.033097
29 0.386285 0.309693 0.029514 0.033097
28 0.385417 0.274232 0.027778 0.035461
161 0.386285 0.237589 0.022569 0.035461
116 0.386285 0.199764 0.029514 0.040189
177 0.388021 0.156028 0.026042 0.042553
101 0.387153 0.114657 0.026042 0.040189
3 0.383681 0.078014 0.026042 0.030733
28 0.416667 0.864066 0.022569 0.023641
74 0.417535 0.839243 0.022569 0.026005
26 0.417535 0.808511 0.022569 0.033097
34 0.418403 0.767139 0.020833 0.037825
120 0.418403 0.729314 0.024306 0.033097
13 0.418403 0.695035 0.024306 0.033097
577 0.417535 0.659574 0.026042 0.033097
576 0.416667 0.619385 0.027778 0.040189
69 0.419271 0.576832 0.024306 0.040189
91 0.419271 0.540189 0.026042 0.030733
120 0.420139 0.508274 0.024306 0.030733
127 0.421007 0.471631 0.020833 0.035461
29 0.421007 0.436170 0.024306 0.035461
28 0.421875 0.400709 0.024306 0.028369
139 0.421875 0.330969 0.020833 0.030733
913 0.421875 0.299054 0.024306 0.033097
220 0.421875 0.268322 0.022569 0.026005
75 0.421875 0.230496 0.020833 0.037825
158 0.422743 0.192671 0.020833 0.028369
572 0.422743 0.130024 0.020833 0.030733
168 0.423611 0.098109 0.020833 0.035461
292 0.453993 0.794326 0.019097 0.030733
109 0.453125 0.761229 0.020833 0.033097
111 0.453125 0.729314 0.019097 0.030733
393 0.452257 0.700946 0.019097 0.026005
105 0.452257 0.670213 0.019097 0.028369
70 0.453125 0.638298 0.019097 0.028369
25 0.453125 0.607565 0.020833 0.030733
161 0.452257 0.573286 0.020833 0.030733
0 0.452257 0.541371 0.020833 0.028369
174 0.453125 0.481087 0.017361 0.023641
34 0.672743 0.767139 0.026042 0.035461
120 0.671007 0.726950 0.029514 0.037825
109 0.668403 0.691489 0.024306 0.028369
127 0.666667 0.663121 0.026042 0.023641
29 0.666667 0.631206 0.024306 0.037825
28 0.664931 0.591017 0.026042 0.035461
127 0.662326 0.553191 0.027778 0.030733
29 0.660590 0.522459 0.019097 0.028369
28 0.657986 0.494090 0.022569 0.028369
168 0.657986 0.463357 0.022569 0.030733
804 0.656250 0.424350 0.027778 0.037825
202 0.655382 0.386525 0.029514 0.035461
