0 0.085593 0.915648 0.027119 0.034230
0 0.086441 0.878973 0.025424 0.031785
0 0.086441 0.845966 0.028814 0.029340
0 0.087288 0.805623 0.027119 0.044010
0 0.087288 0.760391 0.028814 0.031785
0 0.089831 0.717604 0.027119 0.039120
0 0.088136 0.671149 0.028814 0.046455
0 0.090678 0.623472 0.028814 0.041565
0 0.089831 0.578240 0.027119 0.039120
0 0.094068 0.534230 0.027119 0.034230
0 0.094915 0.495110 0.028814 0.036675
0 0.095763 0.452323 0.025424 0.034230
0 0.098305 0.414425 0.018644 0.031785
0 0.098305 0.378973 0.022034 0.031785
0 0.099153 0.331296 0.030508 0.044010
0 0.100000 0.293399 0.025424 0.026895
0 0.099153 0.253056 0.022034 0.041565
0 0.100847 0.205379 0.025424 0.046455
0 0.103390 0.154034 0.025424 0.044010
0 0.103390 0.110024 0.025424 0.031785
0 0.104237 0.072127 0.028814 0.031785
0 0.132203 0.858191 0.028814 0.029340
0 0.131356 0.822738 0.025424 0.034230
0 0.133898 0.779951 0.028814 0.041565
0 0.134746 0.727384 0.027119 0.046455
0 0.136441 0.676039 0.027119 0.036675
0 0.136441 0.638142 0.027119 0.031785
0 0.137288 0.600244 0.030508 0.029340
0 0.140678 0.556235 0.028814 0.046455
0 0.139831 0.501222 0.025424 0.046455
0 0.142373 0.451100 0.027119 0.036675
0 0.143220 0.405868 0.027119 0.039120
0 0.145763 0.355746 0.023729 0.046455
0 0.147458 0.306846 0.025424 0.031785
0 0.148305 0.265281 0.033898 0.041565
0 0.148305 0.221271 0.025424 0.039120
0 0.149153 0.168704 0.027119 0.051345
0 0.149153 0.119804 0.027119 0.031785
0 0.150000 0.078240 0.028814 0.044010
0 0.177119 0.924205 0.027119 0.034230
0 0.178814 0.844743 0.032203 0.044010
0 0.178814 0.793399 0.028814 0.036675
0 0.179661 0.744499 0.027119 0.041565
0 0.178814 0.699267 0.028814 0.039120
0 0.178814 0.651589 0.027119 0.044010
0 0.182203 0.610024 0.027119 0.029340
0 0.183898 0.572127 0.025424 0.034230
0 0.185593 0.524450 0.027119 0.046455
0 0.186441 0.480440 0.028814 0.031785
23 0.188136 0.437653 0.025424 0.044010
59 0.189831 0.391198 0.023729 0.039120
583 0.193220 0.349633 0.025424 0.041565
126 0.191525 0.305623 0.028814 0.034230
372 0.190678 0.268949 0.027119 0.036675
68 0.193220 0.227384 0.028814 0.036675
67 0.194068 0.184597 0.028814 0.031785
371 0.222034 0.885086 0.028814 0.031785
84 0.221186 0.849633 0.025424 0.034230
153 0.222034 0.804401 0.030508 0.044010
449 0.224576 0.768949 0.020339 0.022005
23 0.223729 0.734719 0.023729 0.034230
21 0.223729 0.689487 0.025424 0.046455
579 0.227119 0.641809 0.030508 0.039120
136 0.226271 0.596577 0.028814 0.041565
157 0.231356 0.551345 0.030508 0.039120
366 0.232203 0.508557 0.028814 0.036675
38 0.231356 0.468215 0.028814 0.036675
449 0.233051 0.427873 0.032203 0.039120
23 0.235593 0.381418 0.032203 0.044010
21 0.234746 0.332518 0.028814 0.044010
582 0.237288 0.287286 0.032203 0.046455
157 0.267797 0.915648 0.028814 0.026895
38 0.266949 0.878973 0.028814 0.034230
37 0.266949 0.836186 0.027119 0.041565
163 0.267797 0.794621 0.027119 0.029340
165 0.268644 0.756724 0.027119 0.039120
368 0.270339 0.710269 0.022034 0.041565
419 0.272034 0.669927 0.028814 0.034230
38 0.272034 0.630807 0.027119 0.031785
37 0.273729 0.591687 0.020339 0.036675
45 0.273729 0.553790 0.027119 0.034230
15 0.275424 0.507335 0.032203 0.048900
63 0.277966 0.457213 0.028814 0.036675
581 0.277966 0.411980 0.030508 0.041565
151 0.280508 0.359413 0.033898 0.048900
15 0.283898 0.303178 0.028814 0.046455
54 0.283898 0.257946 0.030508 0.039120
422 0.283898 0.213936 0.030508 0.041565
366 0.320339 0.797066 0.028814 0.041565
449 0.319492 0.751834 0.027119 0.036675
23 0.319492 0.706601 0.032203 0.044010
21 0.318644 0.658924 0.030508 0.036675
580 0.322881 0.611247 0.032203 0.048900
317 0.322034 0.567237 0.025424 0.024450
153 0.323729 0.531785 0.032203 0.041565
407 0.325424 0.490220 0.030508 0.031785
43 0.327119 0.454768 0.032203 0.029340
579 0.327966 0.424205 0.030508 0.034230
222 0.327966 0.391198 0.023729 0.031785
37 0.330508 0.354523 0.030508 0.031785
368 0.332203 0.316626 0.032203 0.039120
31 0.332203 0.272616 0.025424 0.041565
163 0.332203 0.232274 0.028814 0.039120
101 0.334746 0.189487 0.023729 0.034230
10 0.333051 0.150367 0.025424 0.039120
202 0.334746 0.113692 0.025424 0.031785
118 0.361864 0.943765 0.032203 0.036675
118 0.362712 0.902200 0.032203 0.034230
118 0.363559 0.801956 0.028814 0.044010
118 0.366102 0.756724 0.030508 0.034230
118 0.364407 0.721271 0.028814 0.031785
118 0.366949 0.680929 0.030508 0.036675
118 0.367797 0.644254 0.025424 0.031785
83 0.368644 0.602689 0.025424 0.034230
112 0.369492 0.566015 0.023729 0.039120
78 0.371186 0.522005 0.030508 0.039120
281 0.371186 0.475550 0.028814 0.041565
224 0.373729 0.429095 0.028814 0.041565
178 0.375424 0.385086 0.030508 0.036675
71 0.372881 0.341076 0.028814 0.034230
70 0.375424 0.305623 0.022034 0.031785
27 0.373729 0.270171 0.028814 0.034230
38 0.377966 0.229829 0.020339 0.039120
37 0.380508 0.190709 0.027119 0.031785
0 0.410169 0.898533 0.028814 0.039120
0 0.410169 0.852078 0.028814 0.041565
0 0.410169 0.810513 0.027119 0.031785
0 0.411864 0.767726 0.028814 0.046455
0 0.414407 0.712714 0.028814 0.046455
0 0.416102 0.666259 0.027119 0.031785
0 0.418644 0.630807 0.030508 0.029340
0 0.417797 0.588020 0.030508 0.048900
0 0.418644 0.540342 0.033898 0.039120
0 0.419492 0.496333 0.025424 0.039120
0 0.422881 0.449878 0.027119 0.044010
0 0.423729 0.400978 0.027119 0.046455
0 0.422881 0.355746 0.030508 0.034230
0 0.423729 0.314181 0.028814 0.036675
0 0.426271 0.273839 0.033898 0.034230
0 0.424576 0.234719 0.030508 0.034230
0 0.427119 0.195599 0.025424 0.031785
0 0.427119 0.160147 0.027119 0.034230
0 0.427966 0.122249 0.023729 0.036675
0 0.428814 0.083130 0.022034 0.031785
0 0.458475 0.891198 0.030508 0.041565
0 0.460169 0.845966 0.033898 0.034230
0 0.459322 0.801956 0.028814 0.041565
0 0.461864 0.755501 0.025424 0.036675
0 0.461864 0.706601 0.028814 0.041565
0 0.466102 0.661369 0.030508 0.041565
0 0.463559 0.611247 0.028814 0.044010
0 0.469492 0.564792 0.030508 0.041565
0 0.468644 0.522005 0.032203 0.026895
0 0.468644 0.491443 0.030508 0.031785
0 0.467797 0.464548 0.028814 0.034230
0 0.468644 0.425428 0.028814 0.034230
0 0.472034 0.383863 0.033898 0.034230
0 0.472034 0.348411 0.030508 0.036675
0 0.472881 0.303178 0.032203 0.046455
0 0.473729 0.257946 0.030508 0.039120
0 0.474576 0.215159 0.030508 0.034230
0 0.476271 0.178484 0.023729 0.026895
0 0.566949 0.937653 0.028814 0.044010
0 0.566102 0.889976 0.028814 0.036675
0 0.566102 0.845966 0.032203 0.036675
0 0.568644 0.800733 0.025424 0.039120
0 0.569492 0.755501 0.033898 0.044010
0 0.567797 0.716381 0.023729 0.022005
0 0.571186 0.678484 0.030508 0.039120
0 0.566102 0.634474 0.027119 0.034230
0 0.566102 0.592910 0.023729 0.034230
0 0.570339 0.548900 0.028814 0.048900
0 0.570339 0.497555 0.028814 0.036675
0 0.571186 0.455990 0.028814 0.041565
0 0.570339 0.438875 0.028814 0.041565
0 0.569492 0.398533 0.035593 0.029340
0 0.570339 0.360636 0.032203 0.044010
0 0.569492 0.341076 0.027119 0.036675
0 0.568644 0.293399 0.030508 0.048900
0 0.568644 0.248166 0.025424 0.029340
0 0.568644 0.206601 0.025424 0.036675
0 0.568644 0.167482 0.022034 0.031785
0 0.566949 0.130807 0.025424 0.034230
0 0.570339 0.085575 0.028814 0.046455
129 0.620339 0.942543 0.030508 0.036675
129 0.622034 0.900978 0.028814 0.041565
129 0.621186 0.861858 0.030508 0.031785
163 0.620339 0.819071 0.030508 0.048900
84 0.618644 0.770171 0.030508 0.036675
368 0.618644 0.726161 0.027119 0.036675
430 0.619492 0.679707 0.032203 0.041565
153 0.616949 0.636919 0.030508 0.029340
429 0.616949 0.595355 0.027119 0.039120
260 0.619492 0.553790 0.028814 0.031785
136 0.617797 0.517115 0.032203 0.039120
157 0.616102 0.471883 0.023729 0.034230
38 0.616102 0.437653 0.022034 0.029340
37 0.614407 0.400978 0.028814 0.034230
181 0.616949 0.354523 0.028814 0.044010
180 0.617797 0.315403 0.027119 0.031785
82 0.616949 0.271394 0.025424 0.046455
231 0.616949 0.223716 0.030508 0.041565
340 0.616102 0.172372 0.035593 0.048900
21 0.616102 0.123472 0.027119 0.041565
84 0.616949 0.079462 0.035593 0.039120
437 0.671186 0.937653 0.030508 0.031785
437 0.670339 0.896088 0.033898 0.041565
437 0.670339 0.848411 0.032203 0.039120
100 0.669492 0.793399 0.030508 0.048900
456 0.668644 0.748166 0.023729 0.029340
59 0.668644 0.706601 0.028814 0.036675
86 0.667797 0.667482 0.018644 0.031785
44 0.666949 0.632029 0.022034 0.029340
163 0.667797 0.590465 0.028814 0.046455
303 0.666949 0.540342 0.023729 0.036675
159 0.664407 0.503667 0.030508 0.034230
83 0.663559 0.462103 0.028814 0.039120
44 0.664407 0.415648 0.030508 0.041565
532 0.666102 0.376528 0.033898 0.029340
161 0.665254 0.342298 0.028814 0.034230
44 0.666102 0.305623 0.028814 0.029340
531 0.665254 0.267726 0.027119 0.041565
178 0.665254 0.223716 0.025424 0.034230
518 0.665254 0.187042 0.027119 0.029340
508 0.665254 0.146699 0.023729 0.039120
421 0.665254 0.110024 0.025424 0.034230
83 0.663559 0.073350 0.023729 0.031785
23 0.717797 0.937653 0.035593 0.036675
23 0.717797 0.902200 0.037288 0.031785
130 0.717797 0.861858 0.030508 0.036675
178 0.718644 0.820293 0.030508 0.034230
578 0.717797 0.771394 0.030508 0.048900
577 0.716949 0.724939 0.023729 0.036675
130 0.716949 0.683374 0.025424 0.036675
576 0.716949 0.639364 0.030508 0.039120
575 0.715254 0.596577 0.025424 0.036675
21 0.715254 0.558680 0.028814 0.031785
574 0.716102 0.519560 0.032203 0.039120
421 0.713559 0.480440 0.023729 0.026895
83 0.715254 0.448655 0.025424 0.024450
23 0.713559 0.409535 0.025424 0.041565
573 0.712712 0.364303 0.028814 0.044010
66 0.712712 0.316626 0.027119 0.034230
572 0.714407 0.270171 0.028814 0.051345
130 0.711864 0.224939 0.032203 0.029340
46 0.712712 0.188264 0.025424 0.036675
475 0.713559 0.143032 0.025424 0.039120
571 0.711017 0.101467 0.027119 0.034230
570 0.711017 0.069682 0.025424 0.024450
130 0.768644 0.931540 0.032203 0.034230
130 0.768644 0.897311 0.025424 0.029340
46 0.766949 0.861858 0.032203 0.036675
183 0.766102 0.814181 0.025424 0.041565
569 0.766102 0.772616 0.030508 0.029340
100 0.766949 0.737164 0.028814 0.034230
367 0.766102 0.688264 0.025424 0.041565
127 0.766102 0.646699 0.025424 0.039120
130 0.765254 0.606357 0.023729 0.036675
568 0.765254 0.563570 0.023729 0.036675
475 0.763559 0.525672 0.032203 0.031785
335 0.763559 0.485330 0.028814 0.046455
294 0.763559 0.440098 0.030508 0.029340
130 0.764407 0.403423 0.028814 0.034230
567 0.761864 0.354523 0.027119 0.044010
566 0.762712 0.308068 0.028814 0.041565
130 0.761864 0.261614 0.027119 0.039120
565 0.761864 0.217604 0.025424 0.036675
564 0.760169 0.183374 0.027119 0.029340
130 0.760169 0.143032 0.025424 0.044010
166 0.761017 0.101467 0.032203 0.031785
563 0.761864 0.068460 0.025424 0.024450
100 0.816102 0.929095 0.030508 0.036675
100 0.816949 0.885086 0.023729 0.034230
100 0.815254 0.836186 0.025424 0.046455
456 0.815254 0.788509 0.023729 0.039120
546 0.813559 0.745721 0.030508 0.036675
44 0.814407 0.702934 0.025424 0.036675
77 0.814407 0.667482 0.032203 0.031785
45 0.811864 0.627139 0.030508 0.044010
268 0.812712 0.586797 0.028814 0.031785
157 0.814407 0.546455 0.028814 0.041565
38 0.812712 0.506112 0.025424 0.024450
37 0.813559 0.464548 0.032203 0.046455
86 0.810169 0.416870 0.030508 0.036675
45 0.811864 0.380196 0.027119 0.026895
192 0.811017 0.345966 0.023729 0.036675
35 0.811017 0.306846 0.030508 0.031785
252 0.808475 0.261614 0.027119 0.044010
562 0.809322 0.220049 0.028814 0.029340
302 0.808475 0.184597 0.025424 0.031785
44 0.806780 0.154034 0.022034 0.024450
163 0.808475 0.114914 0.020339 0.039120
561 0.808475 0.070905 0.022034 0.036675
21 0.859322 0.931540 0.025424 0.024450
560 0.861017 0.896088 0.027119 0.034230
67 0.862712 0.856968 0.027119 0.036675
559 0.861864 0.806846 0.027119 0.048900
558 0.860169 0.761614 0.027119 0.031785
557 0.861864 0.723716 0.028814 0.041565
556 0.861017 0.674817 0.028814 0.044010
178 0.861017 0.630807 0.028814 0.041565
100 0.860169 0.585575 0.027119 0.039120
130 0.859322 0.535452 0.030508 0.051345
21 0.861017 0.491443 0.028814 0.026895
84 0.860169 0.459658 0.030508 0.031785
437 0.861017 0.429095 0.030508 0.029340
100 0.858475 0.392421 0.027119 0.034230
456 0.856780 0.352078 0.028814 0.029340
130 0.858475 0.309291 0.030508 0.044010
555 0.855932 0.262836 0.027119 0.039120
68 0.855085 0.223716 0.030508 0.034230
67 0.853390 0.183374 0.028814 0.039120
163 0.853390 0.145477 0.028814 0.034230
229 0.853390 0.108802 0.028814 0.034230
448 0.853390 0.070905 0.028814 0.036675
44 0.908475 0.933985 0.025424 0.019560
44 0.908475 0.908313 0.025424 0.029340
44 0.908475 0.875306 0.025424 0.034230
66 0.908475 0.833741 0.023729 0.036675
415 0.908475 0.793399 0.030508 0.041565
35 0.908475 0.748166 0.027119 0.039120
267 0.906780 0.709046 0.028814 0.026895
165 0.907627 0.674817 0.028814 0.036675
437 0.906780 0.640587 0.025424 0.029340
15 0.906780 0.603912 0.018644 0.034230
554 0.904237 0.562347 0.023729 0.039120
255 0.905932 0.514670 0.023729 0.034230
327 0.904237 0.471883 0.025424 0.031785
349 0.905085 0.429095 0.030508 0.041565
281 0.905085 0.383863 0.025424 0.036675
182 0.905085 0.341076 0.030508 0.041565
38 0.906780 0.297066 0.030508 0.031785
37 0.905085 0.256724 0.032203 0.039120
553 0.904237 0.217604 0.027119 0.031785
266 0.904237 0.179707 0.025424 0.029340
437 0.902542 0.138142 0.023729 0.039120
100 0.903390 0.099022 0.023729 0.031785
43 0.902542 0.064792 0.018644 0.029340
157 0.921186 0.603912 0.013559 0.022005
38 0.922881 0.569682 0.013559 0.029340
37 0.951695 0.922983 0.023729 0.026895
162 0.950847 0.882641 0.027119 0.044010
36 0.955085 0.837408 0.032203 0.039120
35 0.953390 0.798289 0.027119 0.036675
167 0.952542 0.751834 0.030508 0.046455
330 0.950847 0.701711 0.025424 0.036675
552 0.950847 0.657702 0.023729 0.039120
178 0.950847 0.617359 0.027119 0.031785
231 0.950847 0.574572 0.027119 0.039120
178 0.950847 0.530562 0.027119 0.039120
165 0.950847 0.488998 0.030508 0.036675
437 0.950000 0.443765 0.028814 0.044010
100 0.950847 0.404645 0.020339 0.026895
21 0.950000 0.370416 0.025424 0.031785
115 0.948305 0.330073 0.027119 0.036675
421 0.950000 0.290954 0.025424 0.034230
83 0.949153 0.253056 0.025424 0.034230
78 0.948305 0.217604 0.027119 0.034230
64 0.949153 0.178484 0.027119 0.034230
108 0.949153 0.138142 0.028814 0.036675
551 0.949153 0.102689 0.030508 0.029340
421 0.950000 0.073350 0.030508 0.036675
