13 0.270833 0.931442 0.029514 0.030733
577 0.271701 0.900709 0.026042 0.028369
576 0.271701 0.865248 0.027778 0.037825
171 0.274306 0.826241 0.022569 0.033097
170 0.273438 0.791962 0.029514 0.028369
75 0.274306 0.758865 0.031250 0.033097
4 0.275174 0.723404 0.029514 0.035461
148 0.276910 0.684397 0.032986 0.037825
25 0.276910 0.651300 0.029514 0.026005
26 0.278646 0.617021 0.026042 0.035461
165 0.277778 0.578014 0.027778 0.033097
68 0.280382 0.543735 0.026042 0.033097
29 0.281250 0.508274 0.027778 0.030733
28 0.282986 0.476359 0.022569 0.028369
70 0.282986 0.445626 0.022569 0.028369
21 0.284722 0.414894 0.027778 0.030733
0 0.286458 0.380615 0.031250 0.035461
274 0.287326 0.338061 0.026042 0.040189
860 0.288194 0.258865 0.027778 0.033097
220 0.315972 0.930260 0.029514 0.030733
75 0.315972 0.893617 0.026042 0.037825
158 0.315972 0.858156 0.022569 0.026005
64 0.315972 0.826241 0.026042 0.035461
109 0.319444 0.781324 0.024306 0.035461
106 0.319444 0.742317 0.029514 0.040189
224 0.320312 0.708038 0.029514 0.028369
345 0.320312 0.678487 0.024306 0.026005
652 0.322049 0.650118 0.024306 0.028369
1102 0.323785 0.619385 0.027778 0.030733
1101 0.324653 0.586288 0.024306 0.030733
33 0.324653 0.553191 0.031250 0.033097
173 0.325521 0.515366 0.031250 0.035461
241 0.327257 0.473995 0.031250 0.040189
305 0.328125 0.432624 0.031250 0.042553
127 0.330729 0.392435 0.029514 0.030733
29 0.329861 0.361702 0.026042 0.030733
28 0.333333 0.325059 0.029514 0.033097
106 0.331597 0.287234 0.029514 0.033097
740 0.333333 0.221040 0.031250 0.037825
223 0.358507 0.926714 0.026042 0.035461
127 0.358507 0.894799 0.027778 0.028369
29 0.359375 0.862884 0.029514 0.033097
28 0.361979 0.829787 0.026042 0.035461
106 0.361979 0.794326 0.026042 0.033097
13 0.361111 0.758865 0.029514 0.035461
214 0.364583 0.726950 0.022569 0.028369
531 0.363715 0.692671 0.026042 0.035461
64 0.364583 0.658392 0.022569 0.033097
127 0.363715 0.627660 0.027778 0.028369
29 0.364583 0.594563 0.024306 0.033097
28 0.366319 0.562648 0.024306 0.028369
33 0.367188 0.534279 0.029514 0.028369
106 0.369792 0.498818 0.027778 0.040189
135 0.369792 0.460993 0.026042 0.033097
70 0.370660 0.419622 0.026042 0.042553
7 0.370660 0.380615 0.026042 0.030733
11 0.372396 0.345154 0.027778 0.035461
705 0.372396 0.304965 0.026042 0.040189
83 0.373264 0.262411 0.029514 0.035461
43 0.373264 0.226950 0.027778 0.035461
172 0.373264 0.190307 0.027778 0.033097
274 0.374132 0.154846 0.026042 0.035461
58 0.400174 0.924350 0.026042 0.026005
64 0.401910 0.894799 0.026042 0.028369
133 0.401910 0.865248 0.020833 0.028369
35 0.402778 0.834515 0.027778 0.028369
7 0.404514 0.802600 0.026042 0.028369
11 0.403646 0.771868 0.022569 0.028369
83 0.405382 0.744681 0.022569 0.026005
127 0.403646 0.717494 0.024306 0.028369
29 0.406250 0.685579 0.024306 0.030733
28 0.406250 0.651300 0.022569 0.030733
176 0.407118 0.619385 0.022569 0.030733
64 0.405382 0.583924 0.024306 0.030733
190 0.407986 0.549645 0.022569 0.033097
75 0.408854 0.514184 0.024306 0.033097
158 0.407986 0.481087 0.022569 0.026005
142 0.408854 0.447991 0.024306 0.033097
110 0.409722 0.412530 0.024306 0.033097
1100 0.409722 0.380615 0.026042 0.028369
58 0.410590 0.352246 0.024306 0.026005
3 0.411458 0.327423 0.022569 0.026005
274 0.412326 0.296690 0.026042 0.033097
264 0.411458 0.260047 0.026042 0.033097
75 0.410590 0.228132 0.024306 0.026005
158 0.411458 0.193853 0.022569 0.035461
64 0.411458 0.158392 0.027778 0.030733
127 0.439236 0.910165 0.020833 0.028369
29 0.438368 0.880615 0.019097 0.028369
28 0.439236 0.851064 0.020833 0.028369
52 0.440972 0.820331 0.022569 0.028369
25 0.441840 0.784870 0.022569 0.035461
68 0.441840 0.749409 0.022569 0.033097
63 0.442708 0.676123 0.020833 0.030733
138 0.443576 0.644208 0.022569 0.030733
52 0.444444 0.609929 0.019097 0.028369
264 0.442708 0.581560 0.020833 0.026005
75 0.443576 0.550827 0.019097 0.028369
158 0.444444 0.520095 0.019097 0.028369
876 0.443576 0.490544 0.019097 0.026005
109 0.443576 0.460993 0.017361 0.028369
127 0.443576 0.423168 0.019097 0.035461
29 0.445312 0.388889 0.019097 0.028369
28 0.446181 0.359338 0.015625 0.026005
2 0.445312 0.333333 0.019097 0.023641
133 0.447917 0.301418 0.019097 0.033097
58 0.447917 0.265957 0.019097 0.033097
9 0.447049 0.231678 0.019097 0.028369
62 0.447917 0.198582 0.019097 0.028369
187 0.685764 0.788416 0.029514 0.037825
186 0.684028 0.751773 0.029514 0.033097
107 0.684896 0.716312 0.029514 0.033097
70 0.680556 0.683215 0.026042 0.030733
88 0.680556 0.650118 0.026042 0.028369
65 0.679688 0.615839 0.029514 0.030733
26 0.678819 0.581560 0.026042 0.026005
54 0.677083 0.546099 0.031250 0.037825
64 0.676215 0.505910 0.031250 0.035461
1099 0.727431 0.732861 0.026042 0.028369
75 0.727431 0.704492 0.027778 0.026005
158 0.725694 0.673759 0.029514 0.033097
135 0.724826 0.637116 0.026042 0.028369
127 0.722222 0.595745 0.027778 0.040189
29 0.720486 0.557920 0.026042 0.028369
28 0.720486 0.524823 0.024306 0.033097
15 0.717014 0.490544 0.026042 0.033097
102 0.716146 0.458629 0.024306 0.030733
278 0.716146 0.427896 0.026042 0.028369
33 0.714410 0.395981 0.027778 0.030733
15 0.713542 0.364066 0.020833 0.026005
167 0.711806 0.338061 0.022569 0.028369
106 0.710938 0.301418 0.029514 0.037825
64 0.772569 0.729314 0.032986 0.028369
127 0.772569 0.698582 0.027778 0.028369
29 0.770833 0.666667 0.029514 0.030733
28 0.768229 0.633570 0.026042 0.028369
115 0.768229 0.602837 0.024306 0.026005
13 0.767361 0.573286 0.027778 0.030733
74 0.763889 0.540189 0.024306 0.033097
26 0.763889 0.510638 0.026042 0.026005
709 0.761285 0.477541 0.029514 0.030733
230 0.760417 0.444444 0.020833 0.026005
425 0.757812 0.416076 0.026042 0.028369
83 0.756944 0.385343 0.024306 0.030733
145 0.756076 0.355792 0.020833 0.023641
1098 0.756076 0.323877 0.029514 0.033097
230 0.754340 0.290780 0.027778 0.028369
479 0.818576 0.760047 0.020833 0.026005
34 0.818576 0.726950 0.024306 0.033097
96 0.816840 0.697400 0.024306 0.023641
13 0.815972 0.670213 0.020833 0.023641
54 0.814236 0.646572 0.022569 0.018913
53 0.812500 0.617021 0.027778 0.030733
271 0.811632 0.586288 0.026042 0.026005
70 0.809028 0.559102 0.026042 0.028369
350 0.809028 0.529551 0.027778 0.026005
176 0.809028 0.500000 0.029514 0.028369
142 0.808160 0.472813 0.029514 0.026005
309 0.807292 0.439716 0.031250 0.033097
105 0.802951 0.406619 0.027778 0.028369
142 0.803819 0.375887 0.027778 0.026005
157 0.801215 0.347518 0.022569 0.026005
68 0.801215 0.317967 0.031250 0.028369
320 0.800347 0.286052 0.026042 0.033097
463 0.863715 0.793144 0.029514 0.028369
343 0.861979 0.765957 0.027778 0.026005
109 0.863715 0.729314 0.029514 0.035461
127 0.861979 0.695035 0.026042 0.023641
29 0.862847 0.667849 0.022569 0.028369
28 0.860243 0.633570 0.024306 0.030733
48 0.859375 0.601655 0.022569 0.028369
33 0.857639 0.565012 0.029514 0.037825
196 0.854167 0.523641 0.027778 0.033097
33 0.853299 0.488180 0.031250 0.035461
70 0.852431 0.450355 0.031250 0.028369
350 0.850694 0.417258 0.024306 0.033097
195 0.849826 0.386525 0.022569 0.028369
784 0.850694 0.356974 0.027778 0.028369
13 0.848090 0.325059 0.032986 0.033097
121 0.846354 0.289598 0.027778 0.030733
1097 0.845486 0.260047 0.031250 0.026005
