0 0.059896 0.946809 0.026042 0.030733
0 0.059028 0.917258 0.027778 0.026005
0 0.060764 0.888889 0.029514 0.028369
0 0.060764 0.860520 0.026042 0.023641
0 0.060764 0.832151 0.027778 0.030733
0 0.061632 0.800236 0.027778 0.030733
0 0.061632 0.767139 0.029514 0.028369
0 0.063368 0.736407 0.029514 0.030733
0 0.063368 0.705674 0.026042 0.033097
0 0.063368 0.666667 0.029514 0.040189
0 0.064236 0.628842 0.026042 0.028369
0 0.062500 0.598109 0.024306 0.030733
0 0.062500 0.561466 0.029514 0.035461
0 0.064236 0.522459 0.029514 0.040189
0 0.065104 0.482270 0.031250 0.035461
0 0.066840 0.446809 0.027778 0.033097
0 0.066840 0.413712 0.029514 0.028369
0 0.068576 0.378251 0.031250 0.033097
0 0.068576 0.339243 0.026042 0.030733
0 0.068576 0.308511 0.029514 0.023641
0 0.068576 0.278960 0.027778 0.028369
0 0.068576 0.243499 0.024306 0.033097
0 0.070312 0.206856 0.027778 0.033097
0 0.070312 0.170213 0.026042 0.035461
0 0.072917 0.134752 0.031250 0.035461
0 0.105035 0.949173 0.026042 0.023641
0 0.105035 0.918440 0.024306 0.030733
0 0.105903 0.887707 0.029514 0.028369
0 0.105903 0.852246 0.027778 0.030733
0 0.105035 0.815603 0.027778 0.040189
0 0.107639 0.773050 0.029514 0.035461
0 0.105903 0.738771 0.031250 0.028369
0 0.106771 0.700946 0.027778 0.037825
0 0.106771 0.661939 0.027778 0.037825
0 0.108507 0.624113 0.031250 0.030733
0 0.106771 0.592199 0.026042 0.033097
0 0.109375 0.552009 0.027778 0.040189
0 0.110243 0.514184 0.027778 0.033097
0 0.109375 0.476359 0.024306 0.035461
0 0.111111 0.443262 0.027778 0.026005
0 0.112847 0.411348 0.027778 0.035461
0 0.115451 0.377069 0.026042 0.026005
0 0.114583 0.345154 0.027778 0.030733
0 0.117188 0.309693 0.027778 0.033097
0 0.116319 0.274232 0.022569 0.030733
0 0.117188 0.243499 0.024306 0.026005
0 0.115451 0.208038 0.029514 0.035461
0 0.116319 0.171395 0.029514 0.030733
0 0.115451 0.134752 0.027778 0.033097
0 0.149306 0.950355 0.026042 0.028369
0 0.149306 0.920804 0.031250 0.028369
0 0.150174 0.888889 0.027778 0.033097
0 0.150174 0.855792 0.026042 0.028369
0 0.148438 0.823877 0.031250 0.030733
0 0.151910 0.789598 0.031250 0.030733
0 0.152778 0.751773 0.031250 0.035461
0 0.153646 0.712766 0.026042 0.033097
0 0.152778 0.678487 0.026042 0.028369
0 0.152778 0.641844 0.024306 0.037825
0 0.157118 0.604019 0.029514 0.028369
0 0.156250 0.578014 0.027778 0.021277
0 0.157118 0.547281 0.031250 0.037825
0 0.157986 0.513002 0.031250 0.028369
0 0.158854 0.470449 0.027778 0.042553
149 0.159722 0.432624 0.024306 0.033097
67 0.159722 0.392435 0.027778 0.037825
1175 0.161458 0.361702 0.026042 0.026005
501 0.161458 0.330969 0.029514 0.033097
162 0.161458 0.296690 0.026042 0.026005
503 0.163194 0.264775 0.029514 0.033097
44 0.164062 0.230496 0.027778 0.035461
207 0.164931 0.195035 0.029514 0.028369
163 0.165799 0.165485 0.032986 0.030733
1174 0.163194 0.132388 0.029514 0.030733
280 0.196181 0.951537 0.022569 0.021277
495 0.196181 0.925532 0.024306 0.026005
151 0.197917 0.894799 0.027778 0.030733
164 0.197917 0.860520 0.027778 0.028369
43 0.198785 0.827423 0.029514 0.033097
1173 0.198785 0.783688 0.029514 0.042553
192 0.200521 0.741135 0.029514 0.030733
190 0.201389 0.709220 0.027778 0.030733
715 0.201389 0.671395 0.027778 0.042553
16 0.203125 0.630024 0.026042 0.033097
21 0.203993 0.594563 0.032986 0.028369
157 0.203993 0.561466 0.026042 0.030733
38 0.204861 0.526005 0.029514 0.037825
151 0.206597 0.489362 0.026042 0.030733
37 0.205729 0.452719 0.029514 0.037825
349 0.207465 0.407801 0.031250 0.042553
657 0.210069 0.366430 0.029514 0.033097
136 0.210938 0.325059 0.026042 0.040189
385 0.211806 0.291962 0.024306 0.023641
44 0.211806 0.260047 0.031250 0.035461
207 0.212674 0.225768 0.027778 0.033097
457 0.212674 0.192671 0.029514 0.030733
136 0.212674 0.163121 0.020833 0.026005
222 0.210938 0.133570 0.026042 0.030733
777 0.246528 0.944444 0.027778 0.026005
43 0.245660 0.911348 0.032986 0.035461
144 0.246528 0.875887 0.029514 0.033097
143 0.247396 0.841608 0.031250 0.030733
129 0.247396 0.807329 0.031250 0.030733
1170 0.248264 0.775414 0.027778 0.033097
267 0.247396 0.734043 0.026042 0.040189
294 0.249132 0.695035 0.032986 0.030733
157 0.248264 0.666667 0.027778 0.026005
38 0.249132 0.630024 0.029514 0.040189
37 0.250868 0.594563 0.024306 0.026005
91 0.251736 0.563830 0.031250 0.035461
459 0.250000 0.528369 0.029514 0.028369
458 0.253472 0.494090 0.029514 0.035461
68 0.255208 0.458629 0.029514 0.033097
67 0.255208 0.419622 0.031250 0.040189
37 0.259549 0.374704 0.032986 0.042553
429 0.258681 0.332151 0.026042 0.035461
83 0.259549 0.300236 0.022569 0.028369
21 0.262153 0.268322 0.031250 0.030733
574 0.261285 0.238771 0.029514 0.028369
1076 0.263021 0.208038 0.029514 0.028369
83 0.262153 0.178487 0.029514 0.030733
112 0.262153 0.140662 0.032986 0.042553
137 0.293403 0.951537 0.026042 0.026005
1132 0.294271 0.920804 0.029514 0.030733
151 0.292535 0.880615 0.031250 0.040189
15 0.294271 0.843972 0.031250 0.028369
43 0.296007 0.812057 0.024306 0.028369
524 0.296875 0.782506 0.027778 0.028369
66 0.297743 0.744681 0.029514 0.040189
1172 0.299479 0.706856 0.032986 0.033097
178 0.300347 0.666667 0.029514 0.035461
192 0.299479 0.631206 0.031250 0.033097
458 0.301215 0.596927 0.029514 0.028369
1171 0.301215 0.566194 0.029514 0.028369
449 0.302083 0.533097 0.024306 0.035461
23 0.301215 0.492908 0.027778 0.040189
143 0.303819 0.455083 0.029514 0.033097
163 0.302951 0.419622 0.026042 0.033097
129 0.304688 0.387707 0.024306 0.028369
368 0.302951 0.356974 0.029514 0.030733
270 0.306424 0.317967 0.029514 0.040189
1170 0.309896 0.277778 0.031250 0.033097
241 0.310764 0.243499 0.031250 0.028369
151 0.309896 0.210402 0.029514 0.033097
954 0.309896 0.167849 0.029514 0.042553
198 0.310764 0.133570 0.029514 0.026005
21 0.342014 0.956265 0.027778 0.026005
137 0.344618 0.927896 0.031250 0.028369
1132 0.345486 0.894799 0.031250 0.035461
151 0.343750 0.861702 0.031250 0.026005
82 0.345486 0.830969 0.032986 0.030733
257 0.347222 0.797872 0.031250 0.033097
238 0.345486 0.777778 0.027778 0.026005
224 0.345486 0.742317 0.029514 0.042553
38 0.347222 0.700946 0.034722 0.030733
37 0.348090 0.663121 0.034722 0.037825
151 0.348958 0.624113 0.029514 0.040189
607 0.348958 0.587470 0.032986 0.026005
66 0.348958 0.559102 0.029514 0.033097
164 0.350694 0.518913 0.029514 0.040189
100 0.352431 0.475177 0.027778 0.040189
178 0.352431 0.438534 0.031250 0.030733
43 0.351562 0.403073 0.027778 0.033097
368 0.351562 0.364066 0.026042 0.040189
1169 0.355035 0.328605 0.031250 0.028369
192 0.355035 0.299054 0.029514 0.033097
190 0.356771 0.262411 0.029514 0.035461
100 0.355903 0.221040 0.027778 0.037825
178 0.356771 0.184397 0.024306 0.028369
157 0.357639 0.145390 0.024306 0.042553
0 0.390625 0.942080 0.026042 0.033097
0 0.392361 0.906619 0.026042 0.028369
0 0.392361 0.871158 0.027778 0.033097
0 0.394097 0.836879 0.029514 0.030733
0 0.394097 0.810875 0.024306 0.026005
0 0.394965 0.777778 0.022569 0.033097
0 0.394965 0.738771 0.027778 0.037825
0 0.394965 0.700946 0.022569 0.023641
0 0.396701 0.672577 0.031250 0.035461
0 0.396701 0.638298 0.026042 0.023641
0 0.396701 0.605201 0.029514 0.033097
0 0.397569 0.569740 0.027778 0.033097
0 0.399306 0.536643 0.027778 0.033097
0 0.400174 0.501182 0.032986 0.035461
0 0.399306 0.465721 0.024306 0.026005
0 0.400174 0.434988 0.024306 0.033097
0 0.401042 0.400709 0.024306 0.030733
0 0.402778 0.366430 0.027778 0.030733
0 0.404514 0.338061 0.029514 0.023641
0 0.404514 0.310875 0.027778 0.028369
0 0.404514 0.278960 0.026042 0.030733
0 0.405382 0.250591 0.031250 0.026005
0 0.406250 0.222222 0.027778 0.030733
0 0.405382 0.184397 0.029514 0.037825
0 0.407118 0.144208 0.027778 0.035461
0 0.439236 0.919622 0.026042 0.028369
0 0.440972 0.882979 0.026042 0.037825
0 0.440972 0.843972 0.027778 0.030733
0 0.441840 0.809693 0.022569 0.033097
0 0.442708 0.776596 0.024306 0.030733
0 0.443576 0.742317 0.022569 0.033097
0 0.444444 0.708038 0.026042 0.033097
0 0.443576 0.671395 0.027778 0.035461
0 0.445312 0.633570 0.022569 0.030733
0 0.445312 0.604019 0.020833 0.023641
0 0.444444 0.575650 0.024306 0.030733
0 0.445312 0.539007 0.026042 0.037825
0 0.446181 0.502364 0.027778 0.030733
0 0.446181 0.470449 0.024306 0.030733
0 0.447917 0.438534 0.026042 0.030733
0 0.447917 0.406619 0.027778 0.028369
0 0.447917 0.375887 0.024306 0.028369
0 0.448785 0.347518 0.022569 0.026005
0 0.449653 0.321513 0.024306 0.028369
0 0.449653 0.288416 0.027778 0.033097
0 0.450521 0.251773 0.024306 0.035461
0 0.451389 0.216312 0.022569 0.028369
0 0.451389 0.184397 0.027778 0.035461
0 0.450521 0.147754 0.031250 0.037825
0 0.519097 0.546099 0.019097 0.035461
0 0.517361 0.509456 0.022569 0.030733
0 0.517361 0.475177 0.020833 0.030733
0 0.517361 0.442080 0.020833 0.030733
0 0.518229 0.406619 0.022569 0.033097
0 0.518229 0.372340 0.022569 0.033097
0 0.518229 0.339243 0.024306 0.028369
0 0.518229 0.306147 0.024306 0.030733
0 0.517361 0.270686 0.022569 0.035461
0 0.517361 0.237589 0.026042 0.028369
0 0.515625 0.200946 0.022569 0.035461
0 0.515625 0.160757 0.024306 0.035461
0 0.565104 0.962175 0.024306 0.030733
0 0.564236 0.932624 0.024306 0.028369
0 0.564236 0.900709 0.022569 0.030733
0 0.562500 0.867612 0.026042 0.030733
0 0.562500 0.830969 0.026042 0.037825
0 0.564236 0.789598 0.026042 0.037825
0 0.563368 0.754137 0.027778 0.033097
0 0.564236 0.716312 0.031250 0.037825
0 0.563368 0.674941 0.029514 0.040189
0 0.564236 0.631206 0.031250 0.037825
0 0.564236 0.594563 0.027778 0.028369
0 0.561632 0.559102 0.027778 0.037825
0 0.563368 0.523641 0.026042 0.030733
0 0.563368 0.491726 0.027778 0.030733
0 0.561632 0.455083 0.029514 0.040189
0 0.564236 0.417258 0.031250 0.033097
0 0.562500 0.382979 0.027778 0.028369
0 0.561632 0.352246 0.026042 0.026005
0 0.560764 0.323877 0.024306 0.033097
0 0.561632 0.284870 0.027778 0.040189
0 0.561632 0.242317 0.027778 0.044917
0 0.560764 0.200946 0.029514 0.037825
0 0.558160 0.157210 0.026042 0.040189
0 0.614583 0.959811 0.029514 0.033097
0 0.614583 0.927896 0.031250 0.028369
0 0.616319 0.898345 0.026042 0.023641
0 0.615451 0.862884 0.026042 0.040189
0 0.611979 0.819149 0.029514 0.037825
0 0.612847 0.780142 0.032986 0.037825
0 0.611111 0.742317 0.024306 0.035461
0 0.610243 0.704492 0.031250 0.037825
0 0.609375 0.665485 0.029514 0.033097
0 0.610243 0.627660 0.029514 0.040189
0 0.611111 0.583924 0.031250 0.035461
0 0.609375 0.543735 0.029514 0.037825
0 0.608507 0.500000 0.029514 0.042553
0 0.605903 0.455083 0.027778 0.040189
0 0.605035 0.418440 0.029514 0.028369
0 0.609375 0.384161 0.026042 0.030733
0 0.610243 0.349882 0.027778 0.037825
0 0.607639 0.309693 0.031250 0.035461
0 0.607639 0.268322 0.032986 0.037825
0 0.605903 0.229314 0.026042 0.033097
0 0.606771 0.191489 0.032986 0.035461
0 0.606771 0.151300 0.034722 0.035461
0 0.660590 0.953901 0.022569 0.030733
0 0.660590 0.919622 0.029514 0.035461
0 0.660590 0.885343 0.026042 0.028369
0 0.661458 0.849882 0.027778 0.037825
0 0.660590 0.808511 0.027778 0.042553
0 0.660590 0.769504 0.036458 0.033097
0 0.658854 0.730496 0.031250 0.037825
0 0.658854 0.687943 0.029514 0.035461
0 0.658854 0.646572 0.029514 0.047281
0 0.658854 0.595745 0.031250 0.044917
0 0.660590 0.552009 0.031250 0.033097
0 0.657986 0.514184 0.029514 0.030733
0 0.657986 0.475177 0.024306 0.037825
0 0.656250 0.433806 0.032986 0.037825
0 0.655382 0.393617 0.029514 0.033097
0 0.654514 0.358156 0.026042 0.033097
0 0.656250 0.323877 0.027778 0.030733
0 0.655382 0.286052 0.026042 0.040189
0 0.655382 0.244681 0.031250 0.040189
0 0.654514 0.206856 0.031250 0.030733
0 0.653646 0.173759 0.029514 0.030733
0 0.653646 0.144208 0.026042 0.028369
0 0.710069 0.956265 0.027778 0.030733
0 0.711806 0.920804 0.027778 0.033097
0 0.710938 0.886525 0.026042 0.033097
0 0.710069 0.848700 0.027778 0.040189
0 0.711806 0.808511 0.032986 0.030733
0 0.710069 0.773050 0.031250 0.035461
0 0.710069 0.738771 0.029514 0.030733
0 0.709201 0.702128 0.032986 0.040189
0 0.709201 0.667849 0.029514 0.030733
0 0.708333 0.632388 0.031250 0.035461
0 0.707465 0.586288 0.029514 0.040189
0 0.706597 0.549645 0.031250 0.030733
0 0.707465 0.520095 0.031250 0.030733
0 0.706597 0.489362 0.031250 0.028369
0 0.705729 0.456265 0.031250 0.033097
0 0.704861 0.417258 0.027778 0.037825
0 0.703125 0.382979 0.026042 0.028369
0 0.703993 0.351064 0.029514 0.030733
0 0.703993 0.316785 0.029514 0.030733
0 0.701389 0.283688 0.026042 0.035461
0 0.702257 0.245863 0.029514 0.033097
0 0.701389 0.210402 0.031250 0.033097
0 0.700521 0.177305 0.031250 0.028369
0 0.701389 0.145390 0.031250 0.030733
0 0.756944 0.953901 0.027778 0.028369
0 0.757812 0.925532 0.029514 0.023641
0 0.756944 0.893617 0.029514 0.042553
0 0.757812 0.849882 0.029514 0.035461
0 0.755208 0.815603 0.027778 0.028369
0 0.756076 0.781324 0.031250 0.035461
0 0.755208 0.741135 0.027778 0.037825
0 0.755208 0.703310 0.029514 0.030733
0 0.755208 0.663121 0.029514 0.042553
0 0.754340 0.624113 0.024306 0.035461
0 0.753472 0.589835 0.024306 0.028369
0 0.752604 0.554374 0.024306 0.035461
0 0.754340 0.520095 0.029514 0.026005
0 0.753472 0.483452 0.029514 0.040189
0 0.755208 0.445626 0.029514 0.030733
0 0.753472 0.412530 0.029514 0.030733
0 0.751736 0.377069 0.029514 0.037825
0 0.752604 0.338061 0.029514 0.030733
0 0.749132 0.302600 0.024306 0.035461
0 0.750000 0.264775 0.029514 0.040189
0 0.751736 0.219858 0.029514 0.035461
0 0.749132 0.180851 0.031250 0.033097
0 0.747396 0.143026 0.031250 0.033097
0 0.803819 0.947991 0.026042 0.033097
0 0.803819 0.917258 0.029514 0.026005
0 0.803819 0.886525 0.024306 0.028369
0 0.802083 0.851064 0.022569 0.035461
0 0.802951 0.815603 0.029514 0.030733
0 0.801215 0.777778 0.031250 0.035461
0 0.802083 0.741135 0.026042 0.028369
0 0.800347 0.703310 0.026042 0.037825
0 0.800347 0.661939 0.029514 0.037825
0 0.801215 0.619385 0.027778 0.042553
0 0.799479 0.575650 0.027778 0.033097
0 0.799479 0.548463 0.027778 0.028369
0 0.799479 0.517730 0.026042 0.028369
0 0.800347 0.486998 0.029514 0.028369
0 0.799479 0.452719 0.027778 0.033097
0 0.800347 0.417258 0.029514 0.030733
0 0.800347 0.380615 0.027778 0.033097
0 0.798611 0.345154 0.022569 0.028369
0 0.797743 0.313239 0.024306 0.030733
0 0.796875 0.278960 0.022569 0.033097
0 0.796875 0.249409 0.024306 0.026005
0 0.797743 0.213948 0.026042 0.035461
0 0.796007 0.176123 0.029514 0.035461
0 0.793403 0.141844 0.027778 0.026005
0 0.847222 0.947991 0.024306 0.028369
0 0.847222 0.923168 0.022569 0.018913
0 0.848090 0.892435 0.026042 0.033097
0 0.848090 0.856974 0.029514 0.030733
0 0.846354 0.823877 0.026042 0.030733
0 0.846354 0.791962 0.020833 0.028369
0 0.845486 0.763593 0.024306 0.028369
0 0.847222 0.725768 0.027778 0.035461
0 0.845486 0.695035 0.024306 0.023641
0 0.846354 0.661939 0.031250 0.033097
0 0.846354 0.628842 0.024306 0.028369
0 0.846354 0.593381 0.027778 0.033097
0 0.846354 0.561466 0.027778 0.030733
0 0.844618 0.528369 0.027778 0.028369
0 0.846354 0.498818 0.031250 0.028369
0 0.844618 0.465721 0.029514 0.035461
0 0.843750 0.430260 0.027778 0.033097
0 0.842882 0.394799 0.029514 0.030733
0 0.842014 0.365248 0.027778 0.030733
0 0.842014 0.335697 0.022569 0.028369
0 0.842014 0.302600 0.026042 0.035461
0 0.842014 0.265957 0.029514 0.037825
0 0.842014 0.223404 0.024306 0.035461
0 0.842014 0.190307 0.027778 0.026005
0 0.842014 0.148936 0.029514 0.044917
0 0.893229 0.955083 0.019097 0.021277
0 0.890625 0.934988 0.027778 0.028369
0 0.890625 0.904255 0.024306 0.028369
0 0.890625 0.866430 0.022569 0.040189
0 0.891493 0.830969 0.026042 0.028369
0 0.892361 0.797872 0.027778 0.028369
0 0.891493 0.768322 0.027778 0.030733
0 0.892361 0.729314 0.029514 0.042553
0 0.892361 0.684397 0.027778 0.037825
0 0.893229 0.646572 0.027778 0.033097
0 0.893229 0.612293 0.026042 0.030733
0 0.893229 0.575650 0.027778 0.033097
0 0.892361 0.544917 0.027778 0.026005
0 0.890625 0.517730 0.024306 0.026005
0 0.891493 0.484634 0.029514 0.033097
0 0.891493 0.453901 0.031250 0.030733
0 0.890625 0.418440 0.029514 0.035461
0 0.890625 0.384161 0.031250 0.028369
0 0.891493 0.353428 0.029514 0.033097
0 0.891493 0.321513 0.026042 0.028369
0 0.891493 0.289598 0.026042 0.030733
0 0.891493 0.258865 0.020833 0.028369
0 0.890625 0.232861 0.022569 0.026005
0 0.892361 0.200946 0.027778 0.028369
0 0.891493 0.171395 0.029514 0.030733
0 0.889757 0.139480 0.024306 0.028369
