0 0.089897 0.909639 0.027397 0.026506
0 0.086473 0.883133 0.020548 0.024096
0 0.085616 0.854217 0.023973 0.031325
0 0.087329 0.814458 0.029110 0.040964
0 0.089041 0.767470 0.025685 0.043373
0 0.086473 0.727711 0.027397 0.028916
0 0.087329 0.693976 0.025685 0.038554
0 0.089897 0.649398 0.027397 0.040964
0 0.090753 0.604819 0.025685 0.033735
0 0.090753 0.568675 0.023973 0.036145
0 0.092466 0.531325 0.023973 0.028916
0 0.091610 0.497590 0.025685 0.031325
0 0.092466 0.459036 0.029110 0.036145
0 0.092466 0.422892 0.029110 0.031325
0 0.094178 0.387952 0.027397 0.033735
0 0.094178 0.357831 0.023973 0.028916
0 0.092466 0.328916 0.030822 0.026506
0 0.095890 0.295181 0.030822 0.031325
0 0.095890 0.255422 0.027397 0.043373
0 0.095890 0.210843 0.030822 0.036145
0 0.096747 0.168675 0.027397 0.043373
0 0.098459 0.127711 0.025685 0.028916
0 0.100171 0.090361 0.034247 0.038554
0 0.131849 0.913253 0.032534 0.026506
0 0.132705 0.895181 0.030822 0.026506
0 0.130137 0.868675 0.025685 0.028916
0 0.129281 0.839759 0.027397 0.028916
0 0.133562 0.807229 0.027397 0.031325
0 0.132705 0.771084 0.023973 0.033735
0 0.134418 0.728916 0.027397 0.040964
0 0.134418 0.691566 0.027397 0.028916
0 0.133562 0.663855 0.022260 0.031325
0 0.131849 0.630120 0.027397 0.033735
0 0.136130 0.589157 0.020548 0.040964
0 0.136986 0.546988 0.029110 0.038554
0 0.137842 0.513253 0.030822 0.028916
0 0.140411 0.477108 0.029110 0.033735
0 0.137842 0.440964 0.025685 0.028916
0 0.139555 0.408434 0.025685 0.028916
0 0.138699 0.374699 0.025685 0.031325
0 0.140411 0.332530 0.025685 0.040964
0 0.140411 0.291566 0.029110 0.033735
0 0.142123 0.257831 0.020548 0.031325
0 0.142123 0.220482 0.020548 0.033735
0 0.145548 0.181928 0.027397 0.033735
0 0.145548 0.146988 0.029110 0.031325
0 0.145548 0.113253 0.023973 0.031325
0 0.145548 0.085542 0.029110 0.031325
0 0.173801 0.906024 0.029110 0.033735
0 0.175514 0.875904 0.027397 0.028916
0 0.176370 0.839759 0.025685 0.038554
0 0.178082 0.793976 0.025685 0.033735
0 0.178082 0.756627 0.027397 0.033735
0 0.178082 0.718072 0.023973 0.036145
0 0.178938 0.680723 0.029110 0.036145
0 0.180651 0.640964 0.027397 0.036145
0 0.180651 0.600000 0.023973 0.033735
0 0.180651 0.563855 0.029110 0.033735
0 0.183219 0.528916 0.030822 0.028916
0 0.184932 0.500000 0.027397 0.026506
0 0.184075 0.467470 0.027397 0.026506
0 0.182363 0.438554 0.025685 0.026506
0 0.183219 0.403614 0.025685 0.031325
0 0.187500 0.366265 0.029110 0.043373
0 0.188356 0.321687 0.025685 0.033735
0 0.189212 0.284337 0.027397 0.038554
0 0.187500 0.231325 0.025685 0.038554
0 0.189212 0.193976 0.029110 0.028916
0 0.190925 0.162651 0.025685 0.026506
0 0.190925 0.132530 0.022260 0.031325
0 0.190925 0.093976 0.032534 0.043373
0 0.223459 0.786747 0.030822 0.028916
0 0.221747 0.755422 0.023973 0.031325
0 0.220890 0.725301 0.023973 0.028916
0 0.223459 0.691566 0.032534 0.031325
0 0.222603 0.653012 0.027397 0.038554
0 0.227740 0.608434 0.034247 0.036145
0 0.226884 0.569880 0.030822 0.031325
0 0.228596 0.532530 0.032534 0.033735
0 0.229452 0.495181 0.030822 0.031325
0 0.230308 0.457831 0.029110 0.031325
28 0.233733 0.422892 0.030822 0.038554
27 0.233733 0.380723 0.032534 0.036145
0 0.232021 0.346988 0.025685 0.028916
38 0.235445 0.313253 0.025685 0.036145
37 0.237158 0.273494 0.025685 0.038554
1066 0.236301 0.234940 0.030822 0.036145
219 0.238014 0.196386 0.027397 0.036145
129 0.238870 0.161446 0.032534 0.031325
166 0.238014 0.130120 0.027397 0.028916
71 0.273116 0.914458 0.027397 0.024096
70 0.273973 0.886747 0.029110 0.028916
1054 0.273116 0.856627 0.023973 0.028916
166 0.272260 0.825301 0.030822 0.028916
44 0.272260 0.785542 0.030822 0.040964
207 0.273973 0.744578 0.030822 0.040964
641 0.275685 0.698795 0.027397 0.036145
179 0.275685 0.662651 0.030822 0.031325
876 0.274829 0.626506 0.032534 0.038554
64 0.277397 0.579518 0.025685 0.038554
89 0.279110 0.540964 0.032534 0.033735
38 0.278253 0.501205 0.032534 0.036145
37 0.279966 0.460241 0.027397 0.033735
129 0.281678 0.424096 0.030822 0.033735
21 0.280822 0.387952 0.023973 0.033735
21 0.283390 0.350602 0.029110 0.033735
71 0.285959 0.314458 0.027397 0.033735
70 0.284247 0.279518 0.025685 0.031325
110 0.286815 0.244578 0.027397 0.033735
21 0.285959 0.208434 0.029110 0.031325
134 0.285959 0.167470 0.030822 0.040964
310 0.287671 0.125301 0.027397 0.033735
309 0.288527 0.089157 0.029110 0.031325
66 0.320205 0.914458 0.029110 0.028916
77 0.319349 0.880723 0.027397 0.033735
135 0.321062 0.849398 0.025685 0.024096
134 0.321062 0.818072 0.027397 0.031325
115 0.320205 0.779518 0.027397 0.038554
45 0.322774 0.743373 0.027397 0.033735
27 0.322774 0.712048 0.029110 0.026506
38 0.322774 0.680723 0.032534 0.033735
37 0.324486 0.642169 0.029110 0.038554
129 0.325342 0.603614 0.023973 0.028916
133 0.325342 0.561446 0.022260 0.040964
71 0.326199 0.521687 0.029110 0.040964
70 0.329623 0.479518 0.027397 0.031325
31 0.327911 0.442169 0.032534 0.033735
163 0.328767 0.410843 0.030822 0.026506
198 0.328767 0.374699 0.030822 0.040964
10 0.329623 0.333735 0.027397 0.031325
71 0.336473 0.300000 0.017123 0.021687
202 0.325342 0.297590 0.020548 0.024096
70 0.332192 0.265060 0.034247 0.036145
88 0.331336 0.230120 0.027397 0.031325
87 0.330479 0.193976 0.027397 0.033735
45 0.331336 0.156627 0.023973 0.033735
57 0.332192 0.120482 0.023973 0.031325
56 0.333048 0.087952 0.030822 0.028916
77 0.366438 0.914458 0.030822 0.033735
648 0.367295 0.878313 0.037671 0.038554
86 0.366438 0.838554 0.032534 0.033735
44 0.366438 0.800000 0.023973 0.036145
163 0.369007 0.766265 0.029110 0.021687
280 0.367295 0.736145 0.027397 0.028916
480 0.369007 0.706024 0.029110 0.024096
72 0.369007 0.672289 0.030822 0.040964
162 0.368151 0.630120 0.027397 0.036145
750 0.372432 0.596386 0.023973 0.024096
44 0.374144 0.562651 0.030822 0.036145
77 0.374144 0.525301 0.030822 0.033735
209 0.374144 0.487952 0.027397 0.028916
27 0.375856 0.457831 0.027397 0.028916
38 0.375000 0.426506 0.027397 0.028916
37 0.374144 0.392771 0.029110 0.033735
1065 0.375856 0.354217 0.027397 0.033735
420 0.376712 0.316867 0.023973 0.036145
35 0.377568 0.278313 0.032534 0.036145
1064 0.377568 0.242169 0.027397 0.033735
1063 0.378425 0.207229 0.025685 0.031325
38 0.378425 0.172289 0.022260 0.026506
538 0.377568 0.134940 0.029110 0.040964
1062 0.381849 0.095181 0.025685 0.033735
16 0.413527 0.916867 0.032534 0.031325
21 0.411815 0.886747 0.027397 0.028916
424 0.415240 0.853012 0.030822 0.028916
736 0.412671 0.820482 0.025685 0.031325
43 0.414384 0.785542 0.020548 0.031325
1031 0.416096 0.755422 0.025685 0.026506
293 0.416096 0.721687 0.032534 0.033735
137 0.416952 0.690361 0.032534 0.026506
310 0.417808 0.650602 0.027397 0.045783
309 0.416952 0.610843 0.023973 0.021687
83 0.418664 0.578313 0.025685 0.038554
78 0.417808 0.536145 0.027397 0.038554
215 0.419521 0.497590 0.029110 0.031325
44 0.420377 0.466265 0.030822 0.026506
77 0.421233 0.436145 0.020548 0.028916
126 0.422089 0.407229 0.025685 0.028916
219 0.423801 0.372289 0.027397 0.033735
372 0.422945 0.339759 0.027397 0.028916
129 0.427226 0.306024 0.029110 0.033735
64 0.426370 0.272289 0.022260 0.028916
133 0.425514 0.245783 0.025685 0.024096
71 0.426370 0.208434 0.030822 0.040964
70 0.425514 0.168675 0.029110 0.031325
644 0.424658 0.132530 0.023973 0.038554
1061 0.424658 0.093976 0.030822 0.036145
0 0.458904 0.913253 0.032534 0.031325
0 0.459760 0.877108 0.025685 0.036145
0 0.460616 0.837349 0.023973 0.033735
0 0.463185 0.801205 0.025685 0.031325
0 0.462329 0.766265 0.027397 0.036145
0 0.460616 0.726506 0.025685 0.036145
0 0.463185 0.691566 0.025685 0.033735
0 0.465753 0.649398 0.027397 0.043373
0 0.467466 0.606024 0.027397 0.036145
0 0.467466 0.569880 0.030822 0.031325
0 0.468322 0.531325 0.022260 0.036145
0 0.469178 0.493976 0.027397 0.036145
0 0.468322 0.454217 0.023973 0.033735
0 0.470034 0.416867 0.027397 0.033735
0 0.470890 0.385542 0.029110 0.024096
0 0.470890 0.357831 0.030822 0.031325
0 0.470890 0.325301 0.030822 0.028916
0 0.470890 0.295181 0.029110 0.031325
0 0.472603 0.259036 0.023973 0.036145
0 0.473459 0.220482 0.027397 0.036145
0 0.471747 0.178313 0.025685 0.045783
0 0.473459 0.132530 0.022260 0.038554
0 0.473459 0.097590 0.025685 0.024096
0 0.568493 0.926506 0.034247 0.028916
0 0.569349 0.910843 0.034247 0.038554
0 0.566781 0.877108 0.029110 0.028916
0 0.567637 0.843373 0.032534 0.036145
0 0.566781 0.812048 0.025685 0.024096
0 0.566781 0.785542 0.025685 0.026506
0 0.566781 0.751807 0.025685 0.036145
0 0.565925 0.714458 0.023973 0.026506
0 0.565925 0.680723 0.027397 0.033735
0 0.565068 0.642169 0.030822 0.033735
0 0.565068 0.598795 0.029110 0.045783
0 0.563356 0.543373 0.029110 0.057831
0 0.562500 0.490361 0.030822 0.036145
0 0.561644 0.450602 0.023973 0.031325
0 0.561644 0.416867 0.022260 0.036145
0 0.560788 0.378313 0.025685 0.038554
0 0.561644 0.338554 0.029110 0.040964
0 0.562500 0.296386 0.029110 0.036145
0 0.563356 0.262651 0.023973 0.021687
0 0.560788 0.232530 0.027397 0.031325
0 0.559932 0.193976 0.023973 0.038554
0 0.559075 0.146988 0.030822 0.048193
0 0.558219 0.104819 0.029110 0.033735
0 0.615582 0.922892 0.027397 0.038554
0 0.613870 0.892771 0.022260 0.019277
0 0.615582 0.861446 0.027397 0.038554
0 0.613870 0.820482 0.032534 0.038554
0 0.615582 0.774699 0.029110 0.038554
0 0.616438 0.734940 0.030822 0.033735
0 0.616438 0.701205 0.029110 0.026506
0 0.616438 0.662651 0.029110 0.036145
0 0.614726 0.628916 0.023973 0.026506
0 0.614726 0.598795 0.027397 0.026506
0 0.612158 0.567470 0.027397 0.033735
0 0.613014 0.531325 0.034247 0.036145
0 0.610445 0.493976 0.023973 0.031325
0 0.609589 0.461446 0.020548 0.026506
0 0.611301 0.432530 0.025685 0.026506
0 0.610445 0.400000 0.025685 0.033735
0 0.608733 0.366265 0.023973 0.033735
0 0.609589 0.324096 0.029110 0.043373
0 0.610445 0.286747 0.030822 0.028916
0 0.610445 0.255422 0.025685 0.024096
0 0.609589 0.225301 0.029110 0.028916
0 0.606164 0.192771 0.023973 0.028916
0 0.607021 0.156627 0.023973 0.033735
0 0.605308 0.130120 0.030822 0.026506
0 0.605308 0.098795 0.030822 0.036145
0 0.660103 0.919277 0.027397 0.031325
0 0.660103 0.893976 0.025685 0.019277
0 0.660959 0.865060 0.030822 0.031325
0 0.659247 0.828916 0.025685 0.036145
0 0.660103 0.792771 0.023973 0.031325
0 0.661815 0.754217 0.027397 0.036145
0 0.660103 0.715663 0.027397 0.033735
0 0.659247 0.683133 0.025685 0.021687
0 0.659247 0.653012 0.030822 0.028916
0 0.658390 0.616867 0.023973 0.033735
0 0.657534 0.587952 0.027397 0.026506
0 0.656678 0.553012 0.029110 0.031325
0 0.658390 0.516867 0.032534 0.031325
0 0.658390 0.478313 0.030822 0.033735
0 0.657534 0.442169 0.025685 0.033735
0 0.656678 0.403614 0.027397 0.036145
0 0.655822 0.362651 0.025685 0.036145
0 0.656678 0.326506 0.025685 0.031325
0 0.656678 0.291566 0.027397 0.036145
0 0.654110 0.254217 0.027397 0.033735
0 0.654966 0.213253 0.023973 0.038554
0 0.654966 0.171084 0.027397 0.036145
0 0.654966 0.131325 0.025685 0.031325
0 0.654110 0.095181 0.027397 0.033735
736 0.709760 0.920482 0.027397 0.036145
541 0.708904 0.889157 0.023973 0.026506
540 0.708904 0.859036 0.027397 0.033735
16 0.708904 0.818072 0.025685 0.036145
411 0.705479 0.780723 0.030822 0.033735
1060 0.705479 0.742169 0.025685 0.033735
1059 0.706336 0.704819 0.030822 0.033735
38 0.704623 0.668675 0.029110 0.033735
901 0.704623 0.633735 0.030822 0.033735
74 0.702911 0.592771 0.032534 0.040964
310 0.702911 0.549398 0.027397 0.040964
1058 0.701199 0.509639 0.032534 0.033735
83 0.700342 0.469880 0.029110 0.038554
0 0.699486 0.428916 0.027397 0.038554
200 0.700342 0.390361 0.029110 0.033735
0 0.699486 0.353012 0.023973 0.031325
0 0.698630 0.321687 0.027397 0.031325
0 0.699486 0.285542 0.029110 0.038554
0 0.698630 0.244578 0.030822 0.036145
0 0.697774 0.204819 0.027397 0.033735
0 0.696918 0.171084 0.029110 0.033735
0 0.696918 0.131325 0.029110 0.036145
0 0.697774 0.092771 0.029110 0.031325
16 0.754281 0.920482 0.027397 0.028916
525 0.755993 0.889157 0.027397 0.031325
722 0.755993 0.853012 0.023973 0.036145
292 0.754281 0.816867 0.032534 0.033735
153 0.750856 0.778313 0.032534 0.040964
310 0.752568 0.734940 0.027397 0.033735
309 0.750856 0.697590 0.030822 0.031325
83 0.751712 0.661446 0.032534 0.038554
112 0.751712 0.621687 0.029110 0.033735
186 0.750000 0.590361 0.023973 0.026506
153 0.748288 0.560241 0.023973 0.028916
310 0.749144 0.525301 0.023973 0.033735
309 0.749144 0.492771 0.029110 0.026506
83 0.747432 0.463855 0.029110 0.031325
1057 0.748288 0.430120 0.027397 0.031325
405 0.748288 0.392771 0.027397 0.036145
43 0.748288 0.350602 0.027397 0.036145
264 0.746575 0.312048 0.027397 0.033735
38 0.747432 0.269880 0.025685 0.040964
37 0.746575 0.225301 0.025685 0.038554
178 0.744007 0.186747 0.027397 0.033735
215 0.743151 0.153012 0.029110 0.028916
750 0.741438 0.124096 0.027397 0.028916
541 0.740582 0.090361 0.025685 0.031325
37 0.800514 0.924096 0.029110 0.024096
114 0.800514 0.892771 0.032534 0.038554
91 0.799658 0.851807 0.027397 0.028916
129 0.799658 0.815663 0.029110 0.033735
393 0.799658 0.781928 0.023973 0.026506
43 0.797089 0.749398 0.025685 0.033735
1056 0.799658 0.707229 0.025685 0.038554
622 0.798801 0.665060 0.029110 0.038554
133 0.798801 0.626506 0.029110 0.031325
163 0.798801 0.591566 0.029110 0.031325
66 0.798801 0.553012 0.029110 0.033735
380 0.795377 0.514458 0.023973 0.033735
21 0.794521 0.475904 0.029110 0.036145
134 0.793664 0.440964 0.029110 0.031325
83 0.793664 0.412048 0.027397 0.026506
112 0.792808 0.384337 0.027397 0.028916
655 0.790240 0.348193 0.025685 0.033735
38 0.790240 0.314458 0.022260 0.033735
37 0.788527 0.277108 0.029110 0.036145
64 0.789384 0.239759 0.022260 0.031325
70 0.788527 0.202410 0.025685 0.036145
504 0.786815 0.161446 0.029110 0.036145
71 0.785103 0.125301 0.025685 0.031325
163 0.785103 0.090361 0.027397 0.033735
64 0.845890 0.910843 0.032534 0.026506
264 0.845890 0.874699 0.029110 0.036145
38 0.846747 0.838554 0.032534 0.028916
37 0.844178 0.803614 0.029110 0.031325
54 0.845034 0.765060 0.025685 0.036145
224 0.844178 0.724096 0.025685 0.036145
38 0.843322 0.684337 0.029110 0.036145
37 0.844178 0.645783 0.023973 0.028916
855 0.845034 0.610843 0.030822 0.033735
1055 0.842466 0.573494 0.029110 0.033735
38 0.842466 0.538554 0.032534 0.033735
37 0.842466 0.500000 0.025685 0.033735
219 0.840753 0.467470 0.029110 0.033735
64 0.841610 0.428916 0.025685 0.031325
113 0.839897 0.390361 0.029110 0.033735
380 0.839041 0.354217 0.025685 0.036145
83 0.837329 0.300000 0.027397 0.036145
112 0.837329 0.257831 0.027397 0.036145
68 0.836473 0.218072 0.030822 0.036145
83 0.833904 0.179518 0.027397 0.033735
112 0.835616 0.148193 0.027397 0.026506
21 0.835616 0.119277 0.030822 0.028916
255 0.834760 0.087952 0.030822 0.031325
139 0.886986 0.486747 0.034247 0.040964
224 0.889555 0.444578 0.029110 0.036145
38 0.888699 0.402410 0.023973 0.033735
37 0.887842 0.363855 0.023973 0.031325
129 0.885274 0.332530 0.023973 0.028916
513 0.886130 0.301205 0.027397 0.028916
851 0.886986 0.260241 0.029110 0.038554
21 0.885274 0.225301 0.020548 0.019277
219 0.883562 0.202410 0.023973 0.019277
129 0.882705 0.172289 0.025685 0.036145
23 0.882705 0.130120 0.029110 0.033735
67 0.880137 0.089157 0.029110 0.033735
227 0.938356 0.909639 0.022260 0.033735
262 0.939212 0.874699 0.023973 0.036145
676 0.938356 0.834940 0.025685 0.031325
954 0.938356 0.798795 0.027397 0.036145
21 0.938356 0.753012 0.025685 0.043373
30 0.937500 0.709639 0.027397 0.033735
66 0.936644 0.668675 0.027397 0.038554
1054 0.937500 0.627711 0.023973 0.036145
876 0.937500 0.585542 0.027397 0.040964
68 0.935788 0.538554 0.025685 0.040964
163 0.934932 0.492771 0.025685 0.038554
778 0.935788 0.456627 0.022260 0.028916
15 0.933219 0.420482 0.027397 0.033735
66 0.934075 0.390361 0.025685 0.024096
139 0.930651 0.355422 0.032534 0.038554
30 0.931507 0.315663 0.030822 0.028916
130 0.933219 0.281928 0.029110 0.031325
227 0.933219 0.243373 0.025685 0.038554
226 0.931507 0.207229 0.029110 0.026506
492 0.931507 0.178313 0.022260 0.026506
954 0.929795 0.146988 0.025685 0.024096
66 0.931507 0.115663 0.029110 0.028916
1054 0.928938 0.084337 0.030822 0.031325
