52 0.311966 0.269324 0.023932 0.028986
123 0.311966 0.237923 0.029060 0.028986
15 0.312821 0.201691 0.029060 0.038647
55 0.314530 0.163043 0.027350 0.031401
274 0.317094 0.130435 0.032479 0.026570
608 0.317094 0.102657 0.029060 0.033816
480 0.341026 0.937198 0.029060 0.026570
29 0.341880 0.839372 0.022222 0.031401
28 0.342735 0.803140 0.027350 0.036232
110 0.343590 0.766908 0.023932 0.033816
75 0.346154 0.725845 0.030769 0.045894
157 0.347863 0.684783 0.030769 0.033816
479 0.348718 0.644928 0.027350 0.033816
33 0.347863 0.617150 0.022222 0.019324
373 0.350427 0.584541 0.027350 0.036232
75 0.347863 0.547101 0.023932 0.026570
225 0.350427 0.518116 0.020513 0.024155
425 0.350427 0.489130 0.020513 0.026570
133 0.350427 0.462560 0.020513 0.028986
320 0.349573 0.428744 0.025641 0.031401
148 0.352991 0.393720 0.029060 0.031401
607 0.354701 0.359903 0.023932 0.026570
574 0.355556 0.332126 0.029060 0.024155
118 0.356410 0.305556 0.029060 0.026570
117 0.354701 0.272947 0.029060 0.036232
52 0.357265 0.236715 0.022222 0.033816
26 0.359829 0.202899 0.030769 0.031401
230 0.358974 0.172705 0.029060 0.028986
13 0.388889 0.902174 0.030769 0.026570
532 0.391453 0.867150 0.025641 0.036232
525 0.390598 0.830918 0.027350 0.026570
61 0.389744 0.798309 0.020513 0.028986
112 0.390598 0.762077 0.020513 0.036232
481 0.393162 0.724638 0.025641 0.033816
480 0.392308 0.688406 0.027350 0.031401
29 0.394017 0.646135 0.030769 0.043478
28 0.395726 0.599034 0.027350 0.041063
133 0.397436 0.557971 0.029060 0.033816
26 0.396581 0.524155 0.023932 0.028986
200 0.397436 0.487923 0.022222 0.033816
26 0.399145 0.451691 0.030769 0.036232
165 0.400000 0.413043 0.027350 0.031401
157 0.402564 0.378019 0.025641 0.031401
356 0.402564 0.339372 0.020513 0.038647
4 0.402564 0.297101 0.025641 0.041063
34 0.404274 0.258454 0.027350 0.031401
324 0.405128 0.223430 0.027350 0.036232
298 0.406838 0.181159 0.027350 0.038647
83 0.435043 0.932367 0.027350 0.031401
13 0.435043 0.898551 0.030769 0.036232
606 0.439316 0.859903 0.030769 0.036232
163 0.439316 0.820048 0.030769 0.036232
532 0.438462 0.787440 0.022222 0.024155
525 0.440171 0.752415 0.027350 0.036232
65 0.436752 0.714976 0.027350 0.031401
70 0.438462 0.682367 0.022222 0.026570
123 0.439316 0.655797 0.023932 0.031401
32 0.440171 0.626812 0.022222 0.026570
524 0.441880 0.589372 0.029060 0.041063
4 0.442735 0.551932 0.029060 0.033816
33 0.441880 0.515700 0.030769 0.033816
261 0.441880 0.478261 0.025641 0.031401
26 0.443590 0.440821 0.027350 0.038647
605 0.446154 0.399758 0.029060 0.036232
153 0.448718 0.361111 0.029060 0.033816
152 0.448718 0.334541 0.023932 0.016908
28 0.449573 0.304348 0.029060 0.033816
34 0.447863 0.269324 0.027350 0.031401
324 0.450427 0.236715 0.018803 0.026570
298 0.451282 0.205314 0.018803 0.031401
541 0.451282 0.175121 0.022222 0.026570
133 0.452991 0.142512 0.030769 0.033816
25 0.452991 0.109903 0.029060 0.031401
107 0.480342 0.933575 0.025641 0.031401
26 0.480342 0.885266 0.029060 0.038647
165 0.483761 0.846618 0.025641 0.031401
604 0.482051 0.810386 0.023932 0.031401
603 0.482906 0.774155 0.020513 0.028986
602 0.485470 0.742754 0.025641 0.028986
121 0.485470 0.705314 0.022222 0.038647
343 0.486325 0.667874 0.023932 0.031401
133 0.487179 0.637681 0.027350 0.028986
70 0.488889 0.605072 0.025641 0.031401
601 0.489744 0.573671 0.025641 0.024155
103 0.489744 0.539855 0.023932 0.033816
106 0.489744 0.504831 0.022222 0.033816
551 0.489744 0.468599 0.023932 0.038647
480 0.490598 0.428744 0.025641 0.028986
29 0.491453 0.397343 0.027350 0.031401
28 0.492308 0.359903 0.023932 0.033816
27 0.494017 0.324879 0.023932 0.031401
26 0.494872 0.292271 0.027350 0.026570
205 0.495726 0.262077 0.023932 0.028986
13 0.495726 0.229469 0.023932 0.031401
19 0.496581 0.192029 0.022222 0.036232
29 0.497436 0.153382 0.020513 0.036232
28 0.497436 0.118357 0.025641 0.031401
