529 0.302083 0.871158 0.022569 0.023641
264 0.302083 0.839243 0.024306 0.033097
75 0.302951 0.800236 0.026042 0.037825
158 0.305556 0.761229 0.029514 0.033097
72 0.304688 0.726950 0.027778 0.033097
214 0.306424 0.692671 0.031250 0.033097
516 0.308160 0.659574 0.022569 0.030733
70 0.307292 0.628842 0.026042 0.030733
350 0.309028 0.592199 0.027778 0.037825
176 0.311632 0.554374 0.029514 0.035461
64 0.310764 0.516548 0.029514 0.035461
196 0.310764 0.485816 0.024306 0.026005
177 0.310764 0.453901 0.026042 0.035461
64 0.312500 0.418440 0.029514 0.037825
467 0.315972 0.378251 0.026042 0.033097
264 0.316840 0.342790 0.027778 0.033097
75 0.317708 0.310875 0.029514 0.028369
158 0.320312 0.282506 0.031250 0.028369
43 0.318576 0.255319 0.024306 0.026005
70 0.319444 0.230496 0.022569 0.023641
350 0.320312 0.205674 0.022569 0.026005
64 0.350694 0.777778 0.024306 0.030733
1096 0.354167 0.744681 0.026042 0.033097
240 0.353299 0.709220 0.029514 0.033097
33 0.354167 0.678487 0.026042 0.023641
350 0.354167 0.646572 0.027778 0.033097
186 0.353299 0.609929 0.026042 0.033097
100 0.355903 0.569740 0.026042 0.037825
350 0.358507 0.529551 0.031250 0.040189
105 0.360243 0.489362 0.032986 0.035461
198 0.361111 0.456265 0.026042 0.033097
29 0.362847 0.426714 0.027778 0.023641
28 0.362847 0.398345 0.029514 0.028369
135 0.363715 0.362884 0.027778 0.040189
320 0.366319 0.322695 0.026042 0.035461
69 0.368056 0.291962 0.020833 0.026005
268 0.367188 0.262411 0.026042 0.030733
343 0.366319 0.228132 0.024306 0.030733
69 0.368056 0.195035 0.026042 0.033097
350 0.394097 0.890071 0.020833 0.021277
1060 0.394965 0.860520 0.022569 0.030733
127 0.396701 0.825059 0.027778 0.037825
29 0.397569 0.786052 0.027778 0.030733
28 0.398438 0.754137 0.024306 0.028369
106 0.397569 0.722222 0.026042 0.028369
230 0.399306 0.685579 0.027778 0.040189
327 0.400174 0.644208 0.027778 0.033097
107 0.401042 0.604019 0.022569 0.035461
350 0.401042 0.572104 0.026042 0.028369
133 0.402778 0.540189 0.026042 0.033097
75 0.403646 0.503546 0.027778 0.035461
127 0.405382 0.464539 0.024306 0.037825
29 0.406250 0.426714 0.026042 0.033097
28 0.407118 0.391253 0.031250 0.033097
115 0.408854 0.359338 0.022569 0.026005
33 0.409722 0.327423 0.022569 0.033097
111 0.411458 0.293144 0.026042 0.033097
130 0.412326 0.263593 0.020833 0.023641
129 0.411458 0.236407 0.022569 0.028369
35 0.412326 0.145390 0.029514 0.035461
331 0.434028 0.916076 0.019097 0.026005
173 0.434896 0.887707 0.027778 0.023641
361 0.435764 0.852246 0.022569 0.035461
552 0.435764 0.820331 0.020833 0.026005
216 0.435764 0.789598 0.020833 0.030733
214 0.438368 0.757683 0.024306 0.028369
33 0.439236 0.730496 0.024306 0.028369
133 0.438368 0.702128 0.020833 0.023641
355 0.439236 0.673759 0.020833 0.033097
127 0.441840 0.640662 0.024306 0.026005
29 0.442708 0.609929 0.026042 0.030733
28 0.442708 0.581560 0.024306 0.026005
161 0.442708 0.553191 0.024306 0.030733
327 0.443576 0.522459 0.027778 0.028369
109 0.443576 0.494090 0.024306 0.026005
29 0.444444 0.463357 0.022569 0.023641
28 0.445312 0.432624 0.019097 0.033097
115 0.445312 0.400709 0.020833 0.026005
109 0.447917 0.369976 0.022569 0.033097
1095 0.448785 0.341608 0.017361 0.023641
75 0.448785 0.316785 0.020833 0.026005
158 0.449653 0.291962 0.022569 0.023641
2 0.452257 0.262411 0.022569 0.028369
133 0.450521 0.232861 0.020833 0.028369
51 0.452257 0.208038 0.017361 0.021277
9 0.453125 0.182033 0.020833 0.028369
62 0.452257 0.151300 0.024306 0.030733
70 0.469618 0.866430 0.015625 0.023641
70 0.471354 0.838061 0.015625 0.021277
70 0.471354 0.809693 0.017361 0.021277
70 0.472222 0.784870 0.015625 0.021277
70 0.473090 0.760047 0.015625 0.018913
70 0.473090 0.736407 0.015625 0.023641
70 0.473958 0.703310 0.015625 0.026005
70 0.474826 0.673759 0.017361 0.023641
70 0.475694 0.641844 0.019097 0.033097
70 0.477431 0.609929 0.019097 0.026005
70 0.477431 0.583924 0.015625 0.023641
70 0.476562 0.557920 0.015625 0.023641
70 0.475694 0.528369 0.019097 0.028369
46 0.478299 0.495272 0.017361 0.026005
65 0.478299 0.460993 0.017361 0.028369
26 0.479167 0.427896 0.017361 0.030733
64 0.479167 0.392435 0.015625 0.028369
80 0.479167 0.361702 0.015625 0.026005
158 0.703993 0.929078 0.027778 0.030733
72 0.705729 0.895981 0.029514 0.030733
214 0.704861 0.860520 0.027778 0.037825
26 0.704861 0.819149 0.026042 0.033097
786 0.703993 0.786052 0.022569 0.030733
64 0.703125 0.749409 0.022569 0.033097
127 0.700521 0.710402 0.024306 0.033097
29 0.698785 0.679669 0.024306 0.026005
28 0.698785 0.647754 0.024306 0.030733
75 0.697049 0.614657 0.024306 0.035461
157 0.697049 0.576832 0.026042 0.035461
65 0.697049 0.540189 0.031250 0.030733
479 0.697049 0.507092 0.031250 0.033097
103 0.697049 0.472813 0.031250 0.035461
70 0.696181 0.437352 0.027778 0.030733
138 0.697049 0.404255 0.029514 0.033097
259 0.696181 0.371158 0.026042 0.028369
20 0.694444 0.335697 0.027778 0.037825
26 0.695312 0.306147 0.022569 0.021277
64 0.751736 0.932624 0.027778 0.033097
794 0.749132 0.895981 0.026042 0.035461
793 0.749132 0.859338 0.026042 0.033097
774 0.750868 0.819149 0.027778 0.040189
105 0.750000 0.776596 0.024306 0.033097
176 0.748264 0.739953 0.027778 0.035461
83 0.746528 0.698582 0.026042 0.040189
105 0.747396 0.659574 0.026042 0.037825
246 0.744792 0.619385 0.024306 0.035461
127 0.743924 0.583924 0.026042 0.033097
29 0.742188 0.549645 0.026042 0.030733
610 0.740451 0.516548 0.024306 0.030733
852 0.741319 0.482270 0.027778 0.033097
201 0.740451 0.453901 0.022569 0.026005
358 0.740451 0.419622 0.024306 0.037825
201 0.740451 0.384161 0.027778 0.030733
637 0.738715 0.347518 0.027778 0.033097
201 0.736979 0.313239 0.026042 0.033097
655 0.736979 0.276596 0.029514 0.035461
201 0.737847 0.235225 0.022569 0.040189
268 0.737847 0.199764 0.029514 0.030733
728 0.736111 0.166667 0.027778 0.030733
69 0.735243 0.132388 0.029514 0.033097
152 0.794271 0.908983 0.029514 0.028369
52 0.794271 0.875887 0.022569 0.030733
89 0.794271 0.843972 0.029514 0.026005
236 0.792535 0.812057 0.026042 0.035461
152 0.791667 0.771868 0.022569 0.035461
83 0.791667 0.736407 0.027778 0.030733
11 0.790799 0.703310 0.029514 0.028369
246 0.789062 0.672577 0.022569 0.026005
123 0.789062 0.640662 0.022569 0.033097
32 0.785590 0.605201 0.024306 0.030733
64 0.786458 0.568558 0.024306 0.033097
34 0.786458 0.531915 0.029514 0.033097
203 0.784722 0.498818 0.022569 0.028369
127 0.785590 0.463357 0.020833 0.035461
29 0.784722 0.429078 0.024306 0.033097
188 0.783854 0.392435 0.026042 0.033097
68 0.783854 0.361702 0.027778 0.026005
385 0.783854 0.332151 0.029514 0.030733
64 0.781250 0.302600 0.024306 0.026005
350 0.781250 0.265957 0.020833 0.037825
71 0.779514 0.230496 0.029514 0.028369
530 0.777778 0.198582 0.027778 0.033097
26 0.776910 0.158392 0.029514 0.035461
26 0.839410 0.937352 0.027778 0.026005
997 0.839410 0.910165 0.027778 0.030733
109 0.839410 0.878251 0.029514 0.028369
26 0.836806 0.846336 0.029514 0.035461
281 0.835069 0.802600 0.029514 0.040189
101 0.835069 0.769504 0.024306 0.026005
120 0.835069 0.741135 0.026042 0.026005
103 0.835069 0.709220 0.031250 0.033097
26 0.834201 0.678487 0.027778 0.030733
102 0.834201 0.645390 0.024306 0.028369
372 0.834201 0.614657 0.026042 0.030733
127 0.833333 0.583924 0.029514 0.028369
29 0.831597 0.550827 0.027778 0.033097
28 0.830729 0.516548 0.029514 0.037825
27 0.829861 0.478723 0.027778 0.035461
26 0.829861 0.446809 0.027778 0.028369
111 0.829861 0.416076 0.026042 0.028369
176 0.829861 0.380615 0.026042 0.037825
152 0.827257 0.342790 0.026042 0.037825
83 0.826389 0.303783 0.020833 0.030733
184 0.825521 0.271868 0.022569 0.028369
33 0.826389 0.238771 0.029514 0.030733
498 0.823785 0.203310 0.029514 0.035461
1086 0.822917 0.160757 0.031250 0.040189
249 0.824653 0.124113 0.032986 0.030733
201 0.882812 0.932624 0.026042 0.030733
89 0.886285 0.901891 0.027778 0.028369
55 0.884549 0.871158 0.024306 0.028369
210 0.883681 0.836879 0.027778 0.030733
64 0.882812 0.804965 0.022569 0.026005
212 0.883681 0.774232 0.024306 0.026005
64 0.881944 0.745863 0.031250 0.030733
20 0.880208 0.711584 0.026042 0.033097
197 0.880208 0.678487 0.031250 0.026005
117 0.881944 0.650118 0.024306 0.033097
510 0.880208 0.612293 0.031250 0.035461
54 0.881076 0.574468 0.032986 0.030733
463 0.881076 0.536643 0.022569 0.037825
117 0.879340 0.496454 0.026042 0.035461
52 0.880208 0.459811 0.027778 0.035461
183 0.878472 0.429078 0.026042 0.026005
348 0.878472 0.403073 0.027778 0.033097
107 0.878472 0.374704 0.027778 0.021277
133 0.874132 0.341608 0.031250 0.040189
320 0.874132 0.303783 0.031250 0.035461
33 0.873264 0.268322 0.031250 0.033097
54 0.874132 0.231678 0.032986 0.030733
427 0.873264 0.197400 0.026042 0.033097
0 0.872396 0.160757 0.022569 0.035461
117 0.871528 0.122931 0.031250 0.028369
