0 0.078125 0.914894 0.022569 0.026005
0 0.079861 0.886525 0.029514 0.030733
0 0.078125 0.853428 0.024306 0.028369
0 0.079861 0.820331 0.026042 0.035461
0 0.080729 0.786052 0.027778 0.033097
0 0.080729 0.750591 0.024306 0.030733
0 0.081597 0.719858 0.020833 0.028369
0 0.080729 0.690307 0.022569 0.028369
0 0.083333 0.656028 0.034722 0.035461
0 0.083333 0.620567 0.024306 0.035461
0 0.083333 0.582742 0.024306 0.035461
0 0.081597 0.543735 0.027778 0.040189
0 0.085069 0.504728 0.024306 0.035461
0 0.084201 0.470449 0.027778 0.030733
0 0.082465 0.439716 0.024306 0.028369
0 0.084201 0.408983 0.020833 0.026005
0 0.084201 0.378251 0.024306 0.030733
0 0.085069 0.342790 0.026042 0.035461
0 0.086806 0.307329 0.027778 0.033097
0 0.086806 0.276596 0.031250 0.028369
0 0.085069 0.248227 0.026042 0.030733
0 0.085069 0.211584 0.024306 0.033097
0 0.085069 0.163121 0.026042 0.028369
0 0.085938 0.128842 0.024306 0.037825
0 0.085938 0.091017 0.026042 0.028369
0 0.123264 0.914894 0.024306 0.028369
0 0.123264 0.885343 0.026042 0.030733
0 0.123264 0.854610 0.024306 0.028369
0 0.124132 0.823877 0.024306 0.030733
0 0.124132 0.788416 0.027778 0.035461
0 0.124132 0.755319 0.024306 0.030733
0 0.125868 0.721040 0.029514 0.035461
0 0.125868 0.685579 0.031250 0.035461
0 0.125868 0.648936 0.029514 0.035461
0 0.126736 0.607565 0.024306 0.040189
0 0.126736 0.570922 0.024306 0.030733
0 0.126736 0.540189 0.024306 0.033097
0 0.126736 0.507092 0.026042 0.028369
0 0.128472 0.477541 0.027778 0.030733
0 0.128472 0.445626 0.032986 0.033097
0 0.126736 0.411348 0.026042 0.033097
0 0.130208 0.375887 0.031250 0.033097
0 0.128472 0.345154 0.027778 0.030733
0 0.129340 0.314421 0.026042 0.028369
0 0.129340 0.284870 0.024306 0.033097
0 0.128472 0.251773 0.024306 0.030733
0 0.130208 0.218676 0.024306 0.033097
0 0.126736 0.184397 0.031250 0.035461
0 0.130208 0.147754 0.024306 0.033097
0 0.131076 0.118203 0.027778 0.026005
0 0.130208 0.094563 0.027778 0.033097
0 0.165799 0.912530 0.024306 0.033097
0 0.168403 0.879433 0.026042 0.030733
0 0.167535 0.848700 0.029514 0.028369
0 0.168403 0.813239 0.022569 0.035461
0 0.171007 0.776596 0.031250 0.033097
0 0.171007 0.743499 0.026042 0.035461
0 0.171007 0.709220 0.032986 0.030733
0 0.168403 0.678487 0.026042 0.028369
0 0.170139 0.648936 0.022569 0.028369
0 0.169271 0.619385 0.026042 0.030733
0 0.170139 0.583924 0.027778 0.035461
0 0.171875 0.546099 0.027778 0.037825
0 0.173611 0.510638 0.029514 0.028369
0 0.173611 0.477541 0.031250 0.035461
0 0.173611 0.444444 0.026042 0.030733
0 0.174479 0.416076 0.024306 0.026005
0 0.172743 0.388889 0.029514 0.028369
0 0.175347 0.359338 0.027778 0.030733
0 0.177951 0.325059 0.031250 0.033097
0 0.175347 0.287234 0.027778 0.035461
0 0.177083 0.250591 0.024306 0.035461
0 0.177951 0.218676 0.029514 0.028369
0 0.177083 0.189125 0.026042 0.028369
0 0.176215 0.157210 0.026042 0.033097
0 0.177951 0.125296 0.026042 0.030733
0 0.177951 0.094563 0.031250 0.033097
0 0.212674 0.910165 0.022569 0.028369
0 0.213542 0.866430 0.027778 0.044917
0 0.215278 0.826241 0.032986 0.030733
0 0.215278 0.787234 0.024306 0.040189
0 0.216146 0.752955 0.027778 0.028369
0 0.215278 0.721040 0.029514 0.035461
0 0.218750 0.683215 0.027778 0.033097
0 0.219618 0.645390 0.029514 0.040189
0 0.217014 0.608747 0.024306 0.033097
0 0.217014 0.573286 0.027778 0.035461
0 0.217882 0.535461 0.022569 0.037825
0 0.217014 0.496454 0.022569 0.035461
0 0.217014 0.462175 0.029514 0.033097
0 0.217014 0.430260 0.024306 0.030733
0 0.218750 0.397163 0.027778 0.030733
0 0.220486 0.364066 0.027778 0.030733
0 0.220486 0.332151 0.020833 0.028369
0 0.220486 0.302600 0.022569 0.030733
0 0.222222 0.270686 0.026042 0.028369
0 0.223090 0.241135 0.026042 0.030733
0 0.223090 0.208038 0.029514 0.030733
0 0.222222 0.176123 0.022569 0.026005
0 0.223090 0.148936 0.022569 0.026005
0 0.221354 0.121749 0.029514 0.026005
0 0.223090 0.092199 0.026042 0.026005
78 0.262153 0.907801 0.027778 0.028369
77 0.263021 0.877069 0.029514 0.030733
828 0.261285 0.847518 0.031250 0.026005
384 0.262153 0.813239 0.022569 0.037825
146 0.261285 0.778960 0.034722 0.030733
21 0.262153 0.748227 0.027778 0.030733
1004 0.263889 0.713948 0.026042 0.030733
100 0.263889 0.684397 0.029514 0.033097
445 0.263021 0.652482 0.032986 0.028369
420 0.264757 0.622931 0.032986 0.030733
21 0.263889 0.591017 0.026042 0.030733
107 0.263889 0.562648 0.026042 0.028369
384 0.263021 0.535461 0.027778 0.028369
193 0.265625 0.502364 0.034722 0.033097
564 0.266493 0.470449 0.032986 0.028369
253 0.266493 0.442080 0.026042 0.033097
133 0.266493 0.406619 0.034722 0.030733
589 0.267361 0.371158 0.029514 0.035461
227 0.267361 0.335697 0.031250 0.035461
226 0.267361 0.297872 0.026042 0.035461
167 0.269097 0.262411 0.026042 0.030733
100 0.270833 0.228132 0.029514 0.030733
589 0.269097 0.196217 0.024306 0.030733
284 0.269097 0.161939 0.029514 0.030733
588 0.269097 0.130024 0.029514 0.030733
221 0.270833 0.094563 0.026042 0.030733
232 0.307292 0.903073 0.022569 0.030733
67 0.309896 0.868794 0.032986 0.030733
824 0.309896 0.835697 0.027778 0.030733
68 0.310764 0.803783 0.026042 0.030733
146 0.309896 0.770686 0.026042 0.030733
64 0.309896 0.734043 0.026042 0.037825
589 0.310764 0.695035 0.029514 0.033097
54 0.311632 0.659574 0.026042 0.035461
588 0.311632 0.627660 0.024306 0.021277
719 0.312500 0.599291 0.026042 0.033097
342 0.313368 0.566194 0.026042 0.035461
43 0.313368 0.528369 0.031250 0.035461
27 0.314236 0.490544 0.027778 0.033097
38 0.314236 0.455083 0.026042 0.033097
37 0.313368 0.419622 0.029514 0.040189
62 0.315972 0.378251 0.031250 0.035461
61 0.314236 0.341608 0.027778 0.035461
898 0.313368 0.304965 0.027778 0.037825
56 0.315104 0.269504 0.027778 0.028369
110 0.315972 0.239953 0.027778 0.030733
974 0.317708 0.206856 0.026042 0.028369
100 0.317708 0.173759 0.024306 0.030733
165 0.319444 0.137116 0.027778 0.035461
83 0.317708 0.100473 0.029514 0.037825
420 0.355035 0.898345 0.029514 0.033097
1609 0.356771 0.860520 0.029514 0.035461
362 0.355903 0.821513 0.027778 0.035461
43 0.357639 0.782506 0.027778 0.037825
781 0.357639 0.744681 0.029514 0.035461
372 0.357639 0.706856 0.026042 0.037825
68 0.356771 0.669031 0.031250 0.035461
67 0.358507 0.632388 0.029514 0.033097
163 0.358507 0.596927 0.026042 0.033097
160 0.359375 0.565012 0.029514 0.028369
159 0.359375 0.536643 0.027778 0.028369
83 0.358507 0.511820 0.022569 0.023641
248 0.360243 0.481087 0.026042 0.035461
136 0.359375 0.445626 0.027778 0.037825
133 0.360243 0.412530 0.029514 0.028369
1608 0.361111 0.380615 0.029514 0.030733
267 0.360243 0.348700 0.026042 0.035461
165 0.360243 0.314421 0.027778 0.033097
106 0.358507 0.281324 0.027778 0.033097
258 0.359375 0.249409 0.031250 0.033097
253 0.360243 0.216312 0.026042 0.030733
648 0.361979 0.189125 0.022569 0.026005
1608 0.361111 0.163121 0.022569 0.026005
782 0.361111 0.133570 0.029514 0.030733
589 0.361111 0.102837 0.024306 0.030733
1363 0.401042 0.887707 0.027778 0.030733
67 0.400174 0.856974 0.024306 0.028369
674 0.399306 0.827423 0.022569 0.028369
1177 0.400174 0.793144 0.022569 0.035461
1211 0.399306 0.758865 0.026042 0.023641
1607 0.400174 0.726950 0.022569 0.033097
1340 0.399306 0.695035 0.031250 0.028369
83 0.400174 0.659574 0.022569 0.035461
701 0.399306 0.630024 0.026042 0.026005
230 0.401042 0.595745 0.027778 0.035461
28 0.399306 0.563830 0.022569 0.021277
253 0.400174 0.531915 0.024306 0.035461
588 0.400174 0.495272 0.026042 0.030733
305 0.401042 0.463357 0.027778 0.028369
1606 0.401910 0.430260 0.026042 0.035461
1605 0.401910 0.399527 0.026042 0.030733
167 0.401910 0.364066 0.027778 0.035461
100 0.400174 0.330969 0.026042 0.028369
66 0.401042 0.301418 0.022569 0.028369
129 0.401910 0.273050 0.022569 0.026005
1604 0.401910 0.247045 0.020833 0.026005
129 0.401042 0.211584 0.022569 0.035461
589 0.399306 0.174941 0.026042 0.030733
284 0.401042 0.143026 0.026042 0.030733
674 0.401910 0.112293 0.020833 0.026005
172 0.433160 0.873522 0.020833 0.033097
171 0.434028 0.841608 0.022569 0.026005
821 0.433160 0.814421 0.019097 0.028369
328 0.434028 0.782506 0.020833 0.033097
546 0.434028 0.748227 0.019097 0.030733
21 0.435764 0.708038 0.019097 0.040189
266 0.434896 0.674941 0.020833 0.023641
1603 0.435764 0.648936 0.022569 0.028369
167 0.435764 0.618203 0.020833 0.030733
100 0.435764 0.587470 0.017361 0.023641
441 0.435764 0.557920 0.020833 0.033097
1288 0.435764 0.527187 0.020833 0.028369
45 0.435764 0.495272 0.019097 0.030733
47 0.434896 0.464539 0.020833 0.028369
43 0.434896 0.433806 0.020833 0.028369
375 0.435764 0.399527 0.019097 0.037825
340 0.435764 0.366430 0.019097 0.026005
1602 0.434896 0.338061 0.019097 0.033097
643 0.434896 0.300236 0.020833 0.035461
699 0.434896 0.262411 0.017361 0.035461
441 0.434896 0.225768 0.019097 0.028369
1288 0.435764 0.195035 0.017361 0.028369
1363 0.434028 0.158392 0.017361 0.028369
338 0.434896 0.125296 0.024306 0.030733
77 0.501736 0.871158 0.022569 0.033097
349 0.502604 0.841608 0.024306 0.023641
163 0.501736 0.810875 0.020833 0.030733
266 0.500868 0.780142 0.026042 0.023641
77 0.500000 0.751773 0.022569 0.030733
349 0.498264 0.716312 0.020833 0.033097
67 0.496528 0.680851 0.022569 0.030733
1599 0.497396 0.650118 0.024306 0.026005
774 0.495660 0.622931 0.020833 0.026005
68 0.494792 0.594563 0.019097 0.026005
76 0.493924 0.566194 0.019097 0.026005
441 0.494792 0.534279 0.026042 0.033097
1288 0.493056 0.498818 0.022569 0.026005
1038 0.493056 0.468085 0.022569 0.033097
1601 0.490451 0.436170 0.024306 0.028369
77 0.489583 0.405437 0.022569 0.030733
421 0.488715 0.377069 0.020833 0.028369
475 0.488715 0.348700 0.019097 0.023641
885 0.486979 0.323877 0.019097 0.026005
129 0.487847 0.293144 0.022569 0.028369
1600 0.487847 0.264775 0.020833 0.028369
441 0.484375 0.231678 0.020833 0.030733
1288 0.485243 0.198582 0.019097 0.030733
77 0.484375 0.166667 0.020833 0.030733
699 0.484375 0.128842 0.024306 0.035461
0 0.539931 0.848700 0.022569 0.026005
0 0.539062 0.786052 0.026042 0.028369
0 0.538194 0.751773 0.026042 0.033097
0 0.535590 0.716312 0.022569 0.030733
0 0.533854 0.686761 0.024306 0.028369
0 0.534722 0.658392 0.026042 0.021277
0 0.533854 0.631206 0.022569 0.030733
0 0.533854 0.601655 0.027778 0.023641
0 0.532986 0.573286 0.024306 0.033097
0 0.531250 0.537825 0.027778 0.033097
0 0.531250 0.504728 0.026042 0.026005
198 0.528646 0.477541 0.024306 0.028369
129 0.527778 0.443262 0.024306 0.030733
490 0.525174 0.414894 0.022569 0.028369
1598 0.526042 0.375887 0.026042 0.040189
768 0.525174 0.338061 0.027778 0.030733
29 0.525174 0.306147 0.027778 0.030733
570 0.523438 0.275414 0.024306 0.028369
29 0.521701 0.243499 0.026042 0.033097
802 0.521701 0.208038 0.022569 0.028369
0 0.579861 0.809693 0.026042 0.030733
0 0.578125 0.749409 0.024306 0.030733
0 0.578125 0.717494 0.032986 0.026005
0 0.577257 0.687943 0.029514 0.033097
0 0.575521 0.657210 0.029514 0.033097
0 0.574653 0.618203 0.027778 0.035461
0 0.573785 0.580378 0.022569 0.028369
0 0.572049 0.549645 0.026042 0.028369
0 0.571181 0.517730 0.027778 0.030733
0 0.570312 0.488180 0.026042 0.028369
0 0.570312 0.460993 0.024306 0.023641
0 0.568576 0.434988 0.024306 0.033097
0 0.566840 0.398345 0.031250 0.030733
0 0.565104 0.367612 0.029514 0.030733
0 0.565104 0.338061 0.029514 0.030733
0 0.564236 0.308511 0.026042 0.028369
0 0.564236 0.280142 0.026042 0.028369
0 0.562500 0.248227 0.027778 0.030733
0 0.560764 0.217494 0.026042 0.028369
0 0.620660 0.639480 0.034722 0.028369
0 0.620660 0.618203 0.031250 0.030733
0 0.618056 0.582742 0.029514 0.033097
0 0.615451 0.547281 0.027778 0.033097
0 0.616319 0.511820 0.027778 0.035461
0 0.612847 0.475177 0.029514 0.035461
0 0.611979 0.434988 0.024306 0.037825
0 0.610243 0.395981 0.029514 0.035461
0 0.611111 0.358156 0.026042 0.035461
0 0.610243 0.320331 0.029514 0.035461
0 0.609375 0.289598 0.029514 0.026005
0 0.606771 0.258865 0.024306 0.033097
238 0.671875 0.752955 0.026042 0.028369
100 0.671875 0.718676 0.029514 0.035461
564 0.668403 0.680851 0.027778 0.035461
43 0.668403 0.640662 0.027778 0.035461
360 0.664931 0.602837 0.031250 0.035461
457 0.665799 0.569740 0.026042 0.028369
83 0.664931 0.539007 0.024306 0.030733
260 0.663194 0.500000 0.026042 0.040189
0 0.659722 0.459811 0.027778 0.037825
0 0.659722 0.419622 0.027778 0.037825
0 0.658854 0.384161 0.029514 0.033097
0 0.655382 0.353428 0.026042 0.028369
0 0.654514 0.320331 0.026042 0.033097
0 0.653646 0.284870 0.031250 0.028369
0 0.652778 0.224586 0.029514 0.035461
159 0.716146 0.735225 0.027778 0.030733
870 0.715278 0.702128 0.026042 0.028369
564 0.714410 0.664303 0.027778 0.042553
253 0.710938 0.627660 0.031250 0.028369
266 0.710069 0.566194 0.020833 0.028369
305 0.706597 0.534279 0.027778 0.033097
311 0.708333 0.496454 0.029514 0.035461
23 0.704861 0.455083 0.026042 0.037825
77 0.704861 0.417258 0.026042 0.035461
135 0.703993 0.375887 0.026042 0.035461
564 0.702257 0.334515 0.024306 0.037825
201 0.700521 0.296690 0.029514 0.035461
1597 0.763889 0.775414 0.029514 0.044917
15 0.760417 0.686761 0.029514 0.030733
295 0.760417 0.653664 0.029514 0.033097
570 0.759549 0.622931 0.029514 0.023641
86 0.758681 0.592199 0.031250 0.033097
1292 0.757812 0.557920 0.029514 0.033097
1288 0.755208 0.522459 0.029514 0.030733
479 0.754340 0.488180 0.024306 0.030733
328 0.753472 0.457447 0.022569 0.028369
441 0.753472 0.421986 0.027778 0.037825
1288 0.748264 0.378251 0.031250 0.042553
54 0.748264 0.335697 0.024306 0.042553
1478 0.746528 0.291962 0.029514 0.037825
45 0.808160 0.776596 0.026042 0.035461
1596 0.807292 0.697400 0.024306 0.033097
470 0.806424 0.664303 0.031250 0.028369
1595 0.803819 0.635934 0.022569 0.023641
771 0.803819 0.606383 0.026042 0.028369
893 0.802951 0.579196 0.020833 0.026005
1594 0.801215 0.546099 0.031250 0.033097
165 0.801215 0.510638 0.022569 0.026005
258 0.800347 0.481087 0.024306 0.030733
260 0.799479 0.445626 0.026042 0.040189
574 0.798611 0.408983 0.031250 0.033097
651 0.796875 0.378251 0.027778 0.030733
39 0.796875 0.345154 0.027778 0.033097
41 0.795139 0.309693 0.029514 0.030733
360 0.792535 0.276596 0.024306 0.028369
457 0.791667 0.245863 0.027778 0.030733
1592 0.853299 0.705674 0.026042 0.033097
330 0.851562 0.665485 0.024306 0.035461
1001 0.851562 0.630024 0.029514 0.028369
158 0.850694 0.598109 0.029514 0.033097
266 0.848958 0.566194 0.032986 0.028369
1340 0.847222 0.537825 0.032986 0.033097
284 0.846354 0.501182 0.027778 0.035461
464 0.843750 0.463357 0.026042 0.033097
462 0.843750 0.427896 0.031250 0.030733
689 0.842014 0.395981 0.027778 0.028369
1593 0.842014 0.364066 0.027778 0.026005
476 0.841146 0.334515 0.032986 0.028369
83 0.839410 0.306147 0.026042 0.028369
43 0.839410 0.277778 0.022569 0.026005
303 0.839410 0.251773 0.022569 0.028369
159 0.837674 0.219858 0.029514 0.033097
360 0.839410 0.186761 0.029514 0.028369
457 0.836806 0.157210 0.031250 0.028369
83 0.836806 0.131206 0.031250 0.026005
260 0.836806 0.104019 0.031250 0.028369
564 0.835938 0.072104 0.027778 0.030733
