121 0.083333 0.950355 0.029514 0.035461
109 0.083333 0.918440 0.027778 0.028369
70 0.082465 0.888889 0.024306 0.028369
75 0.082465 0.859338 0.022569 0.028369
76 0.080729 0.828605 0.024306 0.030733
25 0.082465 0.794326 0.029514 0.033097
106 0.081597 0.761229 0.026042 0.035461
349 0.079861 0.723404 0.026042 0.037825
277 0.079861 0.678487 0.032986 0.037825
130 0.079861 0.641844 0.029514 0.035461
129 0.078993 0.606383 0.024306 0.030733
210 0.078125 0.570922 0.024306 0.035461
69 0.078125 0.533097 0.027778 0.035461
1048 0.078125 0.498818 0.032986 0.028369
13 0.076389 0.469267 0.024306 0.030733
229 0.075521 0.437352 0.029514 0.026005
98 0.075521 0.404255 0.026042 0.035461
91 0.075521 0.368794 0.031250 0.033097
216 0.074653 0.327423 0.029514 0.040189
102 0.072049 0.288416 0.027778 0.033097
372 0.072049 0.249409 0.026042 0.040189
512 0.072049 0.208038 0.026042 0.033097
511 0.069444 0.169031 0.031250 0.037825
172 0.069444 0.135934 0.026042 0.026005
98 0.128472 0.952719 0.027778 0.030733
98 0.128472 0.925532 0.031250 0.026005
261 0.128472 0.894799 0.029514 0.028369
55 0.126736 0.864066 0.027778 0.030733
1047 0.128472 0.828605 0.026042 0.035461
239 0.127604 0.786052 0.024306 0.037825
64 0.126736 0.745863 0.029514 0.035461
1031 0.125000 0.712766 0.027778 0.028369
55 0.125000 0.684397 0.026042 0.028369
133 0.125000 0.657210 0.022569 0.026005
355 0.122396 0.626478 0.027778 0.030733
127 0.125868 0.589835 0.024306 0.033097
29 0.125000 0.552009 0.032986 0.035461
28 0.125000 0.516548 0.029514 0.028369
13 0.122396 0.486998 0.027778 0.030733
214 0.121528 0.455083 0.029514 0.030733
516 0.121528 0.425532 0.027778 0.028369
133 0.120660 0.393617 0.027778 0.028369
236 0.121528 0.352246 0.031250 0.042553
127 0.122396 0.310875 0.031250 0.033097
29 0.120660 0.274232 0.027778 0.033097
28 0.121528 0.235225 0.027778 0.037825
161 0.118924 0.202128 0.031250 0.026005
54 0.118056 0.171395 0.022569 0.033097
3 0.118056 0.137116 0.031250 0.030733
229 0.176215 0.952719 0.027778 0.028369
98 0.176215 0.919622 0.024306 0.028369
91 0.174479 0.888889 0.026042 0.028369
253 0.175347 0.854610 0.031250 0.030733
109 0.172743 0.821513 0.024306 0.028369
70 0.172743 0.791962 0.019097 0.026005
76 0.172743 0.762411 0.026042 0.028369
176 0.171875 0.732861 0.029514 0.033097
64 0.172743 0.696217 0.027778 0.033097
196 0.171875 0.663121 0.029514 0.028369
19 0.171007 0.631206 0.024306 0.028369
29 0.172743 0.600473 0.022569 0.026005
28 0.171875 0.572104 0.022569 0.028369
74 0.173611 0.539007 0.029514 0.033097
34 0.171007 0.503546 0.024306 0.033097
280 0.171007 0.468085 0.024306 0.033097
139 0.169271 0.400709 0.026042 0.033097
33 0.168403 0.364066 0.027778 0.037825
70 0.168403 0.326241 0.026042 0.033097
75 0.167535 0.291962 0.024306 0.028369
76 0.166667 0.260047 0.027778 0.028369
183 0.164062 0.229314 0.024306 0.026005
75 0.164931 0.198582 0.027778 0.030733
350 0.164062 0.164303 0.024306 0.033097
85 0.161458 0.131206 0.026042 0.028369
350 0.223958 0.943262 0.027778 0.030733
34 0.220486 0.912530 0.024306 0.026005
3 0.221354 0.885343 0.022569 0.026005
816 0.218750 0.856974 0.024306 0.028369
69 0.218750 0.822695 0.029514 0.037825
230 0.217882 0.781324 0.027778 0.037825
19 0.217882 0.745863 0.031250 0.033097
29 0.217882 0.706856 0.024306 0.035461
28 0.218750 0.665485 0.029514 0.037825
183 0.217882 0.627660 0.027778 0.033097
202 0.217014 0.592199 0.029514 0.033097
52 0.217882 0.557920 0.027778 0.037825
127 0.216146 0.521277 0.024306 0.033097
29 0.217882 0.484634 0.032986 0.030733
28 0.217014 0.447991 0.027778 0.033097
183 0.217014 0.416076 0.031250 0.026005
120 0.216146 0.390071 0.027778 0.026005
64 0.214410 0.355792 0.027778 0.037825
70 0.216146 0.323877 0.029514 0.026005
872 0.215278 0.293144 0.027778 0.033097
156 0.216146 0.263593 0.027778 0.026005
143 0.214410 0.236407 0.029514 0.028369
353 0.214410 0.202128 0.027778 0.035461
107 0.212674 0.165485 0.027778 0.035461
133 0.211806 0.131206 0.027778 0.035461
197 0.267361 0.947991 0.022569 0.026005
197 0.266493 0.920804 0.026042 0.028369
197 0.265625 0.892435 0.026042 0.028369
197 0.267361 0.858156 0.026042 0.028369
197 0.266493 0.827423 0.029514 0.026005
127 0.267361 0.790780 0.026042 0.040189
29 0.266493 0.752955 0.027778 0.030733
28 0.265625 0.719858 0.026042 0.028369
180 0.264757 0.684397 0.027778 0.037825
179 0.263889 0.644208 0.026042 0.035461
98 0.262153 0.604019 0.027778 0.035461
249 0.263889 0.568558 0.027778 0.033097
56 0.263889 0.536643 0.029514 0.028369
128 0.264757 0.507092 0.029514 0.033097
70 0.263021 0.475177 0.031250 0.028369
76 0.261285 0.445626 0.029514 0.028369
64 0.259549 0.413712 0.029514 0.035461
293 0.261285 0.379433 0.029514 0.030733
199 0.260417 0.347518 0.029514 0.030733
70 0.259549 0.317967 0.026042 0.028369
76 0.259549 0.284870 0.029514 0.035461
360 0.259549 0.252955 0.026042 0.026005
259 0.260417 0.223404 0.031250 0.028369
120 0.259549 0.192671 0.026042 0.033097
55 0.260417 0.161939 0.027778 0.026005
566 0.258681 0.131206 0.031250 0.033097
127 0.317708 0.938534 0.017361 0.021277
29 0.316840 0.933806 0.026042 0.037825
28 0.317708 0.918440 0.027778 0.033097
64 0.316840 0.886525 0.029514 0.030733
293 0.315972 0.853428 0.026042 0.033097
34 0.315972 0.815603 0.026042 0.040189
3 0.314236 0.777778 0.026042 0.033097
70 0.313368 0.741135 0.029514 0.033097
872 0.313368 0.708038 0.026042 0.026005
102 0.314236 0.680851 0.029514 0.028369
101 0.313368 0.650118 0.022569 0.033097
1046 0.312500 0.614657 0.027778 0.037825
33 0.310764 0.579196 0.029514 0.030733
196 0.309896 0.544917 0.029514 0.030733
1010 0.309028 0.508274 0.029514 0.033097
1009 0.309028 0.472813 0.026042 0.033097
7 0.308160 0.443262 0.029514 0.023641
894 0.308160 0.413712 0.024306 0.033097
238 0.308160 0.380615 0.031250 0.028369
344 0.308160 0.310875 0.027778 0.037825
150 0.360243 0.930260 0.027778 0.033097
149 0.359375 0.897163 0.027778 0.030733
147 0.358507 0.864066 0.024306 0.026005
542 0.357639 0.832151 0.022569 0.033097
239 0.358507 0.797872 0.026042 0.035461
127 0.356771 0.760047 0.029514 0.040189
29 0.356771 0.721040 0.031250 0.030733
28 0.355035 0.686761 0.026042 0.030733
195 0.355903 0.656028 0.026042 0.028369
172 0.356771 0.624113 0.026042 0.033097
554 0.355035 0.593381 0.029514 0.023641
55 0.354167 0.568558 0.026042 0.026005
349 0.353299 0.537825 0.029514 0.028369
582 0.353299 0.504728 0.031250 0.030733
581 0.352431 0.475177 0.027778 0.023641
274 0.351562 0.447991 0.026042 0.033097
107 0.352431 0.414894 0.032986 0.028369
1045 0.350694 0.386525 0.029514 0.028369
127 0.349826 0.359338 0.026042 0.030733
29 0.347222 0.321513 0.029514 0.037825
28 0.348090 0.284870 0.029514 0.033097
289 0.348090 0.251773 0.029514 0.030733
121 0.347222 0.218676 0.029514 0.033097
186 0.345486 0.186761 0.027778 0.028369
346 0.346354 0.158392 0.026042 0.028369
298 0.345486 0.132388 0.022569 0.028369
127 0.401042 0.919622 0.026042 0.028369
29 0.402778 0.886525 0.027778 0.030733
28 0.401042 0.855792 0.026042 0.023641
871 0.401042 0.826241 0.024306 0.030733
109 0.398438 0.788416 0.027778 0.037825
788 0.397569 0.752955 0.026042 0.028369
1042 0.397569 0.722222 0.026042 0.028369
83 0.397569 0.706856 0.020833 0.026005
109 0.396701 0.672577 0.022569 0.033097
100 0.395833 0.643026 0.024306 0.026005
872 0.396701 0.609929 0.026042 0.040189
105 0.395833 0.573286 0.024306 0.030733
56 0.394097 0.546099 0.026042 0.023641
139 0.393229 0.486998 0.026042 0.037825
702 0.392361 0.451537 0.027778 0.033097
33 0.392361 0.419622 0.024306 0.028369
127 0.389757 0.387707 0.027778 0.033097
29 0.390625 0.347518 0.026042 0.040189
1044 0.388889 0.310875 0.026042 0.030733
313 0.388021 0.278960 0.022569 0.026005
348 0.386285 0.248227 0.022569 0.030733
271 0.384549 0.213948 0.026042 0.037825
1043 0.384549 0.172577 0.024306 0.033097
133 0.434896 0.858156 0.017361 0.028369
136 0.434028 0.827423 0.017361 0.026005
83 0.433160 0.797872 0.020833 0.028369
54 0.432292 0.762411 0.019097 0.037825
43 0.433160 0.728132 0.019097 0.026005
118 0.432292 0.697400 0.019097 0.030733
117 0.431424 0.665485 0.017361 0.028369
7 0.431424 0.633570 0.017361 0.030733
117 0.430556 0.602837 0.019097 0.026005
183 0.427951 0.569740 0.020833 0.033097
120 0.427083 0.536643 0.019097 0.026005
230 0.427951 0.504728 0.019097 0.037825
1039 0.426215 0.462175 0.017361 0.026005
229 0.424479 0.432624 0.017361 0.028369
98 0.423611 0.399527 0.015625 0.028369
440 0.422743 0.360520 0.017361 0.026005
33 0.421875 0.332151 0.019097 0.026005
48 0.421007 0.300236 0.017361 0.030733
350 0.420139 0.264775 0.019097 0.030733
54 0.419271 0.235225 0.017361 0.026005
1041 0.418403 0.206856 0.017361 0.028369
1040 0.417535 0.174941 0.015625 0.028369
441 0.417535 0.145390 0.015625 0.026005
1038 0.663194 0.758865 0.026042 0.030733
261 0.662326 0.725768 0.026042 0.033097
133 0.659722 0.685579 0.027778 0.037825
980 0.658854 0.651300 0.029514 0.030733
136 0.656250 0.613475 0.027778 0.037825
417 0.653646 0.579196 0.029514 0.028369
136 0.650174 0.549645 0.031250 0.028369
956 0.646701 0.515366 0.024306 0.035461
