0 0.088488 0.930456 0.027491 0.031175
0 0.087629 0.911271 0.024055 0.023981
0 0.089347 0.881295 0.025773 0.028777
0 0.089347 0.850120 0.022337 0.033573
0 0.091065 0.815348 0.029210 0.028777
0 0.091924 0.784173 0.027491 0.028777
0 0.091924 0.754197 0.022337 0.026379
0 0.092784 0.721823 0.025773 0.033573
0 0.095361 0.685851 0.029210 0.031175
0 0.094502 0.651079 0.024055 0.031175
0 0.096220 0.613909 0.027491 0.031175
0 0.097079 0.582734 0.022337 0.028777
0 0.097079 0.551559 0.024055 0.028777
0 0.098797 0.511990 0.032646 0.035971
0 0.099656 0.470024 0.027491 0.038369
0 0.099656 0.425659 0.025773 0.033573
0 0.099656 0.387290 0.027491 0.031175
0 0.100515 0.357314 0.025773 0.026379
0 0.100515 0.317746 0.027491 0.038369
0 0.100515 0.276978 0.029210 0.031175
0 0.101375 0.237410 0.030928 0.040767
0 0.103952 0.196643 0.030928 0.028777
0 0.103952 0.161871 0.027491 0.033573
0 0.102234 0.123501 0.029210 0.038369
0 0.132302 0.929257 0.025773 0.033573
0 0.134021 0.892086 0.020619 0.031175
0 0.134021 0.860911 0.022337 0.033573
0 0.136598 0.827338 0.029210 0.038369
0 0.134880 0.787770 0.027491 0.040767
0 0.137457 0.741007 0.027491 0.040767
0 0.140034 0.701439 0.027491 0.031175
0 0.137457 0.671463 0.024055 0.021583
0 0.140893 0.642686 0.024055 0.028777
0 0.140893 0.609113 0.027491 0.031175
0 0.140893 0.576739 0.018900 0.028777
0 0.140893 0.545564 0.027491 0.028777
0 0.141753 0.505995 0.034364 0.043165
0 0.142612 0.474820 0.029210 0.023981
0 0.141753 0.446043 0.025773 0.028777
0 0.142612 0.413669 0.027491 0.026379
0 0.146048 0.386091 0.030928 0.026379
0 0.146907 0.353717 0.029210 0.035971
0 0.147766 0.314149 0.032646 0.031175
0 0.148625 0.275779 0.034364 0.038369
0 0.148625 0.237410 0.027491 0.031175
0 0.150344 0.201439 0.027491 0.035971
0 0.150344 0.164269 0.029210 0.033573
0 0.150344 0.121103 0.030928 0.035971
0 0.181271 0.892086 0.027491 0.038369
0 0.181271 0.846523 0.029210 0.043165
0 0.181271 0.808153 0.024055 0.031175
0 0.182131 0.775779 0.029210 0.028777
0 0.186426 0.741007 0.025773 0.028777
0 0.186426 0.711031 0.027491 0.031175
0 0.185567 0.670264 0.027491 0.040767
0 0.189003 0.629496 0.032646 0.035971
0 0.189003 0.591127 0.030928 0.028777
0 0.189863 0.553957 0.029210 0.033573
0 0.189863 0.515588 0.024055 0.033573
0 0.193299 0.479616 0.032646 0.033573
0 0.190722 0.443645 0.027491 0.031175
0 0.193299 0.408873 0.025773 0.031175
0 0.195876 0.375300 0.029210 0.033573
0 0.195017 0.341727 0.020619 0.026379
0 0.195017 0.310552 0.024055 0.028777
0 0.196735 0.279376 0.030928 0.026379
0 0.197595 0.251799 0.032646 0.028777
0 0.197595 0.218225 0.029210 0.028777
0 0.198454 0.199041 0.024055 0.016787
0 0.198454 0.176259 0.024055 0.026379
0 0.199313 0.148681 0.030928 0.026379
0 0.228522 0.881295 0.029210 0.023981
0 0.227663 0.810552 0.027491 0.031175
0 0.227663 0.782974 0.022337 0.021583
0 0.227663 0.755396 0.029210 0.028777
0 0.230241 0.719424 0.029210 0.038369
0 0.232818 0.673861 0.027491 0.043165
0 0.233677 0.629496 0.036082 0.035971
0 0.237113 0.592326 0.030928 0.033573
0 0.236254 0.547962 0.030928 0.040767
0 0.238832 0.511990 0.029210 0.033573
0 0.240550 0.473621 0.027491 0.031175
0 0.238832 0.442446 0.024055 0.028777
0 0.236254 0.411271 0.032646 0.033573
0 0.241409 0.375300 0.029210 0.031175
0 0.243986 0.335731 0.030928 0.035971
0 0.243986 0.293765 0.030928 0.043165
0 0.245704 0.217026 0.025773 0.031175
0 0.276632 0.808153 0.027491 0.033573
0 0.277491 0.730216 0.030928 0.026379
0 0.278351 0.696643 0.024055 0.031175
0 0.280069 0.665468 0.022337 0.028777
0 0.281787 0.634293 0.027491 0.033573
0 0.283505 0.595923 0.027491 0.040767
0 0.284364 0.557554 0.029210 0.035971
0 0.286082 0.515588 0.027491 0.038369
1125 0.288660 0.480815 0.029210 0.031175
1125 0.290378 0.443645 0.029210 0.038369
1125 0.291237 0.405276 0.029210 0.033573
1125 0.291237 0.370504 0.030928 0.033573
1125 0.291237 0.336930 0.022337 0.031175
1125 0.292096 0.299760 0.025773 0.028777
1125 0.292096 0.264988 0.024055 0.038369
1125 0.294674 0.227818 0.029210 0.026379
1125 0.294674 0.163070 0.032646 0.038369
1125 0.292955 0.123501 0.025773 0.033573
17 0.327320 0.788969 0.027491 0.028777
893 0.326460 0.760192 0.030928 0.026379
21 0.327320 0.724221 0.036082 0.035971
635 0.327320 0.690647 0.032646 0.028777
175 0.329897 0.657074 0.029210 0.028777
25 0.331615 0.624700 0.030928 0.033573
24 0.331615 0.592326 0.030928 0.031175
546 0.331615 0.557554 0.027491 0.033573
23 0.333333 0.516787 0.032646 0.033573
30 0.335911 0.483213 0.027491 0.026379
634 0.335911 0.450839 0.027491 0.033573
255 0.338488 0.420863 0.029210 0.026379
15 0.339347 0.387290 0.027491 0.031175
1168 0.339347 0.351319 0.027491 0.031175
157 0.339347 0.318945 0.020619 0.026379
38 0.340206 0.290168 0.024055 0.026379
37 0.342784 0.258993 0.027491 0.031175
54 0.342784 0.226619 0.029210 0.028777
44 0.341924 0.193046 0.029210 0.033573
932 0.341924 0.158273 0.030928 0.031175
266 0.342784 0.122302 0.027491 0.031175
77 0.371993 0.899281 0.030928 0.031175
855 0.371993 0.868106 0.030928 0.026379
167 0.371993 0.833333 0.030928 0.033573
157 0.375430 0.788969 0.032646 0.043165
38 0.374570 0.748201 0.029210 0.035971
37 0.373711 0.712230 0.027491 0.026379
1167 0.375430 0.679856 0.030928 0.028777
260 0.376289 0.646283 0.030928 0.035971
127 0.378866 0.611511 0.029210 0.026379
130 0.378866 0.575540 0.032646 0.035971
92 0.381443 0.532374 0.032646 0.038369
37 0.381443 0.491607 0.032646 0.031175
91 0.381443 0.460432 0.029210 0.031175
44 0.384880 0.426859 0.027491 0.028777
77 0.384880 0.388489 0.036082 0.035971
182 0.388316 0.347722 0.032646 0.033573
38 0.388316 0.311751 0.030928 0.028777
37 0.386598 0.282974 0.030928 0.031175
91 0.390034 0.208633 0.030928 0.031175
459 0.388316 0.171463 0.030928 0.035971
21 0.390034 0.131894 0.030928 0.038369
163 0.420103 0.935252 0.027491 0.033573
391 0.420962 0.899281 0.029210 0.031175
136 0.421821 0.866906 0.030928 0.028777
151 0.422680 0.833333 0.029210 0.031175
260 0.422680 0.799760 0.027491 0.033573
149 0.425258 0.768585 0.032646 0.026379
44 0.424399 0.741007 0.029210 0.031175
380 0.423540 0.707434 0.024055 0.031175
303 0.424399 0.670264 0.025773 0.035971
159 0.426117 0.629496 0.032646 0.033573
83 0.427835 0.595923 0.022337 0.028777
284 0.428694 0.565947 0.024055 0.028777
77 0.430412 0.529976 0.025773 0.028777
21 0.429553 0.495204 0.034364 0.033573
66 0.430412 0.458034 0.029210 0.031175
178 0.432131 0.425659 0.032646 0.031175
192 0.434708 0.392086 0.029210 0.033573
282 0.432990 0.357314 0.032646 0.033573
824 0.434708 0.315348 0.024055 0.038369
401 0.435567 0.279376 0.030928 0.028777
1166 0.436426 0.248201 0.029210 0.028777
570 0.435567 0.212230 0.027491 0.040767
281 0.437285 0.167866 0.030928 0.038369
34 0.439003 0.130695 0.030928 0.031175
44 0.469931 0.946043 0.027491 0.028777
66 0.468213 0.916067 0.030928 0.028777
415 0.469931 0.886091 0.029210 0.026379
64 0.469931 0.856115 0.024055 0.028777
113 0.469072 0.818945 0.024055 0.038369
640 0.472509 0.782974 0.029210 0.026379
149 0.472509 0.754197 0.027491 0.026379
44 0.474227 0.724221 0.030928 0.033573
77 0.475945 0.689448 0.029210 0.026379
280 0.475945 0.655875 0.027491 0.035971
495 0.477663 0.619904 0.025773 0.033573
72 0.477663 0.586331 0.030928 0.028777
255 0.476804 0.555156 0.024055 0.028777
657 0.478522 0.522782 0.024055 0.028777
157 0.478522 0.490408 0.025773 0.028777
38 0.479381 0.456835 0.029210 0.031175
37 0.479381 0.424460 0.025773 0.028777
43 0.480241 0.387290 0.027491 0.035971
229 0.481959 0.344125 0.029210 0.040767
34 0.480241 0.308153 0.025773 0.026379
166 0.484536 0.273381 0.029210 0.035971
421 0.483677 0.236211 0.022337 0.033573
83 0.484536 0.203837 0.022337 0.028777
1165 0.485395 0.175060 0.025773 0.028777
44 0.485395 0.141487 0.029210 0.035971
0 0.575601 0.934053 0.030928 0.033573
0 0.572165 0.896882 0.024055 0.033573
0 0.572165 0.858513 0.030928 0.035971
0 0.571306 0.814149 0.020619 0.038369
0 0.569588 0.774580 0.029210 0.033573
0 0.568729 0.738609 0.025773 0.028777
0 0.567869 0.707434 0.024055 0.028777
0 0.570447 0.671463 0.029210 0.033573
0 0.569588 0.633094 0.025773 0.033573
0 0.568729 0.594724 0.027491 0.031175
0 0.567010 0.561151 0.022337 0.031175
0 0.566151 0.526379 0.025773 0.033573
0 0.565292 0.492806 0.027491 0.026379
0 0.563574 0.462830 0.022337 0.028777
0 0.564433 0.431655 0.022337 0.035971
0 0.563574 0.394484 0.024055 0.038369
0 0.562715 0.356115 0.025773 0.035971
0 0.563574 0.317746 0.024055 0.033573
0 0.562715 0.285372 0.024055 0.031175
0 0.560997 0.251799 0.024055 0.035971
0 0.560997 0.211031 0.027491 0.035971
0 0.558419 0.175060 0.022337 0.031175
0 0.557560 0.143885 0.029210 0.028777
0 0.622852 0.869305 0.029210 0.033573
0 0.621134 0.833333 0.027491 0.026379
0 0.619416 0.805755 0.024055 0.023981
0 0.619416 0.767386 0.030928 0.035971
0 0.617698 0.731415 0.027491 0.028777
0 0.616838 0.693046 0.025773 0.038369
0 0.615120 0.657074 0.030928 0.028777
0 0.613402 0.621103 0.030928 0.033573
0 0.615979 0.581535 0.029210 0.035971
0 0.611684 0.541966 0.029210 0.035971
0 0.613402 0.508393 0.022337 0.028777
0 0.611684 0.472422 0.034364 0.035971
0 0.609107 0.437650 0.025773 0.031175
0 0.608247 0.398082 0.030928 0.038369
0 0.609107 0.359712 0.027491 0.033573
0 0.607388 0.320144 0.020619 0.035971
0 0.606529 0.282974 0.032646 0.028777
0 0.604811 0.251799 0.032646 0.028777
0 0.605670 0.220624 0.032646 0.028777
0 0.667526 0.821343 0.029210 0.040767
0 0.667526 0.782974 0.030928 0.031175
0 0.665808 0.749400 0.030928 0.028777
0 0.664089 0.714628 0.027491 0.033573
0 0.663230 0.675060 0.029210 0.043165
0 0.663230 0.629496 0.032646 0.038369
0 0.658076 0.591127 0.027491 0.033573
0 0.658935 0.558753 0.025773 0.028777
0 0.658935 0.521583 0.024055 0.038369
0 0.656357 0.478417 0.029210 0.038369
0 0.654639 0.438849 0.027491 0.035971
0 0.653780 0.396882 0.029210 0.040767
0 0.654639 0.359712 0.027491 0.026379
0 0.652921 0.323741 0.025773 0.038369
0 0.652062 0.281775 0.027491 0.038369
0 0.652062 0.238609 0.030928 0.038369
0 0.649485 0.197842 0.025773 0.033573
0 0.652062 0.163070 0.030928 0.028777
0 0.651203 0.130695 0.032646 0.031175
0 0.712199 0.772182 0.025773 0.028777
0 0.713918 0.736211 0.029210 0.028777
0 0.711340 0.699041 0.027491 0.040767
0 0.708763 0.658273 0.030928 0.033573
0 0.709622 0.618705 0.024055 0.033573
0 0.708763 0.583933 0.029210 0.031175
0 0.706186 0.552758 0.020619 0.028777
0 0.706186 0.516787 0.025773 0.038369
0 0.704467 0.477218 0.029210 0.031175
0 0.701031 0.443645 0.029210 0.031175
0 0.701031 0.419664 0.029210 0.033573
0 0.698454 0.383693 0.032646 0.028777
0 0.696735 0.353717 0.025773 0.026379
0 0.696735 0.324940 0.024055 0.023981
0 0.695017 0.298561 0.022337 0.026379
0 0.696735 0.267386 0.022337 0.031175
45 0.756873 0.772182 0.022337 0.035971
268 0.756014 0.737410 0.025773 0.026379
828 0.753436 0.700240 0.025773 0.040767
384 0.750000 0.661871 0.027491 0.028777
231 0.751718 0.627098 0.030928 0.033573
1164 0.748282 0.587530 0.029210 0.040767
0 0.746564 0.544365 0.025773 0.033573
832 0.748282 0.505995 0.025773 0.031175
0 0.746564 0.472422 0.029210 0.031175
0 0.743127 0.437650 0.027491 0.031175
0 0.743127 0.406475 0.022337 0.026379
0 0.739691 0.377698 0.029210 0.028777
0 0.739691 0.346523 0.029210 0.031175
0 0.738832 0.306954 0.024055 0.038369
300 0.800687 0.757794 0.024055 0.028777
957 0.797251 0.719424 0.024055 0.035971
112 0.797251 0.679856 0.030928 0.028777
255 0.796392 0.645084 0.022337 0.033573
134 0.797251 0.609113 0.027491 0.038369
221 0.796392 0.573141 0.027491 0.033573
77 0.794674 0.537170 0.032646 0.033573
182 0.792096 0.497602 0.027491 0.033573
1163 0.790378 0.449640 0.029210 0.045564
159 0.786942 0.402878 0.030928 0.040767
183 0.786082 0.363309 0.025773 0.038369
100 0.784364 0.322542 0.025773 0.031175
294 0.783505 0.284173 0.029210 0.038369
67 0.850515 0.898082 0.030928 0.035971
146 0.850515 0.860911 0.027491 0.026379
68 0.848797 0.836930 0.027491 0.033573
855 0.845361 0.804556 0.027491 0.028777
762 0.847079 0.769784 0.022337 0.026379
67 0.847938 0.735012 0.030928 0.031175
163 0.843643 0.695444 0.029210 0.033573
833 0.843643 0.655875 0.027491 0.031175
166 0.843643 0.622302 0.029210 0.026379
982 0.843643 0.593525 0.020619 0.026379
44 0.841924 0.565947 0.024055 0.026379
258 0.843643 0.532374 0.027491 0.033573
867 0.841065 0.490408 0.025773 0.038369
149 0.839347 0.454436 0.029210 0.028777
67 0.839347 0.418465 0.029210 0.035971
562 0.837629 0.377698 0.030928 0.035971
302 0.835911 0.341727 0.024055 0.031175
146 0.835052 0.303357 0.029210 0.033573
513 0.834192 0.266187 0.032646 0.028777
1162 0.833333 0.230216 0.030928 0.033573
689 0.832474 0.194245 0.032646 0.028777
294 0.831615 0.158273 0.027491 0.035971
73 0.896907 0.883693 0.022337 0.028777
122 0.896907 0.853717 0.020619 0.031175
663 0.895189 0.818945 0.027491 0.031175
136 0.893471 0.785372 0.025773 0.028777
146 0.891753 0.754197 0.025773 0.026379
64 0.892612 0.721823 0.029210 0.026379
350 0.891753 0.691847 0.025773 0.026379
82 0.891753 0.661871 0.029210 0.031175
135 0.890893 0.627098 0.024055 0.028777
134 0.888316 0.591127 0.022337 0.035971
897 0.888316 0.553957 0.029210 0.028777
68 0.886598 0.513189 0.024055 0.038369
590 0.887457 0.479616 0.022337 0.028777
158 0.885739 0.443645 0.030928 0.033573
163 0.884021 0.423261 0.025773 0.035971
174 0.881443 0.388489 0.027491 0.028777
122 0.882302 0.353717 0.027491 0.028777
23 0.880584 0.315348 0.030928 0.031175
165 0.879725 0.280576 0.030928 0.031175
302 0.878866 0.195444 0.029210 0.033573
58 0.938144 0.878897 0.027491 0.038369
294 0.939003 0.841727 0.029210 0.026379
45 0.935567 0.809353 0.024055 0.031175
120 0.937285 0.775779 0.027491 0.026379
68 0.935567 0.745803 0.024055 0.023981
67 0.934708 0.719424 0.024055 0.023981
702 0.932131 0.691847 0.025773 0.031175
50 0.932990 0.655875 0.027491 0.031175
345 0.932131 0.622302 0.029210 0.023981
219 0.932131 0.594724 0.030928 0.028777
150 0.931271 0.562350 0.025773 0.028777
158 0.930412 0.528777 0.024055 0.028777
145 0.928694 0.501199 0.022337 0.026379
122 0.930412 0.465228 0.027491 0.038369
321 0.927835 0.424460 0.029210 0.038369
78 0.924399 0.389688 0.020619 0.028777
67 0.922680 0.354916 0.029210 0.035971
64 0.922680 0.320144 0.024055 0.026379
109 0.921821 0.287770 0.022337 0.033573
67 0.921821 0.248201 0.025773 0.033573
73 0.920962 0.217026 0.022337 0.021583
122 0.922680 0.184652 0.027491 0.035971
23 0.921821 0.148681 0.030928 0.028777
165 0.920103 0.118705 0.027491 0.026379
