757 0.294872 0.365942 0.029060 0.031401
15 0.297436 0.329710 0.027350 0.031401
55 0.297436 0.293478 0.030769 0.036232
139 0.299145 0.223430 0.032479 0.038647
756 0.299145 0.182367 0.032479 0.031401
755 0.298291 0.152174 0.029060 0.028986
554 0.300000 0.121981 0.029060 0.026570
178 0.298291 0.094203 0.025641 0.031401
28 0.329060 0.910628 0.032479 0.033816
33 0.329060 0.870773 0.032479 0.033816
153 0.328205 0.832126 0.023932 0.031401
152 0.329915 0.789855 0.029060 0.043478
21 0.329915 0.748792 0.023932 0.026570
20 0.330769 0.718599 0.027350 0.031401
83 0.334188 0.676329 0.029060 0.033816
127 0.334188 0.640097 0.027350 0.028986
29 0.335043 0.603865 0.023932 0.033816
28 0.336752 0.564010 0.025641 0.033816
11 0.338462 0.524155 0.027350 0.038647
11 0.339316 0.485507 0.027350 0.036232
52 0.337607 0.446860 0.030769 0.031401
70 0.337607 0.408213 0.025641 0.038647
11 0.338462 0.367150 0.027350 0.033816
68 0.338462 0.328502 0.023932 0.036232
161 0.340171 0.292271 0.023932 0.031401
104 0.340171 0.262077 0.027350 0.028986
33 0.342735 0.225845 0.032479 0.036232
724 0.341880 0.190821 0.029060 0.028986
6 0.344444 0.159420 0.023932 0.026570
83 0.343590 0.130435 0.023932 0.031401
63 0.346154 0.095411 0.030769 0.033816
106 0.374359 0.915459 0.032479 0.031401
482 0.378632 0.882850 0.027350 0.024155
183 0.376068 0.850242 0.030769 0.038647
530 0.374359 0.811594 0.029060 0.036232
15 0.376068 0.772947 0.025641 0.028986
26 0.375214 0.721014 0.030769 0.048309
165 0.379487 0.678744 0.029060 0.031401
136 0.380342 0.642512 0.025641 0.033816
68 0.381197 0.607488 0.029060 0.031401
393 0.379487 0.573671 0.029060 0.028986
116 0.381197 0.541063 0.029060 0.026570
101 0.378632 0.512077 0.030769 0.028986
168 0.381197 0.479469 0.029060 0.033816
239 0.382051 0.439614 0.029060 0.038647
48 0.383761 0.400966 0.025641 0.028986
56 0.383761 0.370773 0.025641 0.031401
124 0.387179 0.338164 0.029060 0.024155
142 0.386325 0.310386 0.029060 0.028986
153 0.386325 0.277778 0.034188 0.031401
52 0.388034 0.242754 0.030769 0.036232
350 0.386325 0.202899 0.025641 0.036232
249 0.388034 0.163043 0.029060 0.033816
68 0.390598 0.130435 0.025641 0.019324
13 0.389744 0.099034 0.030769 0.033816
201 0.422222 0.902174 0.032479 0.043478
251 0.423077 0.864734 0.027350 0.024155
168 0.423077 0.830918 0.027350 0.031401
345 0.422222 0.793478 0.025641 0.036232
754 0.424786 0.756039 0.029060 0.033816
388 0.424786 0.719807 0.032479 0.033816
52 0.425641 0.683575 0.030769 0.031401
110 0.427350 0.649758 0.034188 0.031401
139 0.428205 0.585749 0.029060 0.028986
174 0.427350 0.555556 0.025641 0.028986
33 0.427350 0.519324 0.027350 0.033816
171 0.429915 0.480676 0.034188 0.033816
170 0.429060 0.443237 0.027350 0.036232
4 0.431624 0.399758 0.029060 0.038647
64 0.430769 0.362319 0.027350 0.033816
214 0.432479 0.324879 0.030769 0.033816
754 0.433333 0.281401 0.030769 0.041063
388 0.433333 0.241546 0.032479 0.033816
734 0.432479 0.206522 0.029060 0.033816
127 0.434188 0.173913 0.030769 0.026570
29 0.433333 0.144928 0.027350 0.028986
28 0.434188 0.103865 0.030769 0.043478
165 0.469231 0.921498 0.027350 0.024155
68 0.469231 0.891304 0.032479 0.033816
410 0.471795 0.855072 0.029060 0.033816
445 0.471795 0.816425 0.032479 0.038647
64 0.470940 0.774155 0.029060 0.038647
752 0.473504 0.728261 0.025641 0.041063
201 0.472650 0.685990 0.032479 0.036232
251 0.473504 0.648551 0.029060 0.031401
168 0.475214 0.612319 0.027350 0.038647
54 0.474359 0.574879 0.032479 0.031401
52 0.476923 0.541063 0.032479 0.033816
110 0.476923 0.507246 0.032479 0.031401
139 0.477778 0.444444 0.027350 0.031401
174 0.476923 0.415459 0.029060 0.031401
33 0.477778 0.376812 0.027350 0.036232
29 0.480342 0.335749 0.030769 0.036232
28 0.479487 0.294686 0.025641 0.036232
132 0.482051 0.252415 0.025641 0.041063
316 0.480342 0.211353 0.025641 0.036232
305 0.480342 0.171498 0.025641 0.038647
753 0.481197 0.136473 0.027350 0.026570
33 0.482051 0.105072 0.022222 0.028986
752 0.758120 0.898551 0.025641 0.036232
127 0.756410 0.863527 0.027350 0.028986
29 0.758120 0.828502 0.030769 0.031401
28 0.756410 0.789855 0.027350 0.033816
267 0.757265 0.750000 0.029060 0.036232
140 0.753846 0.704106 0.030769 0.038647
429 0.753846 0.663043 0.027350 0.033816
2 0.751282 0.624396 0.032479 0.033816
133 0.751282 0.589372 0.023932 0.028986
10 0.751282 0.554348 0.029060 0.036232
9 0.749573 0.510870 0.029060 0.038647
62 0.748718 0.466184 0.018803 0.036232
127 0.801709 0.868357 0.025641 0.026570
29 0.799145 0.800725 0.032479 0.038647
28 0.799145 0.763285 0.030769 0.031401
54 0.797436 0.724638 0.030769 0.033816
201 0.796581 0.692029 0.023932 0.028986
142 0.797436 0.658213 0.027350 0.036232
475 0.795726 0.620773 0.023932 0.033816
6 0.794017 0.582126 0.018803 0.033816
73 0.794872 0.530193 0.025641 0.031401
65 0.794017 0.497585 0.032479 0.028986
549 0.791453 0.466184 0.027350 0.028986
549 0.791453 0.435990 0.029060 0.026570
548 0.788889 0.407005 0.022222 0.028986
6 0.790598 0.369565 0.027350 0.033816
5 0.788889 0.334541 0.030769 0.031401
3 0.788889 0.295894 0.030769 0.031401
2 0.787179 0.262077 0.029060 0.033816
1 0.783761 0.225845 0.030769 0.033816
142 0.847009 0.907005 0.034188 0.028986
13 0.847009 0.841787 0.029060 0.033816
110 0.847009 0.805556 0.030769 0.031401
75 0.844444 0.771739 0.023932 0.028986
737 0.844444 0.739130 0.027350 0.028986
425 0.841880 0.706522 0.023932 0.028986
26 0.841880 0.670290 0.027350 0.033816
165 0.841880 0.628019 0.030769 0.041063
64 0.840171 0.585749 0.027350 0.038647
312 0.841026 0.547101 0.023932 0.033816
343 0.839316 0.510870 0.025641 0.033816
123 0.836752 0.471014 0.029060 0.033816
463 0.837607 0.435990 0.020513 0.024155
60 0.837607 0.403382 0.032479 0.031401
110 0.835043 0.369565 0.023932 0.028986
7 0.835043 0.338164 0.023932 0.028986
132 0.832479 0.307971 0.022222 0.028986
201 0.833333 0.270531 0.023932 0.033816
312 0.830769 0.230676 0.023932 0.038647
107 0.829060 0.183575 0.023932 0.041063
26 0.828205 0.146135 0.023932 0.026570
98 0.828205 0.113527 0.029060 0.028986
54 0.889744 0.887681 0.023932 0.031401
426 0.888034 0.856280 0.023932 0.026570
425 0.889744 0.818841 0.030769 0.036232
184 0.888034 0.777778 0.027350 0.036232
55 0.887179 0.736715 0.025641 0.043478
688 0.886325 0.690821 0.030769 0.033816
83 0.884615 0.655797 0.027350 0.031401
184 0.884615 0.625604 0.023932 0.026570
55 0.886325 0.591787 0.025641 0.033816
33 0.882051 0.554348 0.022222 0.031401
439 0.880342 0.514493 0.023932 0.036232
438 0.880342 0.477053 0.025641 0.031401
21 0.880342 0.443237 0.025641 0.028986
127 0.879487 0.402174 0.025641 0.043478
29 0.877778 0.358696 0.023932 0.038647
28 0.876923 0.322464 0.027350 0.028986
13 0.876068 0.285024 0.025641 0.033816
17 0.876923 0.248792 0.027350 0.031401
16 0.875214 0.214976 0.027350 0.026570
405 0.875214 0.184783 0.023932 0.026570
15 0.871795 0.155797 0.023932 0.028986
22 0.872650 0.118357 0.025641 0.036232
161 0.871795 0.078502 0.023932 0.036232
625 0.930769 0.897343 0.025641 0.026570
52 0.930769 0.868357 0.029060 0.026570
120 0.932479 0.835749 0.023932 0.033816
55 0.930769 0.794686 0.027350 0.031401
156 0.930769 0.757246 0.029060 0.033816
143 0.928205 0.717391 0.027350 0.033816
90 0.929915 0.681159 0.027350 0.031401
82 0.926496 0.646135 0.030769 0.033816
142 0.927350 0.611111 0.023932 0.026570
226 0.927350 0.576087 0.025641 0.033816
90 0.926496 0.535024 0.027350 0.036232
82 0.923932 0.495169 0.022222 0.036232
142 0.923077 0.462560 0.023932 0.019324
127 0.923932 0.434783 0.023932 0.028986
29 0.923077 0.400966 0.027350 0.031401
28 0.921368 0.367150 0.025641 0.031401
7 0.921368 0.336957 0.022222 0.024155
118 0.917949 0.309179 0.025641 0.028986
26 0.919658 0.270531 0.023932 0.038647
751 0.917949 0.194444 0.029060 0.031401
750 0.916239 0.158213 0.029060 0.031401
749 0.914530 0.078502 0.027350 0.038647
