75 0.194444 0.683215 0.029514 0.030733
157 0.196181 0.656028 0.034722 0.026005
556 0.197917 0.622931 0.032986 0.035461
83 0.198785 0.583924 0.031250 0.035461
65 0.198785 0.544917 0.027778 0.035461
64 0.201389 0.507092 0.026042 0.033097
28 0.203125 0.476359 0.029514 0.026005
67 0.203993 0.446809 0.026042 0.028369
127 0.204861 0.417258 0.031250 0.026005
29 0.205729 0.385343 0.031250 0.037825
28 0.207465 0.349882 0.034722 0.028369
13 0.205729 0.320331 0.026042 0.030733
214 0.209201 0.283688 0.027778 0.040189
516 0.210069 0.238771 0.024306 0.040189
406 0.241319 0.783688 0.029514 0.035461
405 0.240451 0.751773 0.024306 0.021277
52 0.243056 0.722222 0.031250 0.035461
105 0.241319 0.683215 0.026042 0.030733
111 0.243924 0.650118 0.020833 0.026005
70 0.244792 0.619385 0.020833 0.030733
7 0.243924 0.586288 0.026042 0.030733
146 0.248264 0.550827 0.027778 0.035461
573 0.248264 0.513002 0.029514 0.033097
65 0.251736 0.477541 0.027778 0.030733
26 0.251736 0.443262 0.026042 0.033097
64 0.253472 0.407801 0.024306 0.033097
80 0.254340 0.374704 0.029514 0.028369
72 0.256076 0.340426 0.027778 0.030733
26 0.256944 0.307329 0.027778 0.033097
133 0.256944 0.278960 0.027778 0.030733
111 0.259549 0.247045 0.026042 0.033097
177 0.259549 0.213948 0.027778 0.033097
419 0.284722 0.845154 0.027778 0.030733
238 0.285590 0.810875 0.029514 0.033097
249 0.285590 0.776596 0.031250 0.033097
348 0.285590 0.744681 0.020833 0.030733
33 0.288194 0.711584 0.029514 0.037825
176 0.289931 0.672577 0.031250 0.033097
55 0.290799 0.644208 0.024306 0.021277
157 0.293403 0.611111 0.027778 0.037825
479 0.293403 0.573286 0.026042 0.033097
420 0.294271 0.543735 0.020833 0.023641
29 0.295139 0.515366 0.024306 0.028369
228 0.294271 0.483452 0.026042 0.030733
28 0.296007 0.446809 0.026042 0.035461
13 0.297743 0.412530 0.029514 0.028369
214 0.299479 0.379433 0.029514 0.033097
516 0.299479 0.341608 0.029514 0.037825
905 0.300347 0.301418 0.029514 0.037825
43 0.332465 0.761229 0.027778 0.030733
109 0.332465 0.730496 0.026042 0.023641
68 0.332465 0.696217 0.031250 0.037825
280 0.335069 0.657210 0.027778 0.035461
468 0.337674 0.621749 0.027778 0.026005
75 0.337674 0.591017 0.027778 0.033097
158 0.340278 0.555556 0.024306 0.033097
27 0.341146 0.520095 0.031250 0.028369
26 0.342014 0.484634 0.027778 0.035461
156 0.342014 0.449173 0.029514 0.028369
143 0.342014 0.421986 0.024306 0.026005
55 0.344618 0.390071 0.024306 0.033097
216 0.346354 0.355792 0.027778 0.033097
19 0.347222 0.321513 0.027778 0.028369
29 0.349826 0.293144 0.024306 0.026005
28 0.348958 0.260047 0.027778 0.035461
117 0.350694 0.226950 0.027778 0.030733
19 0.349826 0.195035 0.026042 0.028369
29 0.351562 0.163121 0.022569 0.033097
91 0.374132 0.829787 0.026042 0.033097
962 0.374132 0.757683 0.020833 0.030733
65 0.375000 0.725768 0.024306 0.035461
54 0.375868 0.692671 0.027778 0.030733
35 0.375868 0.661939 0.029514 0.028369
256 0.378472 0.632388 0.024306 0.026005
334 0.378472 0.600473 0.027778 0.033097
312 0.381076 0.567376 0.024306 0.033097
0 0.381944 0.535461 0.022569 0.026005
350 0.382812 0.504728 0.026042 0.030733
437 0.652778 0.880615 0.026042 0.030733
436 0.648438 0.847518 0.031250 0.033097
20 0.646701 0.816785 0.029514 0.028369
139 0.644097 0.756501 0.024306 0.026005
467 0.662326 0.195035 0.027778 0.028369
468 0.661458 0.158392 0.029514 0.037825
75 0.661458 0.121749 0.032986 0.035461
158 0.658854 0.087470 0.032986 0.033097
776 0.733507 0.703310 0.026042 0.037825
152 0.731771 0.669031 0.026042 0.021277
202 0.732639 0.638298 0.027778 0.033097
165 0.730903 0.605201 0.031250 0.026005
652 0.728299 0.574468 0.026042 0.030733
467 0.724826 0.488180 0.031250 0.052009
70 0.720486 0.437352 0.029514 0.037825
546 0.718750 0.397163 0.031250 0.035461
545 0.716146 0.354610 0.026042 0.037825
69 0.715278 0.319149 0.031250 0.033097
33 0.715278 0.283688 0.029514 0.030733
677 0.777778 0.666667 0.027778 0.035461
22 0.776042 0.628842 0.029514 0.033097
350 0.776042 0.589835 0.029514 0.037825
156 0.776042 0.553191 0.029514 0.033097
143 0.772569 0.523641 0.032986 0.026005
155 0.772569 0.497636 0.029514 0.023641
64 0.770833 0.464539 0.026042 0.035461
197 0.768229 0.424350 0.027778 0.033097
545 0.764757 0.381797 0.029514 0.042553
0 0.764757 0.339243 0.031250 0.030733
443 0.765625 0.307329 0.027778 0.026005
65 0.763889 0.276596 0.026042 0.033097
961 0.763889 0.245863 0.024306 0.033097
806 0.762153 0.211584 0.029514 0.035461
488 0.826389 0.683215 0.024306 0.030733
117 0.825521 0.644208 0.027778 0.040189
135 0.823785 0.605201 0.026042 0.033097
224 0.823785 0.569740 0.032986 0.028369
107 0.822049 0.539007 0.031250 0.028369
350 0.820312 0.507092 0.031250 0.030733
133 0.819444 0.473995 0.027778 0.033097
4 0.815972 0.431442 0.031250 0.044917
214 0.814236 0.387707 0.026042 0.035461
503 0.812500 0.351064 0.031250 0.035461
161 0.812500 0.313239 0.027778 0.033097
105 0.810764 0.274232 0.031250 0.040189
22 0.876736 0.781324 0.032986 0.040189
350 0.875868 0.741135 0.027778 0.035461
163 0.874132 0.708038 0.027778 0.026005
865 0.875000 0.673759 0.029514 0.033097
701 0.872396 0.640662 0.029514 0.030733
236 0.872396 0.608747 0.027778 0.033097
0 0.871528 0.575650 0.031250 0.030733
5 0.868924 0.540189 0.031250 0.035461
267 0.867188 0.504728 0.027778 0.033097
117 0.866319 0.469267 0.031250 0.030733
611 0.866319 0.440898 0.027778 0.030733
428 0.863715 0.406619 0.032986 0.035461
865 0.864583 0.373522 0.029514 0.033097
33 0.861979 0.338061 0.029514 0.035461
647 0.860243 0.308511 0.029514 0.023641
238 0.861111 0.277778 0.026042 0.033097
121 0.860243 0.242317 0.027778 0.030733
107 0.857639 0.210402 0.024306 0.026005
