34 0.200340 0.113415 0.027165 0.036585
203 0.200340 0.069512 0.028862 0.036585
19 0.236842 0.928049 0.028862 0.031707
29 0.236842 0.896341 0.028862 0.026829
28 0.235993 0.864634 0.030560 0.026829
102 0.236842 0.831707 0.032258 0.036585
101 0.239389 0.787805 0.030560 0.036585
127 0.240238 0.741463 0.025467 0.034146
29 0.240238 0.701220 0.023769 0.036585
28 0.240238 0.657317 0.033956 0.041463
183 0.242784 0.615854 0.027165 0.039024
275 0.241087 0.571951 0.027165 0.046341
52 0.242784 0.518293 0.030560 0.046341
63 0.243633 0.471951 0.027165 0.034146
275 0.245331 0.434146 0.032258 0.029268
120 0.243633 0.400000 0.027165 0.034146
167 0.241935 0.353659 0.035654 0.046341
180 0.245331 0.309756 0.030560 0.039024
179 0.245331 0.264634 0.023769 0.036585
214 0.247029 0.221951 0.030560 0.039024
348 0.247029 0.173171 0.032258 0.048780
70 0.248727 0.132927 0.028862 0.031707
76 0.247878 0.100000 0.033956 0.029268
275 0.245331 0.067073 0.027165 0.031707
239 0.284380 0.931707 0.022071 0.031707
347 0.285229 0.901220 0.020374 0.029268
75 0.286078 0.862195 0.025467 0.046341
76 0.285229 0.818293 0.028862 0.026829
111 0.286078 0.774390 0.025467 0.051220
70 0.286078 0.728049 0.027165 0.029268
346 0.288625 0.685366 0.028862 0.039024
123 0.289474 0.639024 0.023769 0.046341
75 0.291171 0.591463 0.027165 0.036585
345 0.292020 0.551220 0.028862 0.029268
344 0.292020 0.514634 0.030560 0.036585
127 0.292869 0.475610 0.025467 0.031707
29 0.292020 0.442683 0.023769 0.029268
33 0.295416 0.403659 0.030560 0.039024
127 0.297114 0.356098 0.032258 0.039024
29 0.296265 0.304878 0.027165 0.048780
28 0.296265 0.259756 0.027165 0.036585
268 0.298812 0.221951 0.030560 0.031707
343 0.297114 0.181707 0.028862 0.039024
69 0.297114 0.137805 0.028862 0.034146
48 0.297114 0.097561 0.033956 0.034146
157 0.297114 0.067073 0.032258 0.026829
340 0.333616 0.936585 0.027165 0.026829
262 0.334465 0.902439 0.027165 0.031707
33 0.334465 0.865854 0.030560 0.034146
130 0.335314 0.826829 0.022071 0.034146
129 0.336163 0.781707 0.028862 0.048780
69 0.337012 0.731707 0.023769 0.039024
228 0.337012 0.691463 0.030560 0.036585
117 0.337861 0.652439 0.028862 0.031707
4 0.338710 0.615854 0.028862 0.034146
342 0.338710 0.573171 0.030560 0.041463
70 0.340407 0.528049 0.030560 0.034146
341 0.339559 0.486585 0.032258 0.036585
139 0.340407 0.417073 0.028862 0.034146
340 0.342105 0.374390 0.027165 0.041463
339 0.342954 0.330488 0.028862 0.039024
239 0.343803 0.290244 0.022071 0.034146
275 0.345501 0.241463 0.032258 0.053659
321 0.347199 0.189024 0.030560 0.039024
123 0.345501 0.146341 0.027165 0.036585
273 0.348896 0.104878 0.033956 0.036585
338 0.348048 0.068293 0.032258 0.031707
337 0.388795 0.624390 0.030560 0.036585
127 0.387097 0.589024 0.027165 0.031707
29 0.389643 0.554878 0.028862 0.026829
28 0.387946 0.525610 0.022071 0.026829
21 0.389643 0.487805 0.030560 0.041463
336 0.388795 0.445122 0.028862 0.029268
241 0.390492 0.402439 0.032258 0.039024
123 0.391341 0.347561 0.023769 0.053659
305 0.390492 0.291463 0.028862 0.043902
214 0.391341 0.239024 0.027165 0.043902
296 0.393888 0.196341 0.023769 0.031707
295 0.396435 0.150000 0.030560 0.039024
239 0.394737 0.103659 0.030560 0.036585
238 0.434635 0.826829 0.025467 0.046341
242 0.436333 0.774390 0.025467 0.039024
335 0.436333 0.730488 0.028862 0.034146
70 0.435484 0.689024 0.023769 0.031707
75 0.438031 0.653659 0.025467 0.031707
76 0.434635 0.615854 0.032258 0.036585
176 0.437182 0.573171 0.032258 0.034146
64 0.441426 0.524390 0.030560 0.051220
70 0.439728 0.480488 0.030560 0.034146
275 0.440577 0.445122 0.027165 0.034146
123 0.440577 0.400000 0.025467 0.043902
26 0.440577 0.354878 0.030560 0.039024
165 0.440577 0.303659 0.027165 0.046341
68 0.443124 0.250000 0.032258 0.039024
320 0.442275 0.207317 0.023769 0.031707
201 0.442275 0.168293 0.027165 0.041463
109 0.442275 0.123171 0.030560 0.043902
127 0.627334 0.773171 0.027165 0.043902
127 0.627334 0.723171 0.023769 0.039024
29 0.626486 0.681707 0.027165 0.031707
28 0.625637 0.643902 0.028862 0.031707
275 0.625637 0.607317 0.020374 0.031707
183 0.624788 0.573171 0.023769 0.031707
65 0.625637 0.532927 0.027165 0.034146
64 0.625637 0.481707 0.028862 0.053659
334 0.626486 0.428049 0.023769 0.036585
312 0.626486 0.379268 0.027165 0.041463
333 0.626486 0.337805 0.025467 0.039024
332 0.626486 0.291463 0.027165 0.039024
75 0.622241 0.252439 0.030560 0.031707
76 0.623939 0.212195 0.028862 0.041463
52 0.624788 0.165854 0.025467 0.046341
70 0.624788 0.125610 0.028862 0.031707
323 0.623090 0.082927 0.022071 0.041463
331 0.674024 0.928049 0.030560 0.039024
64 0.674024 0.889024 0.025467 0.029268
34 0.673175 0.845122 0.027165 0.046341
203 0.672326 0.802439 0.027165 0.026829
19 0.673175 0.757317 0.022071 0.043902
29 0.674024 0.713415 0.030560 0.034146
28 0.671477 0.676829 0.027165 0.034146
133 0.670628 0.639024 0.028862 0.031707
292 0.672326 0.604878 0.023769 0.029268
196 0.673175 0.564634 0.032258 0.041463
199 0.673175 0.508537 0.032258 0.053659
302 0.674024 0.451220 0.030560 0.046341
330 0.672326 0.401220 0.025467 0.036585
65 0.672326 0.353659 0.028862 0.043902
176 0.670628 0.303659 0.030560 0.046341
64 0.671477 0.250000 0.027165 0.046341
329 0.671477 0.201220 0.030560 0.041463
83 0.669779 0.154878 0.032258 0.036585
275 0.669779 0.113415 0.032258 0.034146
328 0.669779 0.074390 0.028862 0.031707
33 0.723260 0.932927 0.028862 0.039024
127 0.722411 0.895122 0.033956 0.029268
29 0.722411 0.858537 0.032258 0.034146
28 0.720713 0.817073 0.023769 0.039024
161 0.722411 0.771951 0.035654 0.039024
327 0.721562 0.726829 0.025467 0.034146
68 0.720713 0.686585 0.028862 0.039024
280 0.720713 0.641463 0.030560 0.036585
13 0.718166 0.597561 0.027165 0.031707
19 0.718166 0.560976 0.022071 0.031707
29 0.717317 0.525610 0.027165 0.034146
28 0.718166 0.486585 0.027165 0.034146
75 0.719015 0.446341 0.028862 0.031707
157 0.719864 0.403659 0.028862 0.043902
201 0.718166 0.352439 0.032258 0.039024
326 0.716469 0.309756 0.027165 0.036585
325 0.717317 0.267073 0.032258 0.041463
238 0.715620 0.225610 0.027165 0.034146
4 0.715620 0.176829 0.028862 0.048780
324 0.716469 0.126829 0.030560 0.036585
153 0.714771 0.078049 0.032258 0.046341
322 0.769100 0.928049 0.025467 0.039024
322 0.769100 0.880488 0.025467 0.039024
322 0.769100 0.842683 0.023769 0.034146
52 0.766553 0.798780 0.028862 0.039024
323 0.767402 0.751220 0.025467 0.039024
322 0.768251 0.710976 0.025467 0.031707
188 0.767402 0.664634 0.023769 0.041463
68 0.767402 0.621951 0.027165 0.041463
26 0.764856 0.531707 0.030560 0.029268
165 0.765705 0.492683 0.030560 0.036585
64 0.764856 0.450000 0.023769 0.036585
70 0.765705 0.410976 0.023769 0.034146
321 0.762309 0.373171 0.025467 0.034146
123 0.762309 0.332927 0.025467 0.039024
320 0.762309 0.279268 0.028862 0.053659
201 0.763158 0.228049 0.027165 0.039024
98 0.763158 0.182927 0.032258 0.036585
319 0.762309 0.139024 0.030560 0.039024
109 0.762309 0.101220 0.035654 0.031707
127 0.759762 0.068293 0.028862 0.026829
318 0.814092 0.918293 0.020374 0.041463
275 0.814941 0.870732 0.028862 0.041463
183 0.814941 0.829268 0.028862 0.031707
317 0.814941 0.793902 0.032258 0.036585
43 0.814092 0.748780 0.025467 0.046341
313 0.816638 0.704878 0.027165 0.036585
64 0.814941 0.660976 0.022071 0.039024
109 0.812394 0.612195 0.030560 0.046341
19 0.812394 0.562195 0.032258 0.043902
29 0.812394 0.510976 0.028862 0.046341
28 0.810696 0.460976 0.028862 0.048780
132 0.813243 0.408537 0.030560 0.041463
316 0.814092 0.362195 0.027165 0.039024
92 0.813243 0.319512 0.032258 0.041463
56 0.811545 0.281707 0.028862 0.029268
110 0.810696 0.246341 0.030560 0.031707
6 0.812394 0.203659 0.028862 0.048780
315 0.810696 0.156098 0.032258 0.036585
73 0.808998 0.112195 0.028862 0.043902
314 0.807301 0.068293 0.027165 0.034146
127 0.863328 0.918293 0.030560 0.039024
127 0.859932 0.878049 0.025467 0.039024
127 0.862479 0.836585 0.027165 0.039024
127 0.861630 0.791463 0.025467 0.043902
127 0.859932 0.746341 0.025467 0.036585
127 0.859932 0.704878 0.022071 0.036585
127 0.860781 0.667073 0.028862 0.034146
127 0.861630 0.630488 0.022071 0.031707
127 0.859083 0.597561 0.022071 0.024390
29 0.859083 0.564634 0.030560 0.034146
28 0.855688 0.525610 0.027165 0.036585
275 0.857385 0.490244 0.022071 0.029268
43 0.856537 0.457317 0.023769 0.031707
313 0.856537 0.417073 0.023769 0.034146
6 0.855688 0.371951 0.027165 0.046341
5 0.855688 0.324390 0.027165 0.034146
3 0.854839 0.286585 0.028862 0.039024
2 0.854839 0.243902 0.023769 0.039024
1 0.853990 0.203659 0.028862 0.034146
133 0.853141 0.163415 0.027165 0.034146
10 0.853141 0.129268 0.018676 0.031707
9 0.852292 0.098780 0.023769 0.026829
62 0.852292 0.064634 0.032258 0.029268
256 0.907470 0.934146 0.027165 0.031707
256 0.905772 0.901220 0.028862 0.024390
256 0.905772 0.869512 0.028862 0.031707
256 0.905772 0.826829 0.020374 0.034146
256 0.905772 0.784146 0.028862 0.039024
256 0.906621 0.739024 0.027165 0.031707
256 0.906621 0.693902 0.027165 0.041463
33 0.904924 0.656098 0.018676 0.029268
127 0.905772 0.617073 0.025467 0.039024
29 0.904075 0.580488 0.028862 0.026829
28 0.903226 0.541463 0.023769 0.039024
312 0.902377 0.496341 0.030560 0.036585
105 0.903226 0.453659 0.030560 0.034146
111 0.904075 0.420732 0.027165 0.021951
35 0.901528 0.391463 0.025467 0.039024
69 0.903226 0.348780 0.030560 0.031707
312 0.904075 0.309756 0.028862 0.034146
26 0.902377 0.264634 0.028862 0.046341
102 0.902377 0.220732 0.028862 0.034146
278 0.902377 0.175610 0.030560 0.036585
56 0.900679 0.137805 0.030560 0.029268
256 0.898132 0.102439 0.028862 0.029268
33 0.898981 0.068293 0.025467 0.029268
127 0.949915 0.908537 0.027165 0.036585
127 0.950764 0.863415 0.023769 0.036585
29 0.949915 0.831707 0.022071 0.024390
28 0.949066 0.797561 0.027165 0.039024
120 0.949066 0.756098 0.023769 0.034146
13 0.950764 0.719512 0.020374 0.031707
26 0.949066 0.684146 0.022071 0.029268
54 0.949066 0.642683 0.027165 0.039024
120 0.949066 0.601220 0.025467 0.034146
26 0.949066 0.560976 0.027165 0.034146
64 0.948217 0.515854 0.030560 0.046341
34 0.949066 0.470732 0.025467 0.031707
203 0.949066 0.431707 0.030560 0.034146
127 0.948217 0.391463 0.023769 0.039024
29 0.949066 0.342683 0.028862 0.046341
28 0.948217 0.287805 0.030560 0.051220
27 0.947368 0.231707 0.027165 0.046341
26 0.946520 0.182927 0.028862 0.039024
139 0.946520 0.104878 0.025467 0.036585
311 0.944822 0.064634 0.025467 0.031707
