524 0.250000 0.945626 0.026042 0.023641
524 0.249132 0.919622 0.027778 0.028369
524 0.250000 0.890071 0.022569 0.028369
524 0.250000 0.859338 0.026042 0.028369
524 0.251736 0.764775 0.029514 0.033097
524 0.251736 0.728132 0.031250 0.037825
4 0.252604 0.690307 0.031250 0.033097
142 0.250868 0.653664 0.032986 0.037825
903 0.250868 0.613475 0.031250 0.040189
902 0.250868 0.576832 0.032986 0.028369
83 0.251736 0.543735 0.026042 0.033097
524 0.251736 0.507092 0.029514 0.037825
142 0.252604 0.470449 0.032986 0.033097
901 0.252604 0.433806 0.029514 0.040189
900 0.253472 0.393617 0.026042 0.030733
773 0.252604 0.360520 0.027778 0.035461
83 0.252604 0.320331 0.024306 0.040189
524 0.250868 0.282506 0.029514 0.033097
142 0.252604 0.245863 0.027778 0.035461
695 0.252604 0.208038 0.029514 0.033097
605 0.250868 0.166667 0.024306 0.037825
83 0.252604 0.128842 0.029514 0.030733
524 0.302083 0.930260 0.022569 0.021277
524 0.300347 0.903073 0.027778 0.030733
142 0.300347 0.866430 0.031250 0.037825
110 0.298611 0.827423 0.027778 0.037825
893 0.300347 0.788416 0.029514 0.033097
200 0.300347 0.754137 0.029514 0.030733
899 0.300347 0.724586 0.027778 0.026005
153 0.299479 0.692671 0.031250 0.033097
152 0.298611 0.653664 0.027778 0.040189
317 0.298611 0.621749 0.031250 0.026005
52 0.300347 0.591017 0.029514 0.035461
699 0.299479 0.553191 0.029514 0.035461
699 0.300347 0.518913 0.031250 0.030733
83 0.298611 0.483452 0.031250 0.030733
524 0.300347 0.442080 0.031250 0.042553
142 0.298611 0.407801 0.032986 0.028369
110 0.298611 0.369976 0.024306 0.035461
893 0.298611 0.332151 0.031250 0.037825
3 0.299479 0.289598 0.031250 0.035461
180 0.298611 0.254137 0.026042 0.030733
179 0.298611 0.222222 0.024306 0.028369
65 0.299479 0.190307 0.031250 0.030733
107 0.297743 0.159574 0.024306 0.026005
133 0.296875 0.132388 0.022569 0.026005
898 0.345486 0.927896 0.022569 0.026005
898 0.346354 0.895981 0.026042 0.030733
217 0.345486 0.866430 0.029514 0.026005
897 0.346354 0.830969 0.029514 0.037825
217 0.347222 0.794326 0.024306 0.035461
157 0.346354 0.762411 0.026042 0.028369
69 0.346354 0.728132 0.027778 0.030733
705 0.345486 0.698582 0.027778 0.023641
83 0.345486 0.671395 0.027778 0.026005
320 0.345486 0.641844 0.027778 0.030733
201 0.345486 0.609929 0.024306 0.028369
117 0.344618 0.579196 0.024306 0.030733
779 0.344618 0.536643 0.022569 0.042553
862 0.346354 0.497636 0.026042 0.033097
152 0.345486 0.463357 0.026042 0.035461
893 0.345486 0.427896 0.022569 0.028369
4 0.345486 0.393617 0.024306 0.033097
3 0.346354 0.362884 0.027778 0.028369
147 0.345486 0.334515 0.026042 0.028369
601 0.345486 0.299054 0.022569 0.037825
103 0.345486 0.264775 0.026042 0.030733
779 0.345486 0.229314 0.026042 0.035461
862 0.344618 0.193853 0.024306 0.028369
152 0.343750 0.169031 0.026042 0.023641
893 0.342014 0.138298 0.024306 0.030733
4 0.387153 0.895981 0.026042 0.030733
68 0.386285 0.862884 0.022569 0.035461
573 0.386285 0.832151 0.019097 0.028369
63 0.388021 0.799054 0.027778 0.030733
779 0.388889 0.762411 0.026042 0.040189
862 0.388021 0.726950 0.029514 0.026005
152 0.387153 0.695035 0.027778 0.033097
893 0.385417 0.657210 0.024306 0.037825
56 0.385417 0.618203 0.024306 0.030733
167 0.384549 0.583924 0.022569 0.033097
106 0.384549 0.552009 0.020833 0.028369
25 0.384549 0.521277 0.024306 0.030733
213 0.384549 0.491726 0.022569 0.028369
249 0.384549 0.462175 0.017361 0.026005
54 0.383681 0.432624 0.020833 0.028369
105 0.382812 0.403073 0.022569 0.030733
130 0.383681 0.366430 0.020833 0.035461
129 0.381944 0.328605 0.024306 0.035461
609 0.382812 0.296690 0.020833 0.023641
64 0.381944 0.271868 0.019097 0.023641
19 0.382812 0.242317 0.020833 0.033097
29 0.382812 0.210402 0.024306 0.028369
28 0.382812 0.179669 0.024306 0.028369
75 0.382812 0.147754 0.027778 0.033097
893 0.421875 0.853428 0.019097 0.026005
129 0.421007 0.823877 0.017361 0.026005
528 0.421875 0.793144 0.017361 0.026005
20 0.421007 0.758865 0.019097 0.030733
373 0.420139 0.725768 0.019097 0.026005
75 0.419271 0.696217 0.017361 0.026005
146 0.419271 0.666667 0.015625 0.023641
317 0.419271 0.639480 0.017361 0.023641
52 0.419271 0.609929 0.019097 0.026005
110 0.418403 0.582742 0.017361 0.023641
75 0.417535 0.548463 0.017361 0.026005
11 0.417535 0.436170 0.019097 0.028369
524 0.417535 0.403073 0.019097 0.028369
4 0.417535 0.367612 0.019097 0.030733
136 0.415799 0.326241 0.019097 0.030733
19 0.413194 0.252955 0.019097 0.026005
93 0.469618 0.860520 0.022569 0.028369
896 0.468750 0.829787 0.020833 0.028369
237 0.467882 0.796690 0.019097 0.028369
153 0.467014 0.761229 0.019097 0.033097
893 0.467014 0.728132 0.019097 0.033097
52 0.466146 0.692671 0.019097 0.033097
93 0.466146 0.659574 0.020833 0.028369
895 0.465278 0.622931 0.020833 0.040189
894 0.463542 0.582742 0.020833 0.033097
70 0.461806 0.543735 0.020833 0.035461
893 0.460938 0.511820 0.024306 0.026005
892 0.460069 0.478723 0.020833 0.033097
204 0.458333 0.439716 0.020833 0.037825
55 0.457465 0.403073 0.020833 0.033097
21 0.456597 0.371158 0.019097 0.028369
91 0.455729 0.339243 0.020833 0.028369
373 0.456597 0.299054 0.020833 0.033097
75 0.455729 0.264775 0.020833 0.026005
146 0.454861 0.235225 0.020833 0.026005
317 0.452257 0.209220 0.019097 0.026005
75 0.452257 0.183215 0.019097 0.023641
133 0.503472 0.724586 0.026042 0.033097
108 0.500868 0.686761 0.026042 0.037825
605 0.501736 0.643026 0.027778 0.040189
83 0.500000 0.604019 0.026042 0.033097
524 0.498264 0.563830 0.024306 0.037825
68 0.496528 0.523641 0.022569 0.033097
604 0.495660 0.495272 0.022569 0.026005
238 0.493924 0.460993 0.024306 0.033097
20 0.494792 0.420804 0.026042 0.037825
773 0.492188 0.381797 0.026042 0.040189
524 0.491319 0.343972 0.024306 0.035461
83 0.489583 0.306147 0.022569 0.030733
33 0.489583 0.274232 0.022569 0.026005
891 0.486979 0.245863 0.022569 0.028369
890 0.631944 0.782506 0.022569 0.030733
889 0.631944 0.755319 0.026042 0.023641
350 0.630208 0.724586 0.027778 0.030733
64 0.631076 0.685579 0.031250 0.035461
888 0.627604 0.646572 0.026042 0.030733
887 0.625868 0.620567 0.027778 0.023641
11 0.624132 0.583924 0.026042 0.040189
246 0.622396 0.539007 0.029514 0.040189
337 0.676215 0.790780 0.026042 0.033097
553 0.676215 0.690307 0.029514 0.035461
176 0.674479 0.654846 0.029514 0.033097
64 0.670139 0.620567 0.026042 0.030733
604 0.670139 0.591017 0.020833 0.026005
803 0.669271 0.562648 0.022569 0.028369
64 0.667535 0.528369 0.026042 0.035461
605 0.665799 0.494090 0.031250 0.030733
83 0.665799 0.458629 0.029514 0.040189
524 0.663194 0.419622 0.024306 0.037825
400 0.661458 0.381797 0.031250 0.035461
621 0.660590 0.341608 0.026042 0.037825
9 0.658854 0.304965 0.031250 0.033097
155 0.721354 0.743499 0.024306 0.030733
183 0.720486 0.709220 0.026042 0.030733
154 0.718750 0.678487 0.026042 0.023641
52 0.718750 0.641844 0.024306 0.040189
19 0.717882 0.606383 0.022569 0.028369
29 0.715278 0.575650 0.027778 0.028369
28 0.714410 0.541371 0.027778 0.035461
75 0.714410 0.501182 0.029514 0.035461
68 0.710069 0.463357 0.029514 0.035461
280 0.710069 0.424350 0.026042 0.040189
2 0.707465 0.385343 0.027778 0.037825
133 0.706597 0.349882 0.022569 0.028369
58 0.705729 0.313239 0.022569 0.033097
9 0.704861 0.278960 0.024306 0.037825
62 0.705729 0.241135 0.029514 0.033097
26 0.766493 0.770686 0.026042 0.033097
345 0.766493 0.736407 0.022569 0.028369
13 0.765625 0.706856 0.029514 0.028369
54 0.765625 0.671395 0.027778 0.035461
121 0.764757 0.634752 0.027778 0.033097
184 0.762153 0.599291 0.031250 0.030733
55 0.760417 0.557920 0.029514 0.042553
26 0.756944 0.514184 0.026042 0.035461
259 0.755208 0.476359 0.024306 0.033097
547 0.754340 0.443262 0.022569 0.033097
20 0.753472 0.410165 0.026042 0.030733
26 0.752604 0.362884 0.027778 0.033097
64 0.750868 0.328605 0.032986 0.030733
75 0.811632 0.797872 0.020833 0.021277
158 0.809896 0.770686 0.027778 0.028369
51 0.809896 0.731678 0.031250 0.037825
72 0.808160 0.692671 0.026042 0.035461
26 0.806424 0.656028 0.031250 0.037825
133 0.806424 0.620567 0.027778 0.028369
26 0.806424 0.588652 0.029514 0.033097
165 0.804688 0.554374 0.029514 0.030733
64 0.802083 0.520095 0.029514 0.033097
46 0.800347 0.483452 0.029514 0.033097
65 0.800347 0.447991 0.026042 0.033097
214 0.798611 0.412530 0.026042 0.033097
786 0.798611 0.378251 0.029514 0.033097
64 0.796875 0.347518 0.027778 0.026005
110 0.796007 0.316785 0.027778 0.030733
75 0.795139 0.281324 0.026042 0.037825
