0 0.110243 0.886525 0.026042 0.028369
0 0.109375 0.858156 0.022569 0.026005
0 0.109375 0.830969 0.019097 0.028369
0 0.108507 0.796690 0.026042 0.033097
0 0.112847 0.758865 0.026042 0.037825
0 0.113715 0.724586 0.022569 0.026005
0 0.113715 0.692671 0.022569 0.035461
0 0.113715 0.658392 0.022569 0.030733
0 0.114583 0.627660 0.027778 0.028369
0 0.116319 0.595745 0.027778 0.030733
0 0.117188 0.563830 0.029514 0.028369
0 0.117188 0.531915 0.024306 0.035461
0 0.119792 0.498818 0.029514 0.033097
0 0.120660 0.455083 0.026042 0.040189
0 0.121528 0.416076 0.027778 0.030733
0 0.122396 0.378251 0.027778 0.037825
0 0.123264 0.342790 0.024306 0.030733
0 0.124132 0.306147 0.031250 0.040189
0 0.124132 0.270686 0.026042 0.028369
0 0.123264 0.237589 0.027778 0.033097
0 0.125868 0.202128 0.027778 0.033097
0 0.125868 0.163121 0.022569 0.040189
0 0.126736 0.121749 0.022569 0.035461
0 0.126736 0.081560 0.029514 0.037825
0 0.156250 0.886525 0.026042 0.030733
0 0.156250 0.855792 0.026042 0.028369
0 0.157118 0.823877 0.031250 0.035461
0 0.157118 0.789598 0.027778 0.026005
0 0.156250 0.756501 0.026042 0.035461
0 0.159722 0.717494 0.026042 0.040189
0 0.159722 0.680851 0.026042 0.035461
0 0.162326 0.644208 0.031250 0.035461
0 0.162326 0.606383 0.027778 0.037825
0 0.164931 0.568558 0.029514 0.033097
0 0.165799 0.531915 0.027778 0.040189
0 0.166667 0.500000 0.024306 0.021277
0 0.165799 0.471631 0.029514 0.037825
0 0.166667 0.431442 0.026042 0.035461
0 0.167535 0.395981 0.026042 0.030733
0 0.168403 0.362884 0.027778 0.030733
0 0.170139 0.328605 0.024306 0.030733
0 0.170139 0.287234 0.031250 0.040189
0 0.171875 0.251773 0.024306 0.023641
0 0.172743 0.225768 0.024306 0.021277
0 0.203125 0.788416 0.024306 0.030733
0 0.203993 0.761229 0.020833 0.018913
0 0.203993 0.735225 0.027778 0.037825
0 0.205729 0.697400 0.024306 0.033097
0 0.206597 0.665485 0.024306 0.028369
0 0.207465 0.631206 0.027778 0.035461
0 0.208333 0.595745 0.024306 0.035461
0 0.210938 0.559102 0.022569 0.035461
0 0.211806 0.523641 0.027778 0.030733
0 0.212674 0.494090 0.022569 0.028369
0 0.212674 0.464539 0.024306 0.030733
205 0.214410 0.432624 0.026042 0.028369
163 0.217014 0.399527 0.029514 0.035461
1353 0.217882 0.360520 0.024306 0.033097
255 0.219618 0.322695 0.026042 0.035461
1012 0.221354 0.286052 0.024306 0.033097
163 0.221354 0.252955 0.029514 0.035461
1352 0.221354 0.217494 0.029514 0.026005
146 0.221354 0.185579 0.027778 0.030733
174 0.250868 0.866430 0.029514 0.030733
146 0.250868 0.834515 0.027778 0.030733
305 0.250868 0.804965 0.027778 0.026005
42 0.250868 0.773050 0.024306 0.030733
77 0.251736 0.738771 0.031250 0.028369
58 0.252604 0.710402 0.029514 0.023641
417 0.252604 0.684397 0.027778 0.033097
21 0.254340 0.648936 0.024306 0.035461
45 0.254340 0.613475 0.027778 0.035461
268 0.255208 0.578014 0.026042 0.035461
157 0.256944 0.537825 0.032986 0.040189
38 0.257812 0.495272 0.029514 0.037825
37 0.259549 0.457447 0.026042 0.037825
86 0.259549 0.423168 0.029514 0.028369
394 0.261285 0.386525 0.024306 0.037825
255 0.263889 0.349882 0.029514 0.037825
68 0.265625 0.313239 0.027778 0.030733
1342 0.265625 0.278960 0.027778 0.033097
587 0.300347 0.745863 0.027778 0.033097
83 0.300347 0.712766 0.026042 0.028369
1341 0.301215 0.679669 0.027778 0.033097
129 0.301215 0.643026 0.029514 0.037825
334 0.303819 0.601655 0.027778 0.040189
1351 0.305556 0.563830 0.027778 0.035461
67 0.305556 0.530733 0.024306 0.023641
133 0.307292 0.497636 0.029514 0.037825
243 0.309028 0.457447 0.031250 0.037825
1336 0.310764 0.419622 0.027778 0.035461
431 0.310764 0.382979 0.029514 0.040189
54 0.312500 0.340426 0.029514 0.040189
243 0.312500 0.299054 0.029514 0.042553
91 0.315104 0.254137 0.027778 0.042553
199 0.315972 0.216312 0.031250 0.035461
305 0.317708 0.182033 0.027778 0.033097
64 0.316840 0.152482 0.020833 0.026005
538 0.315972 0.121749 0.027778 0.030733
441 0.343750 0.771868 0.026042 0.040189
77 0.345486 0.731678 0.026042 0.030733
564 0.346354 0.698582 0.024306 0.030733
316 0.348090 0.663121 0.029514 0.033097
165 0.348090 0.628842 0.027778 0.030733
266 0.352431 0.599291 0.026042 0.023641
43 0.353299 0.569740 0.026042 0.033097
84 0.352431 0.537825 0.027778 0.030733
266 0.351562 0.515366 0.026042 0.026005
564 0.355035 0.482270 0.032986 0.030733
597 0.355035 0.445626 0.026042 0.040189
539 0.357639 0.405437 0.029514 0.033097
470 0.359375 0.372340 0.029514 0.033097
621 0.359375 0.334515 0.026042 0.037825
350 0.360243 0.289598 0.024306 0.047281
895 0.361111 0.245863 0.024306 0.035461
1342 0.362847 0.203310 0.029514 0.044917
367 0.393229 0.892435 0.031250 0.030733
165 0.392361 0.854610 0.024306 0.035461
266 0.394097 0.814421 0.029514 0.037825
126 0.395833 0.777778 0.027778 0.028369
125 0.396701 0.742317 0.029514 0.033097
1299 0.395833 0.700946 0.029514 0.040189
91 0.394965 0.661939 0.029514 0.037825
199 0.396701 0.622931 0.027778 0.030733
377 0.397569 0.588652 0.031250 0.033097
86 0.399306 0.554374 0.024306 0.033097
165 0.398438 0.518913 0.031250 0.037825
442 0.401910 0.476359 0.026042 0.040189
266 0.402778 0.436170 0.027778 0.033097
983 0.402778 0.404255 0.026042 0.023641
266 0.405382 0.371158 0.026042 0.037825
889 0.405382 0.332151 0.027778 0.037825
172 0.407118 0.294326 0.027778 0.035461
171 0.406250 0.261229 0.026042 0.026005
1350 0.409722 0.226950 0.031250 0.033097
431 0.409722 0.193853 0.029514 0.028369
221 0.410590 0.157210 0.024306 0.040189
77 0.410590 0.121749 0.024306 0.030733
385 0.409722 0.088652 0.027778 0.035461
0 0.439236 0.769504 0.024306 0.037825
0 0.441840 0.729314 0.026042 0.037825
0 0.444444 0.691489 0.026042 0.035461
0 0.443576 0.658392 0.031250 0.028369
0 0.442708 0.626478 0.027778 0.028369
0 0.443576 0.591017 0.024306 0.035461
0 0.444444 0.553191 0.027778 0.035461
0 0.447049 0.520095 0.024306 0.028369
0 0.448785 0.485816 0.026042 0.035461
0 0.451389 0.450355 0.024306 0.035461
0 0.452257 0.416076 0.027778 0.028369
0 0.451389 0.384161 0.026042 0.033097
0 0.453993 0.345154 0.024306 0.037825
0 0.453125 0.308511 0.026042 0.030733
0 0.452257 0.274232 0.026042 0.033097
0 0.454861 0.236407 0.026042 0.037825
0 0.455729 0.197400 0.029514 0.042553
0 0.455729 0.157210 0.024306 0.028369
0 0.454861 0.126478 0.027778 0.028369
0 0.456597 0.093381 0.024306 0.033097
0 0.476562 0.886525 0.026042 0.035461
0 0.478299 0.852246 0.022569 0.028369
0 0.478299 0.821513 0.020833 0.030733
0 0.480035 0.788416 0.019097 0.028369
0 0.480035 0.760047 0.020833 0.021277
0 0.480035 0.737589 0.022569 0.026005
0 0.480903 0.710402 0.022569 0.026005
0 0.482639 0.673759 0.020833 0.033097
0 0.482639 0.638298 0.020833 0.030733
0 0.484375 0.602837 0.019097 0.030733
0 0.484375 0.570922 0.019097 0.028369
0 0.485243 0.543735 0.017361 0.026005
0 0.486111 0.517730 0.020833 0.026005
0 0.486979 0.488180 0.020833 0.030733
0 0.486979 0.456265 0.019097 0.030733
0 0.488715 0.421986 0.019097 0.035461
0 0.490451 0.384161 0.020833 0.037825
0 0.491319 0.347518 0.019097 0.028369
0 0.491319 0.312057 0.020833 0.035461
0 0.491319 0.268322 0.020833 0.033097
0 0.492188 0.231678 0.020833 0.035461
0 0.493056 0.186761 0.019097 0.035461
0 0.493924 0.144208 0.020833 0.037825
0 0.495660 0.106383 0.020833 0.033097
0 0.549479 0.905437 0.022569 0.030733
0 0.547743 0.872340 0.024306 0.035461
0 0.547743 0.834515 0.024306 0.035461
0 0.546875 0.801418 0.022569 0.021277
0 0.548611 0.773050 0.022569 0.030733
0 0.548611 0.737589 0.027778 0.035461
0 0.548611 0.703310 0.026042 0.033097
0 0.547743 0.667849 0.019097 0.035461
0 0.548611 0.630024 0.024306 0.035461
0 0.546007 0.596927 0.024306 0.028369
0 0.548611 0.556738 0.027778 0.042553
0 0.548611 0.520095 0.027778 0.026005
0 0.548611 0.486998 0.022569 0.035461
0 0.549479 0.446809 0.022569 0.040189
0 0.548611 0.408983 0.022569 0.035461
0 0.549479 0.373522 0.022569 0.030733
0 0.546875 0.345154 0.022569 0.023641
0 0.547743 0.314421 0.024306 0.030733
0 0.548611 0.284870 0.019097 0.028369
0 0.548611 0.250591 0.020833 0.033097
0 0.548611 0.215130 0.020833 0.037825
0 0.547743 0.179669 0.020833 0.026005
0 0.547743 0.148936 0.026042 0.026005
0 0.546007 0.117021 0.026042 0.033097
45 0.588542 0.907801 0.029514 0.037825
79 0.587674 0.869976 0.026042 0.030733
43 0.589410 0.834515 0.026042 0.037825
1349 0.587674 0.799054 0.027778 0.033097
251 0.588542 0.764775 0.024306 0.033097
34 0.589410 0.726950 0.027778 0.040189
1348 0.587674 0.685579 0.026042 0.035461
165 0.589410 0.651300 0.026042 0.030733
442 0.589410 0.615839 0.026042 0.042553
259 0.588542 0.569740 0.026042 0.040189
266 0.587674 0.528369 0.027778 0.035461
77 0.587674 0.489362 0.024306 0.033097
165 0.586806 0.458629 0.020833 0.026005
92 0.585938 0.430260 0.024306 0.033097
1347 0.586806 0.397163 0.026042 0.030733
1346 0.588542 0.362884 0.027778 0.030733
16 0.588542 0.332151 0.024306 0.030733
1345 0.587674 0.291962 0.026042 0.035461
1094 0.585069 0.256501 0.027778 0.033097
100 0.585938 0.221040 0.027778 0.033097
136 0.587674 0.184397 0.026042 0.040189
1342 0.585938 0.147754 0.024306 0.028369
431 0.586806 0.112293 0.031250 0.037825
1344 0.633681 0.916076 0.026042 0.023641
876 0.634549 0.887707 0.024306 0.033097
17 0.633681 0.851064 0.022569 0.037825
300 0.633681 0.810875 0.031250 0.040189
1343 0.634549 0.765957 0.027778 0.040189
1087 0.631944 0.729314 0.029514 0.028369
43 0.632812 0.696217 0.027778 0.035461
243 0.632812 0.656028 0.031250 0.042553
91 0.631944 0.614657 0.027778 0.033097
199 0.631076 0.583924 0.026042 0.028369
236 0.630208 0.552009 0.026042 0.030733
1342 0.630208 0.514184 0.026042 0.040189
431 0.629340 0.469267 0.026042 0.037825
983 0.631076 0.431442 0.027778 0.030733
163 0.630208 0.394799 0.027778 0.033097
854 0.629340 0.355792 0.029514 0.042553
150 0.631944 0.316785 0.029514 0.030733
253 0.629340 0.286052 0.026042 0.026005
67 0.629340 0.250591 0.026042 0.033097
43 0.630208 0.212766 0.029514 0.035461
431 0.630208 0.177305 0.022569 0.028369
150 0.629340 0.141844 0.022569 0.035461
253 0.630208 0.106383 0.024306 0.033097
82 0.680556 0.914894 0.029514 0.026005
393 0.678819 0.886525 0.026042 0.028369
21 0.680556 0.852246 0.022569 0.035461
239 0.677951 0.809693 0.029514 0.042553
67 0.677951 0.764775 0.024306 0.040189
824 0.677083 0.725768 0.027778 0.040189
68 0.677951 0.685579 0.024306 0.033097
165 0.677083 0.647754 0.022569 0.033097
693 0.678819 0.613475 0.027778 0.030733
172 0.677083 0.575650 0.031250 0.037825
171 0.677083 0.541371 0.032986 0.030733
1341 0.675347 0.504728 0.026042 0.033097
1291 0.676215 0.466903 0.026042 0.037825
1290 0.677083 0.421986 0.026042 0.040189
91 0.676215 0.380615 0.029514 0.042553
199 0.674479 0.336879 0.027778 0.042553
43 0.675347 0.297872 0.022569 0.033097
113 0.674479 0.257683 0.031250 0.040189
589 0.672743 0.211584 0.031250 0.040189
1340 0.671875 0.170213 0.026042 0.037825
150 0.672743 0.135934 0.024306 0.028369
1339 0.673611 0.102837 0.029514 0.035461
431 0.725694 0.914894 0.026042 0.030733
17 0.726562 0.880615 0.029514 0.033097
315 0.726562 0.848700 0.024306 0.030733
227 0.726562 0.812057 0.031250 0.035461
226 0.724826 0.776596 0.020833 0.030733
1338 0.724826 0.745863 0.031250 0.028369
464 0.724826 0.711584 0.029514 0.037825
203 0.722222 0.673759 0.027778 0.030733
436 0.722222 0.638298 0.027778 0.033097
178 0.721354 0.595745 0.029514 0.044917
585 0.722222 0.554374 0.027778 0.033097
895 0.723090 0.514184 0.029514 0.037825
87 0.718750 0.473995 0.026042 0.035461
1337 0.720486 0.438534 0.026042 0.030733
1336 0.722222 0.397163 0.029514 0.042553
431 0.719618 0.358156 0.029514 0.028369
21 0.719618 0.323877 0.020833 0.033097
1335 0.719618 0.284870 0.029514 0.037825
1334 0.720486 0.248227 0.022569 0.028369
38 0.721354 0.211584 0.026042 0.040189
231 0.720486 0.176123 0.026042 0.028369
23 0.720486 0.141844 0.024306 0.033097
1333 0.718750 0.105201 0.026042 0.035461
973 0.775174 0.910165 0.020833 0.035461
973 0.775174 0.877069 0.024306 0.028369
973 0.773438 0.848700 0.022569 0.021277
973 0.773438 0.816785 0.024306 0.037825
973 0.771701 0.777778 0.032986 0.033097
973 0.772569 0.744681 0.027778 0.033097
973 0.771701 0.709220 0.029514 0.033097
973 0.771701 0.676123 0.029514 0.028369
973 0.771701 0.644208 0.026042 0.028369
973 0.770833 0.607565 0.026042 0.035461
973 0.769965 0.573286 0.027778 0.033097
973 0.769965 0.539007 0.031250 0.028369
973 0.769097 0.502364 0.026042 0.037825
973 0.769965 0.465721 0.026042 0.033097
973 0.768229 0.431442 0.029514 0.030733
179 0.767361 0.394799 0.027778 0.037825
194 0.769097 0.351064 0.029514 0.040189
110 0.768229 0.312057 0.027778 0.035461
107 0.767361 0.278960 0.024306 0.026005
180 0.765625 0.248227 0.029514 0.028369
885 0.766493 0.211584 0.026042 0.037825
101 0.763021 0.173759 0.029514 0.028369
10 0.762153 0.140662 0.029514 0.028369
202 0.762153 0.105201 0.026042 0.037825
129 0.819444 0.906619 0.027778 0.035461
859 0.818576 0.873522 0.024306 0.026005
21 0.818576 0.840426 0.026042 0.033097
42 0.816840 0.803783 0.029514 0.042553
50 0.816840 0.755319 0.022569 0.042553
345 0.815972 0.715130 0.022569 0.035461
112 0.815104 0.682033 0.026042 0.026005
121 0.815104 0.650118 0.020833 0.030733
235 0.815972 0.614657 0.022569 0.030733
44 0.815972 0.583924 0.027778 0.030733
77 0.816840 0.550827 0.022569 0.035461
31 0.815972 0.518913 0.024306 0.026005
26 0.815104 0.484634 0.026042 0.028369
83 0.815972 0.452719 0.026042 0.028369
88 0.815104 0.418440 0.022569 0.035461
44 0.815104 0.378251 0.029514 0.042553
77 0.814236 0.334515 0.027778 0.040189
45 0.814236 0.297872 0.027778 0.033097
268 0.814236 0.260047 0.029514 0.033097
74 0.812500 0.226950 0.024306 0.030733
139 0.811632 0.196217 0.027778 0.028369
178 0.812500 0.163121 0.024306 0.030733
257 0.812500 0.134752 0.027778 0.030733
221 0.809896 0.104019 0.032986 0.033097
44 0.859375 0.903073 0.027778 0.028369
66 0.860243 0.872340 0.026042 0.026005
282 0.861111 0.845154 0.027778 0.028369
44 0.863715 0.816785 0.026042 0.023641
77 0.862847 0.791962 0.024306 0.035461
58 0.861111 0.750591 0.026042 0.040189
417 0.863715 0.718676 0.022569 0.026005
21 0.864583 0.689125 0.022569 0.026005
257 0.864583 0.654846 0.027778 0.040189
238 0.862847 0.617021 0.027778 0.026005
1201 0.862847 0.580378 0.027778 0.040189
1332 0.862847 0.537825 0.026042 0.037825
146 0.862847 0.496454 0.026042 0.037825
1331 0.863715 0.462175 0.022569 0.030733
166 0.864583 0.433806 0.024306 0.021277
303 0.862847 0.404255 0.024306 0.035461
159 0.862847 0.374704 0.026042 0.026005
464 0.863715 0.347518 0.029514 0.028369
21 0.862847 0.315603 0.026042 0.028369
360 0.861111 0.286052 0.027778 0.028369
631 0.860243 0.251773 0.032986 0.035461
83 0.860243 0.212766 0.024306 0.037825
650 0.859375 0.183215 0.019097 0.018913
44 0.859375 0.163121 0.022569 0.028369
77 0.859375 0.134752 0.027778 0.026005
1330 0.857639 0.101655 0.027778 0.033097
1290 0.904514 0.903073 0.024306 0.035461
91 0.907118 0.865248 0.027778 0.040189
199 0.907118 0.826241 0.026042 0.035461
181 0.907986 0.784870 0.024306 0.040189
180 0.907118 0.743499 0.022569 0.037825
82 0.905382 0.709220 0.026042 0.030733
21 0.906250 0.674941 0.031250 0.035461
182 0.906250 0.645390 0.022569 0.021277
38 0.904514 0.618203 0.027778 0.033097
37 0.906250 0.581560 0.026042 0.035461
181 0.907986 0.548463 0.024306 0.033097
180 0.907118 0.515366 0.031250 0.030733
82 0.907118 0.485816 0.029514 0.028369
27 0.906250 0.453901 0.027778 0.030733
38 0.907118 0.423168 0.029514 0.028369
37 0.903646 0.391253 0.022569 0.028369
86 0.905382 0.359338 0.019097 0.028369
35 0.905382 0.330969 0.022569 0.026005
252 0.904514 0.297872 0.026042 0.033097
250 0.904514 0.265957 0.027778 0.030733
249 0.903646 0.232861 0.022569 0.030733
44 0.904514 0.200946 0.026042 0.028369
163 0.901910 0.167849 0.024306 0.035461
138 0.902778 0.132388 0.024306 0.033097
45 0.903646 0.098109 0.027778 0.030733
