26 0.052951 0.919622 0.029514 0.033097
26 0.053819 0.882979 0.026042 0.035461
26 0.053819 0.843972 0.024306 0.035461
26 0.054688 0.804965 0.031250 0.040189
54 0.055556 0.761229 0.029514 0.040189
1050 0.057292 0.718676 0.027778 0.037825
35 0.059028 0.679669 0.031250 0.030733
69 0.059896 0.650118 0.024306 0.028369
121 0.060764 0.620567 0.020833 0.026005
26 0.060764 0.591017 0.024306 0.030733
64 0.062500 0.555556 0.031250 0.035461
261 0.062500 0.514184 0.029514 0.035461
256 0.062500 0.477541 0.034722 0.035461
102 0.062500 0.443262 0.031250 0.033097
26 0.063368 0.410165 0.027778 0.035461
64 0.064236 0.373522 0.026042 0.033097
34 0.063368 0.335697 0.027778 0.035461
203 0.065104 0.300236 0.031250 0.035461
133 0.065104 0.269504 0.022569 0.028369
219 0.065972 0.241135 0.024306 0.026005
127 0.065972 0.206856 0.031250 0.040189
29 0.065104 0.169031 0.027778 0.028369
28 0.065972 0.135934 0.027778 0.030733
184 0.065972 0.104019 0.024306 0.030733
29 0.102431 0.918440 0.024306 0.028369
28 0.100694 0.888889 0.027778 0.028369
74 0.103299 0.854610 0.031250 0.033097
109 0.104167 0.816785 0.027778 0.037825
1035 0.103299 0.776596 0.032986 0.035461
75 0.105035 0.737589 0.032986 0.033097
76 0.106771 0.702128 0.031250 0.028369
145 0.109375 0.670213 0.032986 0.030733
144 0.109375 0.639480 0.034722 0.028369
68 0.109375 0.612293 0.029514 0.026005
13 0.110243 0.581560 0.031250 0.033097
26 0.109375 0.544917 0.031250 0.037825
64 0.110243 0.509456 0.031250 0.026005
320 0.111111 0.476359 0.024306 0.037825
26 0.112847 0.438534 0.032986 0.037825
201 0.111979 0.366430 0.031250 0.037825
102 0.115451 0.325059 0.026042 0.033097
278 0.113715 0.290780 0.026042 0.030733
46 0.113715 0.258865 0.022569 0.028369
148 0.114583 0.230496 0.020833 0.026005
127 0.115451 0.204492 0.029514 0.026005
29 0.115451 0.176123 0.029514 0.026005
28 0.115451 0.144208 0.022569 0.035461
74 0.117188 0.106383 0.031250 0.037825
435 0.151042 0.910165 0.024306 0.030733
33 0.153646 0.879433 0.029514 0.023641
26 0.151910 0.852246 0.027778 0.028369
54 0.153646 0.817967 0.031250 0.033097
142 0.155382 0.775414 0.029514 0.040189
153 0.154514 0.735225 0.032986 0.033097
519 0.156250 0.703310 0.029514 0.028369
514 0.157986 0.667849 0.031250 0.035461
555 0.157118 0.626478 0.027778 0.037825
56 0.157986 0.587470 0.029514 0.033097
63 0.158854 0.549645 0.029514 0.037825
177 0.159722 0.515366 0.027778 0.030733
63 0.161458 0.479905 0.029514 0.035461
180 0.161458 0.437352 0.036458 0.044917
179 0.161458 0.420804 0.032986 0.033097
82 0.161458 0.385343 0.024306 0.035461
249 0.164062 0.347518 0.029514 0.037825
1035 0.164931 0.308511 0.031250 0.033097
75 0.164062 0.274232 0.031250 0.033097
76 0.164062 0.241135 0.026042 0.030733
538 0.164931 0.209220 0.027778 0.033097
953 0.165799 0.177305 0.026042 0.033097
55 0.165799 0.144208 0.026042 0.033097
217 0.164931 0.106383 0.029514 0.040189
133 0.197049 0.919622 0.027778 0.033097
26 0.196181 0.885343 0.020833 0.033097
54 0.197917 0.847518 0.022569 0.040189
142 0.197917 0.809693 0.031250 0.035461
153 0.199653 0.770686 0.029514 0.033097
840 0.198785 0.734043 0.031250 0.033097
839 0.200521 0.693853 0.027778 0.040189
706 0.199653 0.657210 0.031250 0.033097
1049 0.202257 0.619385 0.031250 0.040189
647 0.204861 0.583924 0.029514 0.028369
202 0.205729 0.548463 0.026042 0.037825
102 0.206597 0.470449 0.029514 0.037825
63 0.207465 0.432624 0.027778 0.030733
133 0.207465 0.399527 0.029514 0.030733
278 0.206597 0.368794 0.027778 0.030733
355 0.209201 0.338061 0.022569 0.028369
1035 0.211806 0.310875 0.026042 0.026005
75 0.211806 0.280142 0.027778 0.035461
76 0.210069 0.249409 0.024306 0.028369
135 0.211806 0.221040 0.026042 0.033097
107 0.212674 0.186761 0.029514 0.033097
214 0.213542 0.167849 0.029514 0.033097
516 0.213542 0.134752 0.027778 0.033097
56 0.213542 0.107565 0.031250 0.035461
414 0.245660 0.921986 0.027778 0.028369
246 0.246528 0.894799 0.027778 0.026005
109 0.246528 0.868794 0.022569 0.026005
75 0.247396 0.845154 0.019097 0.026005
4 0.246528 0.817967 0.026042 0.028369
337 0.250868 0.783688 0.029514 0.035461
236 0.250868 0.748227 0.027778 0.033097
206 0.250000 0.716312 0.031250 0.028369
198 0.249132 0.689125 0.029514 0.021277
29 0.250868 0.664303 0.026042 0.030733
28 0.250000 0.628842 0.032986 0.033097
161 0.253472 0.587470 0.031250 0.037825
0 0.253472 0.553191 0.031250 0.030733
236 0.253472 0.523641 0.024306 0.028369
161 0.255208 0.495272 0.026042 0.028369
702 0.254340 0.468085 0.022569 0.026005
109 0.255208 0.431442 0.024306 0.035461
69 0.256076 0.397163 0.026042 0.035461
120 0.256076 0.358156 0.027778 0.037825
26 0.258681 0.317967 0.029514 0.040189
182 0.257812 0.282506 0.022569 0.026005
553 0.257812 0.254137 0.029514 0.030733
414 0.259549 0.219858 0.032986 0.035461
109 0.256944 0.184397 0.027778 0.033097
26 0.260417 0.145390 0.034722 0.035461
54 0.260417 0.108747 0.031250 0.035461
13 0.298611 0.615839 0.029514 0.035461
127 0.297743 0.582742 0.026042 0.028369
29 0.298611 0.553191 0.020833 0.028369
28 0.298611 0.523641 0.022569 0.030733
27 0.299479 0.489362 0.027778 0.035461
107 0.300347 0.457447 0.022569 0.023641
26 0.300347 0.427896 0.022569 0.035461
111 0.301215 0.388889 0.027778 0.035461
35 0.299479 0.358156 0.027778 0.026005
464 0.300347 0.338061 0.027778 0.028369
56 0.302951 0.307329 0.022569 0.030733
128 0.303819 0.271868 0.027778 0.035461
55 0.303819 0.232861 0.027778 0.037825
153 0.304688 0.196217 0.019097 0.028369
127 0.307292 0.160757 0.027778 0.030733
29 0.305556 0.125296 0.031250 0.033097
689 0.341146 0.643026 0.031250 0.037825
898 0.342014 0.607565 0.027778 0.028369
58 0.342014 0.578014 0.029514 0.028369
51 0.341146 0.540189 0.031250 0.040189
184 0.341146 0.505910 0.024306 0.028369
357 0.342014 0.476359 0.027778 0.028369
230 0.342014 0.443262 0.027778 0.035461
127 0.343750 0.404255 0.024306 0.040189
29 0.344618 0.365248 0.024306 0.030733
28 0.345486 0.333333 0.026042 0.030733
289 0.345486 0.300236 0.027778 0.030733
123 0.345486 0.267139 0.024306 0.033097
344 0.345486 0.232861 0.022569 0.028369
0 0.345486 0.200946 0.024306 0.033097
102 0.345486 0.169031 0.024306 0.028369
372 0.346354 0.140662 0.027778 0.028369
133 0.346354 0.112293 0.022569 0.026005
0 0.382812 0.596927 0.022569 0.033097
25 0.381944 0.565012 0.024306 0.026005
106 0.383681 0.531915 0.026042 0.033097
196 0.381944 0.496454 0.024306 0.033097
7 0.381944 0.457447 0.022569 0.037825
1010 0.382812 0.418440 0.022569 0.033097
1009 0.383681 0.382979 0.024306 0.033097
894 0.382812 0.349882 0.022569 0.030733
238 0.383681 0.319149 0.019097 0.028369
54 0.384549 0.291962 0.022569 0.028369
64 0.385417 0.261229 0.026042 0.030733
98 0.383681 0.229314 0.024306 0.026005
529 0.384549 0.198582 0.019097 0.033097
127 0.384549 0.164303 0.027778 0.028369
29 0.384549 0.130024 0.026042 0.035461
28 0.413194 0.894799 0.020833 0.026005
28 0.413194 0.866430 0.020833 0.026005
28 0.413194 0.839243 0.020833 0.026005
64 0.413194 0.812057 0.019097 0.026005
99 0.414062 0.784870 0.019097 0.026005
161 0.414062 0.756501 0.019097 0.028369
100 0.414931 0.726950 0.022569 0.028369
161 0.414931 0.696217 0.020833 0.028369
133 0.416667 0.666667 0.017361 0.028369
16 0.415799 0.641844 0.019097 0.018913
0 0.414931 0.621749 0.020833 0.023641
581 0.414931 0.596927 0.020833 0.026005
250 0.415799 0.566194 0.019097 0.030733
0 0.416667 0.533097 0.017361 0.030733
127 0.416667 0.501182 0.020833 0.028369
29 0.416667 0.472813 0.019097 0.028369
28 0.415799 0.442080 0.019097 0.026005
289 0.416667 0.407801 0.019097 0.030733
784 0.418403 0.377069 0.019097 0.028369
0 0.417535 0.340426 0.019097 0.035461
383 0.417535 0.307329 0.017361 0.028369
444 0.416667 0.274232 0.017361 0.030733
706 0.416667 0.234043 0.015625 0.033097
210 0.416667 0.204492 0.015625 0.023641
64 0.416667 0.169031 0.017361 0.028369
28 0.659722 0.794326 0.020833 0.030733
289 0.657986 0.758865 0.029514 0.037825
691 0.655382 0.721040 0.027778 0.033097
774 0.652778 0.685579 0.031250 0.033097
64 0.650174 0.650118 0.026042 0.033097
54 0.650174 0.615839 0.026042 0.030733
0 0.649306 0.583924 0.024306 0.026005
102 0.646701 0.548463 0.022569 0.035461
372 0.644965 0.513002 0.026042 0.033097
54 0.643229 0.482270 0.027778 0.026005
34 0.640625 0.450355 0.024306 0.033097
