964 0.286458 0.947991 0.029514 0.035461
230 0.286458 0.901891 0.029514 0.052009
146 0.285590 0.860520 0.031250 0.028369
424 0.287326 0.827423 0.032986 0.035461
83 0.288194 0.789598 0.031250 0.033097
13 0.289062 0.764775 0.026042 0.026005
267 0.289062 0.732861 0.026042 0.030733
230 0.291667 0.702128 0.027778 0.026005
5 0.290799 0.676123 0.029514 0.026005
230 0.290799 0.646572 0.024306 0.033097
136 0.291667 0.614657 0.032986 0.026005
201 0.291667 0.585106 0.027778 0.030733
107 0.292535 0.550827 0.029514 0.033097
133 0.292535 0.510638 0.029514 0.037825
5 0.294271 0.470449 0.029514 0.037825
1090 0.296007 0.432624 0.027778 0.033097
267 0.296007 0.394799 0.027778 0.037825
136 0.296875 0.354610 0.032986 0.030733
1091 0.298611 0.323877 0.024306 0.026005
186 0.298611 0.296690 0.024306 0.023641
117 0.300347 0.262411 0.027778 0.035461
135 0.301215 0.228132 0.029514 0.028369
20 0.302083 0.195035 0.026042 0.035461
15 0.301215 0.159574 0.027778 0.030733
133 0.300347 0.124113 0.032986 0.033097
33 0.333333 0.953901 0.026042 0.030733
70 0.333333 0.925532 0.024306 0.026005
146 0.333333 0.895981 0.029514 0.033097
3 0.334201 0.855792 0.027778 0.035461
107 0.334201 0.816785 0.031250 0.037825
127 0.336806 0.778960 0.029514 0.033097
29 0.336806 0.747045 0.024306 0.026005
28 0.335938 0.719858 0.022569 0.028369
234 0.336806 0.690307 0.026042 0.030733
718 0.338542 0.653664 0.027778 0.037825
92 0.341146 0.614657 0.031250 0.030733
260 0.343750 0.579196 0.027778 0.035461
33 0.344618 0.544917 0.029514 0.030733
225 0.345486 0.511820 0.031250 0.033097
115 0.346354 0.477541 0.031250 0.030733
350 0.345486 0.439716 0.029514 0.037825
249 0.345486 0.410165 0.027778 0.023641
65 0.345486 0.384161 0.031250 0.028369
865 0.346354 0.354610 0.027778 0.021277
271 0.348090 0.326241 0.029514 0.030733
57 0.347222 0.294326 0.022569 0.026005
81 0.347222 0.268322 0.022569 0.028369
168 0.347222 0.236407 0.029514 0.033097
56 0.348958 0.200946 0.026042 0.035461
400 0.348958 0.164303 0.031250 0.037825
168 0.348958 0.124113 0.029514 0.035461
225 0.381944 0.949173 0.026042 0.030733
46 0.382812 0.927896 0.024306 0.028369
52 0.382812 0.895981 0.031250 0.033097
498 0.383681 0.861702 0.026042 0.030733
70 0.384549 0.828605 0.024306 0.033097
62 0.385417 0.795508 0.026042 0.028369
105 0.385417 0.765957 0.022569 0.028369
107 0.385417 0.735225 0.027778 0.030733
22 0.386285 0.697400 0.024306 0.035461
350 0.386285 0.658392 0.026042 0.037825
65 0.388021 0.622931 0.029514 0.033097
865 0.389757 0.589835 0.027778 0.033097
251 0.389757 0.560284 0.024306 0.028369
147 0.389757 0.527187 0.029514 0.040189
5 0.390625 0.489362 0.027778 0.030733
497 0.390625 0.459811 0.024306 0.026005
83 0.390625 0.426714 0.027778 0.035461
430 0.391493 0.387707 0.027778 0.040189
117 0.393229 0.346336 0.029514 0.035461
52 0.394097 0.309693 0.027778 0.035461
54 0.393229 0.274232 0.024306 0.028369
53 0.393229 0.238771 0.024306 0.033097
13 0.393229 0.204492 0.024306 0.030733
33 0.393229 0.166667 0.027778 0.040189
177 0.394097 0.126478 0.022569 0.033097
198 0.429688 0.947991 0.026042 0.035461
198 0.431424 0.917258 0.029514 0.026005
29 0.430556 0.887707 0.027778 0.030733
28 0.428819 0.855792 0.027778 0.033097
27 0.429688 0.820331 0.022569 0.033097
33 0.431424 0.786052 0.031250 0.028369
726 0.432292 0.750591 0.024306 0.030733
430 0.433160 0.717494 0.024306 0.030733
271 0.433160 0.682033 0.024306 0.030733
136 0.434028 0.650118 0.024306 0.030733
43 0.433160 0.617021 0.024306 0.033097
220 0.434028 0.581560 0.027778 0.030733
75 0.434896 0.542553 0.027778 0.035461
158 0.433160 0.508274 0.026042 0.030733
111 0.433160 0.476359 0.022569 0.030733
70 0.432292 0.444444 0.026042 0.030733
1069 0.433160 0.411348 0.022569 0.030733
1094 0.434896 0.378251 0.031250 0.030733
90 0.436632 0.345154 0.022569 0.028369
1093 0.436632 0.316785 0.022569 0.030733
65 0.438368 0.286052 0.024306 0.030733
13 0.437500 0.252955 0.027778 0.037825
70 0.438368 0.215130 0.027778 0.040189
1092 0.438368 0.179669 0.024306 0.033097
186 0.439236 0.150118 0.029514 0.026005
1091 0.438368 0.126478 0.031250 0.035461
0 0.472222 0.951537 0.029514 0.023641
0 0.473958 0.926714 0.031250 0.026005
0 0.473958 0.894799 0.029514 0.035461
0 0.474826 0.860520 0.026042 0.026005
0 0.477431 0.827423 0.022569 0.033097
0 0.477431 0.793144 0.026042 0.030733
0 0.477431 0.761229 0.022569 0.033097
65 0.477431 0.725768 0.024306 0.035461
64 0.476562 0.695035 0.024306 0.026005
242 0.476562 0.665485 0.026042 0.028369
1069 0.476562 0.628842 0.029514 0.035461
240 0.476562 0.591017 0.024306 0.037825
190 0.478299 0.560284 0.022569 0.023641
75 0.478299 0.534279 0.026042 0.026005
158 0.478299 0.504728 0.026042 0.033097
13 0.477431 0.465721 0.027778 0.035461
110 0.480035 0.425532 0.026042 0.035461
264 0.479167 0.395981 0.022569 0.023641
75 0.480903 0.364066 0.022569 0.035461
158 0.480035 0.332151 0.024306 0.026005
52 0.480035 0.300236 0.022569 0.035461
437 0.480035 0.265957 0.027778 0.030733
436 0.480035 0.231678 0.024306 0.035461
93 0.480035 0.198582 0.022569 0.028369
15 0.480035 0.170213 0.022569 0.026005
214 0.480035 0.137116 0.026042 0.033097
196 0.557292 0.478723 0.022569 0.028369
1091 0.556424 0.455083 0.020833 0.028369
202 0.556424 0.421986 0.024306 0.033097
249 0.556424 0.386525 0.029514 0.037825
65 0.554688 0.345154 0.029514 0.037825
102 0.553819 0.312057 0.026042 0.028369
101 0.553819 0.277778 0.026042 0.035461
305 0.552083 0.242317 0.022569 0.030733
1089 0.552083 0.213948 0.020833 0.023641
255 0.552083 0.187943 0.027778 0.030733
180 0.749132 0.849882 0.031250 0.030733
179 0.749132 0.812057 0.029514 0.037825
443 0.747396 0.771868 0.027778 0.037825
35 0.746528 0.735225 0.027778 0.030733
348 0.744792 0.702128 0.031250 0.028369
65 0.744792 0.669031 0.029514 0.030733
55 0.741319 0.631206 0.031250 0.037825
267 0.741319 0.591017 0.026042 0.035461
1090 0.739583 0.515366 0.031250 0.042553
33 0.795139 0.802600 0.024306 0.028369
267 0.792535 0.763593 0.026042 0.035461
1090 0.791667 0.731678 0.029514 0.028369
1089 0.791667 0.699764 0.031250 0.030733
300 0.789931 0.661939 0.024306 0.035461
106 0.789062 0.626478 0.031250 0.030733
220 0.788194 0.594563 0.031250 0.028369
75 0.787326 0.561466 0.029514 0.030733
158 0.786458 0.531915 0.022569 0.028369
1089 0.783854 0.501182 0.026042 0.028369
300 0.783854 0.459811 0.024306 0.040189
437 0.783854 0.419622 0.022569 0.035461
436 0.781250 0.379433 0.027778 0.037825
4 0.777778 0.343972 0.027778 0.028369
13 0.777778 0.312057 0.029514 0.028369
881 0.776910 0.283688 0.029514 0.023641
1088 0.842882 0.830969 0.027778 0.035461
1087 0.842014 0.796690 0.029514 0.026005
152 0.841146 0.767139 0.027778 0.030733
83 0.839410 0.734043 0.029514 0.028369
109 0.839410 0.704492 0.027778 0.028369
33 0.836806 0.669031 0.024306 0.030733
1086 0.836806 0.635934 0.019097 0.026005
249 0.835938 0.607565 0.022569 0.030733
56 0.836806 0.572104 0.029514 0.033097
117 0.834201 0.536643 0.036458 0.030733
52 0.833333 0.505910 0.031250 0.028369
891 0.833333 0.475177 0.031250 0.035461
160 0.830729 0.437352 0.034722 0.037825
159 0.828125 0.398345 0.026042 0.033097
83 0.827257 0.364066 0.032986 0.028369
208 0.827257 0.332151 0.031250 0.030733
55 0.825521 0.297872 0.026042 0.033097
127 0.824653 0.264775 0.029514 0.030733
932 0.883681 0.781324 0.027778 0.035461
931 0.886285 0.748227 0.027778 0.026005
68 0.884549 0.719858 0.026042 0.028369
178 0.882812 0.684397 0.026042 0.033097
65 0.882812 0.651300 0.026042 0.028369
865 0.881944 0.618203 0.031250 0.030733
55 0.879340 0.586288 0.026042 0.026005
133 0.878472 0.557920 0.024306 0.028369
224 0.875868 0.522459 0.027778 0.035461
33 0.878472 0.488180 0.027778 0.033097
127 0.875868 0.457447 0.031250 0.030733
29 0.875000 0.427896 0.031250 0.028369
555 0.872396 0.395981 0.029514 0.030733
28 0.874132 0.360520 0.024306 0.033097
33 0.872396 0.327423 0.027778 0.033097
127 0.870660 0.290780 0.031250 0.035461
29 0.869792 0.258865 0.029514 0.028369
28 0.868924 0.192671 0.034722 0.033097
498 0.931424 0.773050 0.026042 0.026005
1086 0.932292 0.734043 0.026042 0.040189
249 0.931424 0.695035 0.026042 0.030733
56 0.927951 0.659574 0.027778 0.035461
54 0.927083 0.621749 0.024306 0.037825
280 0.926215 0.586288 0.026042 0.030733
262 0.924479 0.553191 0.024306 0.030733
729 0.924479 0.520095 0.020833 0.028369
54 0.922743 0.488180 0.024306 0.030733
280 0.922743 0.453901 0.024306 0.035461
70 0.921875 0.416076 0.027778 0.037825
234 0.920139 0.380615 0.029514 0.030733
233 0.919271 0.346336 0.027778 0.033097
62 0.918403 0.317967 0.024306 0.026005
249 0.915799 0.286052 0.032986 0.033097
120 0.914931 0.260047 0.024306 0.026005
230 0.915799 0.225768 0.031250 0.035461
236 0.914931 0.197400 0.026042 0.026005
