28 0.286441 0.832518 0.028814 0.034230
139 0.288983 0.742054 0.025424 0.036675
110 0.289831 0.704156 0.025424 0.031785
161 0.292373 0.663814 0.022034 0.036675
0 0.292373 0.625917 0.027119 0.031785
467 0.293220 0.590465 0.022034 0.031785
15 0.295763 0.555012 0.020339 0.034230
75 0.296610 0.519560 0.023729 0.026895
133 0.295763 0.487775 0.028814 0.031785
4 0.296610 0.448655 0.035593 0.039120
64 0.298305 0.403423 0.027119 0.044010
85 0.300847 0.350856 0.025424 0.041565
525 0.302542 0.300733 0.025424 0.044010
285 0.303390 0.257946 0.032203 0.034230
69 0.302542 0.218826 0.023729 0.036675
80 0.305085 0.143032 0.027119 0.039120
152 0.336441 0.771394 0.022034 0.039120
56 0.338983 0.731051 0.035593 0.034230
136 0.339831 0.698044 0.033898 0.026895
83 0.340678 0.665037 0.027119 0.031785
135 0.339831 0.627139 0.028814 0.034230
157 0.340678 0.586797 0.023729 0.039120
356 0.343220 0.545232 0.028814 0.036675
64 0.343220 0.506112 0.028814 0.039120
275 0.345763 0.469438 0.022034 0.026895
328 0.345763 0.435208 0.023729 0.031785
106 0.347458 0.397311 0.028814 0.031785
13 0.348305 0.359413 0.027119 0.031785
35 0.346610 0.325183 0.030508 0.029340
11 0.347458 0.293399 0.027119 0.031785
83 0.350847 0.253056 0.027119 0.039120
152 0.350847 0.218826 0.022034 0.022005
83 0.352542 0.188264 0.025424 0.029340
524 0.350847 0.146699 0.027119 0.041565
106 0.352542 0.106357 0.028814 0.029340
523 0.352542 0.072127 0.028814 0.031785
121 0.379661 0.933985 0.022034 0.034230
185 0.382203 0.898533 0.023729 0.034230
109 0.382203 0.864303 0.018644 0.029340
171 0.383051 0.833741 0.020339 0.026895
170 0.383898 0.798289 0.028814 0.036675
75 0.383898 0.764059 0.025424 0.026895
4 0.384746 0.734719 0.030508 0.029340
176 0.385593 0.698044 0.025424 0.044010
64 0.386441 0.646699 0.025424 0.046455
171 0.387288 0.599022 0.032203 0.036675
170 0.388983 0.563570 0.028814 0.029340
139 0.389831 0.488998 0.025424 0.041565
246 0.390678 0.442543 0.028814 0.036675
152 0.393220 0.404645 0.027119 0.031785
56 0.392373 0.372861 0.027119 0.029340
63 0.393220 0.331296 0.027119 0.041565
138 0.394915 0.282396 0.027119 0.044010
83 0.395763 0.243276 0.028814 0.031785
109 0.392373 0.209046 0.023729 0.029340
127 0.394068 0.168704 0.025424 0.036675
29 0.395763 0.129584 0.027119 0.031785
28 0.396610 0.099022 0.028814 0.026895
467 0.396610 0.069682 0.023729 0.026895
19 0.427119 0.911980 0.022034 0.031785
123 0.427119 0.882641 0.020339 0.026895
305 0.427966 0.850856 0.027119 0.034230
103 0.428814 0.814181 0.023729 0.036675
171 0.430508 0.776284 0.027119 0.031785
170 0.429661 0.735941 0.028814 0.044010
75 0.431356 0.691932 0.027119 0.039120
4 0.432203 0.649144 0.030508 0.039120
64 0.433898 0.611247 0.028814 0.031785
11 0.433898 0.564792 0.030508 0.046455
83 0.432203 0.522005 0.025424 0.034230
33 0.435593 0.480440 0.025424 0.039120
4 0.437288 0.444988 0.028814 0.031785
240 0.437288 0.405868 0.030508 0.041565
127 0.439831 0.363081 0.027119 0.036675
29 0.438136 0.323961 0.025424 0.036675
28 0.439831 0.278729 0.023729 0.041565
2 0.441525 0.237164 0.025424 0.039120
133 0.441525 0.196822 0.027119 0.036675
58 0.443220 0.156479 0.028814 0.039120
9 0.442373 0.117359 0.027119 0.034230
62 0.444068 0.078240 0.023729 0.036675
115 0.473729 0.921760 0.030508 0.048900
103 0.474576 0.872861 0.027119 0.041565
26 0.476271 0.833741 0.027119 0.031785
34 0.473729 0.794621 0.022034 0.036675
133 0.477966 0.754279 0.030508 0.031785
70 0.477119 0.718826 0.027119 0.031785
25 0.477119 0.682152 0.025424 0.034230
28 0.478814 0.640587 0.028814 0.036675
67 0.479661 0.605134 0.028814 0.026895
4 0.481356 0.568460 0.028814 0.034230
26 0.480508 0.533007 0.028814 0.036675
64 0.483051 0.492665 0.027119 0.041565
298 0.482203 0.452323 0.025424 0.034230
214 0.483051 0.413203 0.025424 0.039120
516 0.483051 0.374083 0.025424 0.029340
522 0.483051 0.342298 0.020339 0.031785
519 0.772034 0.800733 0.030508 0.034230
127 0.772034 0.764059 0.023729 0.031785
29 0.772034 0.726161 0.025424 0.034230
28 0.770339 0.689487 0.023729 0.034230
72 0.768644 0.650367 0.020339 0.034230
26 0.766102 0.613692 0.022034 0.031785
136 0.766102 0.574572 0.030508 0.034230
68 0.763559 0.533007 0.030508 0.034230
518 0.763559 0.492665 0.025424 0.034230
517 0.762712 0.451100 0.032203 0.041565
305 0.760169 0.413203 0.028814 0.029340
127 0.759322 0.381418 0.030508 0.029340
29 0.759322 0.350856 0.022034 0.029340
28 0.760169 0.315403 0.028814 0.031785
115 0.757627 0.282396 0.020339 0.029340
33 0.758475 0.251834 0.028814 0.031785
521 0.755932 0.216381 0.023729 0.034230
520 0.754237 0.176039 0.028814 0.039120
65 0.755932 0.134474 0.030508 0.034230
26 0.754237 0.096577 0.028814 0.036675
516 0.816949 0.904645 0.025424 0.039120
26 0.816949 0.866748 0.030508 0.036675
68 0.816102 0.827628 0.025424 0.029340
63 0.814407 0.789731 0.027119 0.034230
62 0.815254 0.754279 0.023729 0.024450
56 0.814407 0.722494 0.023729 0.031785
55 0.812712 0.679707 0.027119 0.041565
52 0.814407 0.636919 0.030508 0.031785
515 0.813559 0.600244 0.028814 0.031785
19 0.809322 0.517115 0.022034 0.034230
305 0.808475 0.477995 0.025424 0.039120
127 0.807627 0.433985 0.028814 0.034230
29 0.807627 0.397311 0.030508 0.034230
29 0.805085 0.360636 0.028814 0.031785
28 0.805085 0.321516 0.032203 0.036675
161 0.804237 0.289731 0.025424 0.024450
139 0.803390 0.216381 0.027119 0.031785
48 0.800847 0.178484 0.033898 0.039120
127 0.800847 0.138142 0.027119 0.039120
29 0.800000 0.099022 0.027119 0.036675
26 0.862712 0.914425 0.030508 0.029340
133 0.862712 0.885086 0.025424 0.024450
100 0.861864 0.849633 0.020339 0.036675
39 0.860169 0.812958 0.020339 0.029340
259 0.859322 0.783619 0.023729 0.026895
97 0.859322 0.746944 0.028814 0.034230
15 0.859322 0.707824 0.020339 0.031785
99 0.857627 0.668704 0.027119 0.041565
410 0.857627 0.623472 0.027119 0.034230
69 0.857627 0.590465 0.028814 0.026895
83 0.855085 0.559902 0.027119 0.031785
514 0.855085 0.530562 0.025424 0.024450
26 0.856780 0.500000 0.028814 0.029340
64 0.855932 0.465770 0.023729 0.031785
34 0.855085 0.431540 0.030508 0.031785
26 0.852542 0.399756 0.022034 0.029340
200 0.852542 0.367971 0.020339 0.026895
92 0.851695 0.337408 0.022034 0.029340
115 0.850847 0.303178 0.025424 0.026895
214 0.850000 0.268949 0.030508 0.034230
33 0.847458 0.224939 0.028814 0.044010
26 0.849153 0.180929 0.030508 0.034230
54 0.846610 0.136919 0.032203 0.039120
3 0.846610 0.092910 0.025424 0.041565
19 0.902542 0.904645 0.023729 0.029340
29 0.903390 0.874083 0.020339 0.026895
28 0.904237 0.844743 0.020339 0.026895
106 0.906780 0.806846 0.030508 0.031785
13 0.905085 0.767726 0.023729 0.039120
111 0.905085 0.722494 0.027119 0.036675
26 0.905085 0.683374 0.018644 0.029340
92 0.904237 0.652812 0.020339 0.026895
115 0.903390 0.608802 0.030508 0.046455
186 0.903390 0.558680 0.023729 0.039120
197 0.903390 0.517115 0.030508 0.034230
26 0.904237 0.474328 0.027119 0.041565
350 0.900847 0.431540 0.025424 0.034230
91 0.900847 0.391198 0.030508 0.034230
13 0.898305 0.359413 0.025424 0.024450
26 0.899153 0.320293 0.027119 0.046455
92 0.898305 0.277506 0.023729 0.036675
115 0.897458 0.237164 0.023729 0.034230
0 0.897458 0.198044 0.028814 0.034230
26 0.899153 0.165037 0.030508 0.026895
68 0.895763 0.124694 0.030508 0.044010
70 0.894915 0.084352 0.027119 0.029340
28 0.893220 0.050122 0.022034 0.029340
268 0.950847 0.894866 0.022034 0.031785
69 0.950847 0.861858 0.022034 0.029340
253 0.952542 0.822738 0.028814 0.039120
466 0.950000 0.781174 0.027119 0.031785
54 0.950000 0.740831 0.025424 0.031785
64 0.949153 0.706601 0.023729 0.031785
62 0.950000 0.669927 0.027119 0.034230
249 0.950000 0.633252 0.028814 0.031785
187 0.950847 0.600244 0.025424 0.026895
249 0.950000 0.568460 0.025424 0.026895
513 0.949153 0.535452 0.028814 0.031785
105 0.948305 0.498778 0.027119 0.034230
252 0.947458 0.458435 0.023729 0.034230
26 0.948305 0.421760 0.030508 0.031785
89 0.945763 0.387531 0.023729 0.029340
55 0.946610 0.355746 0.020339 0.029340
107 0.946610 0.325183 0.022034 0.031785
26 0.946610 0.283619 0.025424 0.044010
133 0.944915 0.242054 0.025424 0.034230
268 0.944068 0.198044 0.027119 0.039120
201 0.942373 0.160147 0.028814 0.034230
54 0.941525 0.119804 0.023729 0.034230
215 0.941525 0.081907 0.033898 0.031785
33 0.940678 0.047677 0.027119 0.029340
