0 0.127604 0.879433 0.029514 0.030733
0 0.125868 0.834515 0.034722 0.047281
0 0.125000 0.787234 0.026042 0.042553
0 0.125000 0.745863 0.031250 0.040189
0 0.125000 0.705674 0.031250 0.040189
0 0.124132 0.664303 0.027778 0.037825
0 0.124132 0.622931 0.029514 0.042553
0 0.124132 0.578014 0.034722 0.040189
0 0.123264 0.539007 0.026042 0.030733
0 0.121528 0.509456 0.027778 0.028369
0 0.120660 0.476359 0.024306 0.030733
0 0.119792 0.449173 0.024306 0.028369
0 0.119792 0.419622 0.022569 0.030733
0 0.119792 0.385343 0.022569 0.035461
0 0.117188 0.345154 0.031250 0.042553
0 0.118056 0.303783 0.027778 0.037825
0 0.120660 0.264775 0.027778 0.030733
0 0.120660 0.225768 0.027778 0.044917
0 0.119792 0.169031 0.031250 0.040189
0 0.118056 0.130024 0.026042 0.033097
0 0.118924 0.095745 0.031250 0.030733
0 0.116319 0.062648 0.029514 0.040189
0 0.172743 0.878251 0.027778 0.028369
0 0.172743 0.853428 0.029514 0.028369
0 0.171875 0.819149 0.026042 0.037825
0 0.171875 0.786052 0.024306 0.030733
0 0.172743 0.748227 0.027778 0.035461
0 0.171875 0.712766 0.029514 0.033097
0 0.170139 0.677305 0.027778 0.035461
0 0.170139 0.637116 0.026042 0.037825
0 0.168403 0.600473 0.027778 0.037825
0 0.168403 0.563830 0.026042 0.033097
0 0.167535 0.527187 0.029514 0.030733
0 0.168403 0.492908 0.027778 0.035461
0 0.166667 0.455083 0.029514 0.033097
0 0.166667 0.419622 0.027778 0.035461
0 0.164931 0.377069 0.031250 0.044917
0 0.164931 0.335697 0.022569 0.033097
0 0.163194 0.290780 0.032986 0.044917
0 0.162326 0.248227 0.024306 0.033097
0 0.162326 0.208038 0.026042 0.040189
0 0.162326 0.167849 0.026042 0.037825
0 0.162326 0.128842 0.026042 0.040189
0 0.161458 0.092199 0.024306 0.030733
0 0.160590 0.055556 0.027778 0.035461
0 0.218750 0.873522 0.027778 0.028369
0 0.216146 0.836879 0.026042 0.033097
0 0.215278 0.801418 0.024306 0.030733
0 0.216146 0.764775 0.027778 0.037825
0 0.216146 0.726950 0.024306 0.035461
0 0.217014 0.685579 0.031250 0.042553
0 0.215278 0.645390 0.027778 0.030733
0 0.217014 0.609929 0.027778 0.037825
0 0.217014 0.568558 0.027778 0.044917
0 0.217014 0.523641 0.027778 0.037825
0 0.214410 0.482270 0.029514 0.040189
0 0.214410 0.440898 0.026042 0.033097
0 0.214410 0.404255 0.027778 0.037825
0 0.214410 0.368794 0.029514 0.033097
0 0.214410 0.330969 0.026042 0.035461
0 0.214410 0.294326 0.024306 0.035461
0 0.213542 0.254137 0.027778 0.033097
0 0.211806 0.223404 0.026042 0.023641
0 0.212674 0.191489 0.027778 0.035461
0 0.210938 0.151300 0.027778 0.042553
0 0.210069 0.113475 0.027778 0.033097
0 0.208333 0.079196 0.024306 0.028369
0 0.208333 0.050827 0.020833 0.028369
0 0.262153 0.871158 0.024306 0.028369
0 0.263889 0.838061 0.022569 0.035461
0 0.263021 0.802600 0.026042 0.033097
0 0.263021 0.770686 0.027778 0.026005
0 0.262153 0.738771 0.029514 0.030733
0 0.263889 0.702128 0.029514 0.037825
0 0.263889 0.673759 0.029514 0.026005
0 0.263889 0.639480 0.024306 0.035461
0 0.263021 0.602837 0.029514 0.033097
0 0.262153 0.563830 0.029514 0.033097
0 0.261285 0.534279 0.022569 0.023641
0 0.262153 0.503546 0.024306 0.030733
0 0.261285 0.469267 0.027778 0.037825
0 0.258681 0.426714 0.026042 0.042553
0 0.257812 0.386525 0.029514 0.033097
0 0.256944 0.354610 0.024306 0.030733
0 0.257812 0.319149 0.031250 0.037825
0 0.256944 0.282506 0.026042 0.035461
0 0.258681 0.243499 0.029514 0.037825
0 0.259549 0.205674 0.027778 0.030733
0 0.257812 0.165485 0.027778 0.037825
0 0.256944 0.127660 0.026042 0.033097
0 0.254340 0.089835 0.027778 0.035461
0 0.253472 0.053191 0.029514 0.035461
88 0.312500 0.862884 0.031250 0.033097
45 0.310764 0.827423 0.027778 0.033097
78 0.310764 0.787234 0.031250 0.042553
44 0.310764 0.745863 0.024306 0.033097
77 0.310764 0.710402 0.032986 0.037825
96 0.309896 0.674941 0.027778 0.033097
59 0.309028 0.634752 0.029514 0.040189
478 0.309896 0.594563 0.029514 0.035461
1614 0.309896 0.556738 0.032986 0.033097
91 0.310764 0.523641 0.027778 0.030733
442 0.310764 0.484634 0.031250 0.042553
36 0.309028 0.443262 0.029514 0.035461
35 0.308160 0.414894 0.026042 0.026005
1663 0.306424 0.384161 0.024306 0.035461
307 0.305556 0.343972 0.029514 0.042553
349 0.304688 0.300236 0.032986 0.042553
109 0.303819 0.257683 0.027778 0.037825
1662 0.304688 0.216312 0.027778 0.037825
691 0.303819 0.179669 0.029514 0.035461
109 0.304688 0.143026 0.022569 0.033097
44 0.304688 0.108747 0.029514 0.030733
0 0.302083 0.074468 0.026042 0.028369
0 0.302083 0.047281 0.026042 0.028369
163 0.360243 0.858156 0.024306 0.030733
157 0.360243 0.822695 0.026042 0.035461
38 0.360243 0.800236 0.022569 0.016548
37 0.360243 0.773050 0.027778 0.033097
62 0.359375 0.739953 0.024306 0.030733
61 0.358507 0.703310 0.027778 0.042553
898 0.356771 0.663121 0.026042 0.033097
56 0.355903 0.630024 0.027778 0.033097
110 0.357639 0.595745 0.022569 0.033097
115 0.358507 0.560284 0.029514 0.037825
183 0.357639 0.521277 0.029514 0.037825
16 0.356771 0.483452 0.031250 0.035461
43 0.358507 0.445626 0.026042 0.035461
1615 0.355903 0.405437 0.027778 0.040189
255 0.356771 0.366430 0.029514 0.033097
577 0.357639 0.335697 0.026042 0.028369
109 0.358507 0.300236 0.027778 0.040189
1089 0.357639 0.261229 0.027778 0.033097
1661 0.355903 0.229314 0.022569 0.021277
895 0.355035 0.196217 0.024306 0.035461
109 0.355035 0.158392 0.026042 0.035461
46 0.353299 0.121749 0.026042 0.035461
475 0.353299 0.083924 0.024306 0.033097
620 0.353299 0.050827 0.029514 0.030733
371 0.407118 0.846336 0.022569 0.030733
227 0.407118 0.817967 0.024306 0.023641
226 0.405382 0.788416 0.024306 0.030733
252 0.405382 0.754137 0.024306 0.033097
771 0.405382 0.722222 0.024306 0.030733
781 0.405382 0.687943 0.020833 0.030733
136 0.405382 0.654846 0.027778 0.035461
163 0.406250 0.618203 0.029514 0.033097
157 0.405382 0.586288 0.026042 0.023641
38 0.403646 0.557920 0.027778 0.035461
37 0.403646 0.520095 0.029514 0.037825
88 0.402778 0.478723 0.029514 0.035461
45 0.401910 0.445626 0.026042 0.030733
120 0.401910 0.411348 0.024306 0.037825
136 0.401042 0.369976 0.026042 0.040189
182 0.401042 0.329787 0.027778 0.030733
38 0.400174 0.294326 0.029514 0.033097
37 0.400174 0.261229 0.026042 0.030733
21 0.398438 0.230496 0.022569 0.028369
281 0.400174 0.202128 0.022569 0.026005
1660 0.398438 0.176123 0.020833 0.026005
136 0.398438 0.146572 0.027778 0.030733
64 0.396701 0.113475 0.027778 0.035461
149 0.396701 0.082742 0.027778 0.026005
511 0.395833 0.055556 0.026042 0.028369
182 0.451389 0.849882 0.022569 0.023641
38 0.448785 0.825059 0.026042 0.026005
37 0.449653 0.796690 0.022569 0.028369
88 0.449653 0.757683 0.022569 0.037825
129 0.447917 0.716312 0.026042 0.037825
138 0.448785 0.679669 0.024306 0.033097
429 0.447917 0.643026 0.026042 0.037825
895 0.447049 0.602837 0.026042 0.037825
158 0.445312 0.568558 0.020833 0.028369
67 0.442708 0.540189 0.027778 0.028369
46 0.443576 0.509456 0.027778 0.028369
475 0.442708 0.473995 0.022569 0.035461
345 0.440972 0.437352 0.029514 0.035461
620 0.442708 0.398345 0.026042 0.037825
577 0.441840 0.360520 0.024306 0.033097
68 0.441840 0.332151 0.020833 0.023641
21 0.440972 0.304965 0.022569 0.030733
281 0.440104 0.271868 0.027778 0.030733
1659 0.440104 0.243499 0.019097 0.026005
43 0.440104 0.215130 0.020833 0.030733
44 0.440104 0.180851 0.020833 0.035461
478 0.438368 0.144208 0.020833 0.033097
345 0.437500 0.111111 0.020833 0.028369
21 0.434896 0.083924 0.022569 0.023641
44 0.434896 0.057920 0.019097 0.023641
37 0.481771 0.775414 0.015625 0.026005
21 0.481771 0.744681 0.015625 0.023641
315 0.479167 0.640662 0.017361 0.030733
78 0.478299 0.605201 0.017361 0.028369
77 0.478299 0.570922 0.017361 0.026005
422 0.478299 0.540189 0.017361 0.026005
133 0.477431 0.507092 0.017361 0.033097
163 0.475694 0.477541 0.015625 0.023641
385 0.473958 0.449173 0.019097 0.023641
1029 0.474826 0.418440 0.017361 0.026005
489 0.474826 0.387707 0.015625 0.026005
68 0.473958 0.356974 0.015625 0.021277
1105 0.473090 0.330969 0.017361 0.023641
431 0.473958 0.306147 0.015625 0.021277
251 0.472222 0.261229 0.017361 0.026005
133 0.470486 0.230496 0.017361 0.023641
1270 0.467882 0.171395 0.015625 0.021277
43 0.465278 0.079196 0.017361 0.023641
0 0.526910 0.769504 0.020833 0.028369
0 0.526042 0.739953 0.024306 0.028369
0 0.526042 0.706856 0.022569 0.035461
0 0.526042 0.667849 0.022569 0.035461
0 0.525174 0.633570 0.020833 0.026005
0 0.525174 0.604019 0.022569 0.028369
0 0.523438 0.575650 0.019097 0.023641
0 0.522569 0.548463 0.024306 0.028369
0 0.519965 0.510638 0.024306 0.035461
0 0.519097 0.481087 0.019097 0.021277
0 0.518229 0.453901 0.019097 0.026005
37 0.516493 0.420804 0.019097 0.035461
130 0.515625 0.387707 0.019097 0.026005
305 0.513889 0.354610 0.019097 0.037825
257 0.513021 0.320331 0.019097 0.026005
76 0.512153 0.291962 0.019097 0.028369
1658 0.511285 0.260047 0.019097 0.028369
129 0.510417 0.228132 0.020833 0.028369
819 0.510417 0.195035 0.019097 0.030733
253 0.509549 0.156028 0.019097 0.035461
0 0.565972 0.776596 0.022569 0.035461
0 0.565972 0.741135 0.024306 0.028369
0 0.564236 0.698582 0.029514 0.047281
0 0.561632 0.648936 0.026042 0.040189
0 0.561632 0.615839 0.024306 0.026005
0 0.560764 0.582742 0.026042 0.037825
0 0.559028 0.546099 0.026042 0.037825
0 0.558160 0.510638 0.022569 0.028369
0 0.559028 0.473995 0.029514 0.042553
0 0.556424 0.436170 0.024306 0.028369
0 0.555556 0.400709 0.027778 0.037825
0 0.552951 0.366430 0.022569 0.026005
0 0.552083 0.332151 0.022569 0.035461
0 0.551215 0.299054 0.022569 0.026005
0 0.550347 0.269504 0.020833 0.028369
0 0.549479 0.239953 0.019097 0.023641
0 0.549479 0.213948 0.024306 0.023641
0 0.550347 0.190307 0.024306 0.021277
0 0.547743 0.165485 0.026042 0.023641
0 0.547743 0.135934 0.026042 0.026005
0 0.607639 0.699764 0.026042 0.037825
0 0.606771 0.657210 0.024306 0.037825
0 0.607639 0.624113 0.026042 0.023641
0 0.605035 0.595745 0.024306 0.030733
0 0.603299 0.561466 0.024306 0.030733
0 0.603299 0.528369 0.024306 0.033097
0 0.602431 0.496454 0.026042 0.028369
0 0.600694 0.465721 0.029514 0.028369
0 0.598090 0.432624 0.024306 0.030733
0 0.598958 0.397163 0.027778 0.033097
0 0.597222 0.367612 0.029514 0.023641
0 0.594618 0.340426 0.026042 0.028369
0 0.593750 0.310875 0.022569 0.023641
0 0.592014 0.284870 0.026042 0.028369
0 0.592882 0.254137 0.026042 0.028369
0 0.591146 0.224586 0.020833 0.028369
0 0.592014 0.196217 0.019097 0.026005
0 0.590278 0.170213 0.020833 0.026005
0 0.590278 0.139480 0.026042 0.030733
0 0.590278 0.105201 0.024306 0.033097
0 0.652778 0.702128 0.027778 0.040189
0 0.651910 0.660757 0.026042 0.037825
0 0.647569 0.622931 0.031250 0.037825
0 0.647569 0.583924 0.029514 0.035461
0 0.646701 0.548463 0.026042 0.035461
0 0.644097 0.507092 0.024306 0.040189
0 0.646701 0.465721 0.031250 0.033097
0 0.644097 0.425532 0.026042 0.035461
0 0.642361 0.387707 0.029514 0.035461
0 0.638889 0.349882 0.027778 0.033097
0 0.639757 0.310875 0.029514 0.035461
0 0.638021 0.271868 0.029514 0.037825
0 0.637153 0.235225 0.027778 0.035461
0 0.634549 0.200946 0.029514 0.030733
0 0.634549 0.165485 0.027778 0.033097
1027 0.697049 0.698582 0.029514 0.037825
538 0.696181 0.661939 0.022569 0.030733
267 0.693576 0.626478 0.024306 0.037825
137 0.692708 0.592199 0.026042 0.028369
160 0.692708 0.561466 0.027778 0.028369
159 0.690972 0.523641 0.026042 0.042553
421 0.690972 0.486998 0.031250 0.028369
83 0.690972 0.457447 0.027778 0.030733
149 0.689236 0.425532 0.024306 0.030733
0 0.686632 0.393617 0.027778 0.028369
0 0.686632 0.361702 0.024306 0.030733
0 0.684028 0.325059 0.027778 0.035461
0 0.683160 0.286052 0.029514 0.035461
0 0.680556 0.250591 0.029514 0.033097
182 0.745660 0.761229 0.022569 0.030733
38 0.744792 0.731678 0.020833 0.026005
37 0.741319 0.702128 0.027778 0.033097
183 0.742188 0.667849 0.031250 0.028369
808 0.743924 0.634752 0.027778 0.033097
78 0.742188 0.605201 0.029514 0.028369
77 0.740451 0.574468 0.029514 0.030733
421 0.737847 0.539007 0.026042 0.030733
475 0.738715 0.509456 0.019097 0.028369
623 0.736979 0.479905 0.022569 0.030733
68 0.736111 0.446809 0.026042 0.030733
158 0.736111 0.413712 0.027778 0.030733
67 0.731771 0.373522 0.024306 0.037825
1067 0.731771 0.338061 0.020833 0.030733
43 0.729167 0.301418 0.027778 0.037825
165 0.728299 0.267139 0.024306 0.033097
183 0.728299 0.236407 0.027778 0.023641
248 0.790799 0.699764 0.024306 0.033097
23 0.789931 0.660757 0.026042 0.037825
30 0.786458 0.621749 0.031250 0.035461
881 0.786458 0.587470 0.020833 0.023641
496 0.785590 0.557920 0.031250 0.035461
1657 0.784722 0.513002 0.027778 0.042553
133 0.782986 0.478723 0.027778 0.026005
44 0.781250 0.443262 0.024306 0.035461
37 0.779514 0.404255 0.029514 0.037825
315 0.778646 0.369976 0.031250 0.030733
77 0.776910 0.346336 0.029514 0.028369
182 0.776910 0.313239 0.029514 0.030733
38 0.776910 0.275414 0.022569 0.035461
37 0.773438 0.237589 0.027778 0.037825
21 0.773438 0.222222 0.027778 0.035461
1252 0.836806 0.719858 0.027778 0.040189
172 0.833333 0.680851 0.031250 0.030733
171 0.833333 0.645390 0.027778 0.030733
1656 0.832465 0.607565 0.032986 0.037825
218 0.831597 0.568558 0.032986 0.040189
157 0.829861 0.526005 0.022569 0.037825
38 0.828125 0.482270 0.032986 0.040189
37 0.827257 0.445626 0.029514 0.030733
126 0.827257 0.414894 0.027778 0.028369
125 0.827257 0.382979 0.027778 0.033097
136 0.824653 0.339243 0.034722 0.042553
30 0.825521 0.294326 0.027778 0.033097
1462 0.822917 0.256501 0.031250 0.037825
172 0.821181 0.219858 0.029514 0.030733
171 0.819444 0.185579 0.031250 0.033097
564 0.883681 0.769504 0.031250 0.030733
215 0.881944 0.729314 0.027778 0.040189
12 0.881944 0.692671 0.031250 0.030733
252 0.880208 0.658392 0.027778 0.035461
1091 0.879340 0.621749 0.031250 0.035461
821 0.877604 0.583924 0.031250 0.028369
621 0.877604 0.550827 0.024306 0.033097
127 0.877604 0.518913 0.026042 0.028369
126 0.878472 0.489362 0.029514 0.030733
143 0.875868 0.455083 0.022569 0.033097
617 0.874132 0.421986 0.027778 0.033097
158 0.874132 0.384161 0.024306 0.035461
157 0.871528 0.346336 0.027778 0.040189
38 0.870660 0.310875 0.022569 0.023641
37 0.870660 0.284870 0.026042 0.028369
232 0.868924 0.251773 0.031250 0.033097
78 0.867188 0.217494 0.026042 0.030733
130 0.868056 0.184397 0.027778 0.030733
315 0.868056 0.152482 0.024306 0.030733
