0 0.138021 0.970449 0.020833 0.023641
0 0.134549 0.942080 0.027778 0.028369
0 0.136285 0.907801 0.027778 0.035461
0 0.136285 0.867612 0.031250 0.040189
0 0.135417 0.819149 0.026042 0.044917
0 0.137153 0.776596 0.026042 0.030733
0 0.138021 0.744681 0.027778 0.033097
0 0.138021 0.712766 0.026042 0.030733
0 0.139757 0.682033 0.022569 0.030733
0 0.138889 0.651300 0.026042 0.030733
0 0.138021 0.620567 0.029514 0.028369
0 0.139757 0.582742 0.022569 0.037825
0 0.138889 0.543735 0.029514 0.037825
0 0.138889 0.509456 0.027778 0.030733
0 0.140625 0.471631 0.029514 0.044917
0 0.139757 0.429078 0.029514 0.035461
0 0.139757 0.392435 0.027778 0.033097
0 0.139757 0.359338 0.026042 0.033097
0 0.141493 0.326241 0.020833 0.030733
0 0.139757 0.296690 0.026042 0.030733
0 0.142361 0.261229 0.024306 0.033097
0 0.142361 0.218676 0.026042 0.042553
0 0.144097 0.177305 0.029514 0.035461
0 0.144097 0.140662 0.024306 0.035461
0 0.181424 0.971631 0.029514 0.028369
0 0.180556 0.947991 0.027778 0.028369
0 0.181424 0.912530 0.031250 0.037825
0 0.181424 0.871158 0.029514 0.040189
0 0.183160 0.830969 0.027778 0.035461
0 0.184896 0.794326 0.027778 0.035461
0 0.183160 0.758865 0.029514 0.033097
0 0.181424 0.725768 0.029514 0.033097
0 0.183160 0.693853 0.022569 0.028369
0 0.183160 0.665485 0.024306 0.030733
0 0.184896 0.624113 0.027778 0.047281
0 0.186632 0.580378 0.026042 0.035461
0 0.187500 0.543735 0.029514 0.035461
0 0.186632 0.504728 0.026042 0.037825
0 0.186632 0.466903 0.031250 0.037825
0 0.187500 0.425532 0.029514 0.042553
0 0.189236 0.382979 0.027778 0.035461
0 0.189236 0.342790 0.027778 0.037825
0 0.190972 0.302600 0.029514 0.037825
0 0.189236 0.261229 0.027778 0.035461
0 0.188368 0.225768 0.031250 0.030733
0 0.188368 0.195035 0.026042 0.028369
0 0.189236 0.167849 0.022569 0.026005
0 0.189236 0.139480 0.026042 0.028369
0 0.229167 0.969267 0.031250 0.033097
0 0.229167 0.947991 0.029514 0.033097
0 0.229167 0.913712 0.029514 0.033097
0 0.229167 0.875887 0.029514 0.044917
0 0.230903 0.830969 0.026042 0.040189
0 0.231771 0.788416 0.029514 0.035461
0 0.232639 0.747045 0.027778 0.040189
0 0.233507 0.709220 0.031250 0.030733
0 0.233507 0.674941 0.029514 0.035461
0 0.233507 0.634752 0.027778 0.037825
0 0.233507 0.599291 0.029514 0.030733
0 0.233507 0.572104 0.029514 0.035461
0 0.232639 0.536643 0.034722 0.035461
0 0.235243 0.496454 0.026042 0.037825
0 0.233507 0.456265 0.029514 0.042553
0 0.235243 0.419622 0.024306 0.030733
0 0.235243 0.391253 0.027778 0.026005
0 0.236111 0.359338 0.027778 0.035461
0 0.236111 0.323877 0.031250 0.030733
0 0.236111 0.295508 0.029514 0.028369
0 0.236111 0.261229 0.027778 0.035461
0 0.235243 0.222222 0.026042 0.035461
0 0.236111 0.185579 0.027778 0.037825
0 0.237847 0.145390 0.027778 0.035461
0 0.273438 0.964539 0.026042 0.035461
0 0.274306 0.925532 0.024306 0.033097
0 0.274306 0.890071 0.031250 0.033097
0 0.274306 0.855792 0.027778 0.033097
0 0.274306 0.823877 0.024306 0.028369
0 0.274306 0.794326 0.029514 0.033097
0 0.277778 0.756501 0.029514 0.037825
0 0.276042 0.712766 0.027778 0.042553
0 0.276910 0.671395 0.027778 0.033097
0 0.277778 0.635934 0.029514 0.033097
0 0.279514 0.602837 0.026042 0.033097
0 0.278646 0.572104 0.029514 0.030733
0 0.279514 0.543735 0.027778 0.028369
0 0.282118 0.510638 0.031250 0.035461
0 0.282118 0.477541 0.029514 0.030733
0 0.281250 0.444444 0.032986 0.035461
0 0.282118 0.407801 0.032986 0.033097
0 0.282118 0.369976 0.027778 0.044917
0 0.281250 0.330969 0.031250 0.030733
0 0.282118 0.293144 0.029514 0.035461
0 0.281250 0.258865 0.024306 0.033097
0 0.283854 0.222222 0.027778 0.037825
0 0.283854 0.185579 0.029514 0.033097
0 0.282986 0.145390 0.029514 0.040189
0 0.321181 0.952719 0.029514 0.037825
0 0.320312 0.912530 0.032986 0.040189
0 0.321181 0.865248 0.031250 0.044917
0 0.322917 0.822695 0.031250 0.035461
0 0.325521 0.784870 0.031250 0.033097
0 0.325521 0.751773 0.031250 0.035461
0 0.323785 0.716312 0.027778 0.035461
0 0.322917 0.683215 0.029514 0.030733
0 0.323785 0.648936 0.027778 0.033097
0 0.324653 0.617021 0.024306 0.028369
0 0.324653 0.587470 0.026042 0.030733
0 0.326389 0.552009 0.034722 0.037825
0 0.325521 0.509456 0.029514 0.042553
0 0.326389 0.469267 0.026042 0.035461
0 0.326389 0.432624 0.027778 0.037825
0 0.328993 0.393617 0.029514 0.037825
0 0.327257 0.359338 0.032986 0.026005
0 0.328125 0.326241 0.032986 0.037825
0 0.328993 0.288416 0.031250 0.037825
0 0.328993 0.251773 0.027778 0.035461
0 0.330729 0.212766 0.024306 0.037825
44 0.331597 0.173759 0.029514 0.035461
0 0.328125 0.138298 0.027778 0.030733
1323 0.365451 0.972813 0.026042 0.023641
937 0.366319 0.947991 0.027778 0.030733
930 0.367188 0.918440 0.026042 0.028369
1694 0.366319 0.891253 0.020833 0.023641
163 0.367188 0.854610 0.024306 0.040189
258 0.367188 0.816785 0.031250 0.030733
361 0.368924 0.782506 0.031250 0.033097
328 0.368924 0.750591 0.026042 0.030733
163 0.369792 0.718676 0.024306 0.030733
258 0.368924 0.689125 0.027778 0.030733
1693 0.372396 0.653664 0.031250 0.035461
129 0.374132 0.621749 0.027778 0.023641
14 0.372396 0.591017 0.024306 0.037825
1692 0.373264 0.548463 0.027778 0.035461
762 0.372396 0.515366 0.031250 0.030733
260 0.372396 0.483452 0.026042 0.028369
67 0.372396 0.452719 0.020833 0.028369
133 0.371528 0.423168 0.024306 0.028369
982 0.373264 0.391253 0.032986 0.028369
83 0.373264 0.354610 0.031250 0.040189
1593 0.374132 0.315603 0.029514 0.037825
59 0.375868 0.275414 0.031250 0.035461
83 0.374132 0.242317 0.032986 0.028369
583 0.375000 0.212766 0.031250 0.028369
1691 0.376736 0.180851 0.026042 0.033097
158 0.375868 0.144208 0.027778 0.035461
824 0.411458 0.972813 0.026042 0.028369
835 0.411458 0.939716 0.027778 0.037825
110 0.413194 0.905437 0.029514 0.030733
258 0.413194 0.875887 0.029514 0.028369
421 0.413194 0.834515 0.024306 0.042553
594 0.414931 0.799054 0.027778 0.026005
100 0.415799 0.767139 0.029514 0.035461
68 0.415799 0.726950 0.024306 0.040189
76 0.415799 0.683215 0.031250 0.040189
30 0.414931 0.637116 0.031250 0.042553
227 0.414931 0.598109 0.026042 0.035461
226 0.416667 0.562648 0.027778 0.033097
80 0.416667 0.528369 0.026042 0.033097
1003 0.415799 0.494090 0.026042 0.030733
30 0.416667 0.463357 0.026042 0.028369
122 0.416667 0.433806 0.026042 0.028369
335 0.420139 0.399527 0.029514 0.035461
68 0.419271 0.364066 0.031250 0.030733
209 0.419271 0.329787 0.029514 0.035461
43 0.418403 0.290780 0.029514 0.040189
560 0.418403 0.250591 0.029514 0.037825
67 0.418403 0.209220 0.031250 0.044917
121 0.418403 0.164303 0.031250 0.035461
45 0.417535 0.138298 0.029514 0.028369
120 0.458333 0.955083 0.027778 0.040189
21 0.460069 0.914894 0.031250 0.030733
239 0.459201 0.885343 0.027778 0.026005
67 0.459201 0.849882 0.024306 0.037825
122 0.460069 0.807329 0.032986 0.037825
820 0.460938 0.765957 0.029514 0.035461
570 0.459201 0.728132 0.026042 0.030733
393 0.460069 0.695035 0.029514 0.035461
64 0.460069 0.657210 0.027778 0.037825
108 0.460938 0.621749 0.031250 0.028369
1690 0.461806 0.594563 0.031250 0.030733
221 0.463542 0.565012 0.027778 0.026005
165 0.462674 0.529551 0.029514 0.040189
255 0.461806 0.489362 0.034722 0.037825
260 0.463542 0.451537 0.031250 0.037825
30 0.464410 0.413712 0.031250 0.035461
231 0.464410 0.382979 0.027778 0.035461
149 0.464410 0.345154 0.029514 0.035461
30 0.465278 0.307329 0.024306 0.035461
76 0.466146 0.271868 0.027778 0.030733
1099 0.466146 0.243499 0.029514 0.026005
226 0.466146 0.211584 0.027778 0.033097
1182 0.466146 0.174941 0.031250 0.035461
335 0.467014 0.139480 0.031250 0.033097
30 0.502604 0.953901 0.027778 0.037825
77 0.503472 0.918440 0.026042 0.033097
165 0.503472 0.874704 0.024306 0.047281
255 0.503472 0.835697 0.022569 0.030733
657 0.504340 0.801418 0.024306 0.037825
136 0.502604 0.761229 0.029514 0.035461
157 0.502604 0.725768 0.024306 0.035461
38 0.502604 0.687943 0.027778 0.037825
37 0.501736 0.660757 0.024306 0.023641
82 0.503472 0.628842 0.026042 0.037825
1689 0.504340 0.592199 0.026042 0.035461
136 0.504340 0.557920 0.026042 0.028369
157 0.504340 0.522459 0.026042 0.035461
38 0.506076 0.486998 0.024306 0.033097
37 0.506076 0.453901 0.026042 0.030733
78 0.505208 0.419622 0.026042 0.035461
340 0.506076 0.382979 0.027778 0.037825
68 0.504340 0.346336 0.027778 0.030733
67 0.504340 0.308511 0.027778 0.042553
30 0.503472 0.268322 0.026042 0.035461
587 0.505208 0.232861 0.026042 0.037825
122 0.506076 0.193853 0.026042 0.037825
68 0.506076 0.154846 0.022569 0.040189
67 0.567708 0.916076 0.020833 0.033097
884 0.568576 0.877069 0.022569 0.037825
587 0.566840 0.834515 0.024306 0.042553
122 0.566840 0.795508 0.026042 0.028369
112 0.565972 0.761229 0.022569 0.033097
335 0.565104 0.725768 0.026042 0.035461
165 0.565104 0.692671 0.024306 0.030733
91 0.564236 0.656028 0.022569 0.040189
442 0.563368 0.619385 0.022569 0.030733
77 0.564236 0.589835 0.022569 0.028369
1119 0.562500 0.559102 0.019097 0.028369
1271 0.562500 0.528369 0.024306 0.035461
1497 0.561632 0.494090 0.022569 0.030733
157 0.559896 0.459811 0.022569 0.035461
38 0.559028 0.421986 0.022569 0.035461
37 0.559896 0.385343 0.020833 0.035461
1027 0.559028 0.352246 0.024306 0.028369
78 0.559028 0.319149 0.024306 0.035461
136 0.559896 0.278960 0.024306 0.037825
165 0.559028 0.241135 0.024306 0.037825
91 0.559028 0.200946 0.026042 0.040189
158 0.556424 0.157210 0.024306 0.040189
0 0.609375 0.960993 0.027778 0.023641
0 0.610243 0.934988 0.029514 0.023641
0 0.609375 0.910165 0.029514 0.030733
0 0.607639 0.875887 0.022569 0.033097
0 0.608507 0.841608 0.024306 0.030733
0 0.606771 0.810875 0.024306 0.030733
0 0.608507 0.776596 0.026042 0.033097
0 0.605903 0.737589 0.026042 0.037825
0 0.607639 0.702128 0.027778 0.028369
0 0.605903 0.671395 0.029514 0.026005
0 0.603299 0.639480 0.027778 0.035461
0 0.605035 0.600473 0.029514 0.035461
0 0.604167 0.568558 0.031250 0.028369
0 0.604167 0.539007 0.031250 0.026005
0 0.603299 0.508274 0.027778 0.030733
0 0.602431 0.472813 0.031250 0.035461
0 0.602431 0.432624 0.027778 0.033097
0 0.600694 0.399527 0.031250 0.030733
0 0.599826 0.369976 0.026042 0.028369
0 0.600694 0.340426 0.029514 0.028369
0 0.600694 0.314421 0.027778 0.028369
0 0.599826 0.287234 0.029514 0.028369
127 0.598958 0.256501 0.029514 0.028369
677 0.598090 0.224586 0.026042 0.028369
0 0.599826 0.192671 0.031250 0.030733
154 0.598958 0.152482 0.032986 0.042553
0 0.656250 0.949173 0.029514 0.035461
0 0.655382 0.910165 0.024306 0.033097
0 0.656250 0.871158 0.029514 0.037825
0 0.653646 0.830969 0.027778 0.030733
0 0.654514 0.795508 0.029514 0.035461
0 0.653646 0.760047 0.034722 0.030733
0 0.654514 0.734043 0.032986 0.026005
0 0.652778 0.700946 0.027778 0.033097
0 0.651910 0.670213 0.029514 0.028369
0 0.651042 0.634752 0.034722 0.037825
0 0.651910 0.592199 0.029514 0.042553
0 0.649306 0.554374 0.032986 0.030733
0 0.649306 0.518913 0.029514 0.035461
0 0.648438 0.479905 0.034722 0.040189
0 0.648438 0.437352 0.029514 0.035461
0 0.647569 0.401891 0.029514 0.030733
0 0.647569 0.366430 0.031250 0.037825
0 0.647569 0.329787 0.029514 0.033097
0 0.646701 0.296690 0.027778 0.033097
0 0.646701 0.262411 0.029514 0.030733
0 0.644965 0.230496 0.029514 0.033097
0 0.645833 0.199764 0.029514 0.030733
0 0.644965 0.165485 0.029514 0.037825
0 0.645833 0.133570 0.032986 0.026005
0 0.703993 0.933806 0.024306 0.026005
0 0.703993 0.904255 0.031250 0.028369
0 0.703993 0.867612 0.032986 0.037825
0 0.702257 0.827423 0.032986 0.033097
0 0.703125 0.794326 0.029514 0.030733
0 0.702257 0.761229 0.031250 0.030733
0 0.700521 0.725768 0.027778 0.035461
0 0.698785 0.683215 0.029514 0.037825
0 0.698785 0.650118 0.029514 0.030733
0 0.697049 0.613475 0.027778 0.037825
0 0.698785 0.580378 0.027778 0.028369
0 0.697049 0.544917 0.031250 0.037825
0 0.694444 0.503546 0.027778 0.037825
0 0.694444 0.462175 0.027778 0.040189
0 0.695312 0.419622 0.026042 0.037825
0 0.696181 0.379433 0.022569 0.037825
0 0.693576 0.336879 0.034722 0.040189
0 0.692708 0.296690 0.029514 0.033097
0 0.692708 0.263593 0.027778 0.028369
0 0.692708 0.232861 0.022569 0.030733
0 0.690972 0.202128 0.027778 0.030733
0 0.691840 0.170213 0.032986 0.035461
0 0.690972 0.135934 0.027778 0.035461
91 0.755208 0.914894 0.026042 0.030733
442 0.754340 0.879433 0.031250 0.035461
77 0.752604 0.841608 0.024306 0.033097
645 0.749132 0.799054 0.032986 0.044917
893 0.750000 0.758865 0.027778 0.030733
64 0.749132 0.725768 0.031250 0.035461
17 0.747396 0.686761 0.031250 0.037825
129 0.747396 0.645390 0.027778 0.037825
407 0.748264 0.607565 0.029514 0.037825
165 0.746528 0.569740 0.029514 0.030733
0 0.744792 0.534279 0.026042 0.028369
0 0.744792 0.504728 0.022569 0.028369
0 0.743056 0.476359 0.026042 0.028369
0 0.743924 0.442080 0.032986 0.037825
0 0.743056 0.406619 0.029514 0.030733
0 0.742188 0.371158 0.029514 0.037825
0 0.741319 0.332151 0.027778 0.035461
0 0.740451 0.296690 0.029514 0.033097
0 0.739583 0.263593 0.029514 0.030733
0 0.737847 0.231678 0.024306 0.028369
0 0.737847 0.202128 0.026042 0.028369
0 0.737847 0.137116 0.029514 0.037825
37 0.802951 0.947991 0.026042 0.028369
88 0.803819 0.916076 0.027778 0.030733
45 0.802083 0.877069 0.027778 0.042553
393 0.801215 0.829787 0.031250 0.042553
145 0.798611 0.787234 0.027778 0.042553
203 0.799479 0.747045 0.027778 0.033097
466 0.799479 0.709220 0.029514 0.035461
203 0.795139 0.671395 0.032986 0.035461
25 0.795139 0.633570 0.024306 0.035461
24 0.794271 0.601655 0.022569 0.023641
109 0.795139 0.572104 0.029514 0.030733
1688 0.793403 0.541371 0.024306 0.028369
61 0.794271 0.510638 0.022569 0.030733
541 0.791667 0.481087 0.027778 0.030733
109 0.793403 0.444444 0.032986 0.035461
540 0.791667 0.410165 0.031250 0.028369
109 0.792535 0.380615 0.031250 0.033097
399 0.790799 0.339243 0.026042 0.037825
796 0.789931 0.301418 0.026042 0.035461
546 0.790799 0.265957 0.027778 0.033097
43 0.788194 0.235225 0.026042 0.023641
165 0.788194 0.202128 0.031250 0.035461
91 0.785590 0.165485 0.027778 0.030733
442 0.784722 0.132388 0.029514 0.033097
1687 0.851562 0.949173 0.027778 0.026005
314 0.851562 0.919622 0.027778 0.030733
1686 0.849826 0.881797 0.029514 0.040189
314 0.850694 0.845154 0.027778 0.028369
21 0.848958 0.809693 0.027778 0.033097
1570 0.848090 0.774232 0.027778 0.030733
145 0.848958 0.741135 0.031250 0.028369
430 0.846354 0.703310 0.022569 0.037825
466 0.844618 0.665485 0.026042 0.035461
430 0.844618 0.631206 0.024306 0.023641
832 0.846354 0.600473 0.031250 0.030733
21 0.844618 0.565012 0.029514 0.030733
1685 0.843750 0.533097 0.026042 0.028369
109 0.842014 0.503546 0.029514 0.030733
150 0.843750 0.468085 0.027778 0.033097
163 0.843750 0.429078 0.029514 0.035461
571 0.845486 0.390071 0.031250 0.040189
570 0.842014 0.347518 0.031250 0.042553
21 0.840278 0.307329 0.027778 0.033097
565 0.840278 0.269504 0.036458 0.037825
650 0.840278 0.230496 0.032986 0.040189
417 0.839410 0.195035 0.032986 0.028369
281 0.838542 0.161939 0.031250 0.035461
1583 0.836806 0.132388 0.036458 0.037825
282 0.898438 0.951537 0.027778 0.026005
28 0.900174 0.923168 0.029514 0.030733
43 0.899306 0.886525 0.032986 0.037825
165 0.898438 0.848700 0.029514 0.030733
29 0.898438 0.809693 0.029514 0.040189
150 0.897569 0.775414 0.032986 0.026005
274 0.897569 0.741135 0.027778 0.033097
165 0.896701 0.699764 0.031250 0.037825
91 0.895833 0.660757 0.032986 0.033097
92 0.894965 0.627660 0.031250 0.028369
267 0.894097 0.595745 0.027778 0.030733
1593 0.895833 0.562648 0.032986 0.033097
476 0.892361 0.526005 0.029514 0.033097
648 0.891493 0.490544 0.026042 0.033097
1684 0.890625 0.450355 0.034722 0.040189
1683 0.891493 0.410165 0.029514 0.028369
675 0.890625 0.379433 0.026042 0.028369
1682 0.890625 0.349882 0.029514 0.030733
167 0.889757 0.310875 0.031250 0.037825
317 0.885417 0.277778 0.038194 0.030733
652 0.884549 0.245863 0.031250 0.026005
129 0.884549 0.216312 0.029514 0.040189
68 0.882812 0.172577 0.034722 0.040189
84 0.883681 0.130024 0.029514 0.040189
15 0.947049 0.947991 0.029514 0.028369
43 0.946181 0.919622 0.026042 0.026005
230 0.945312 0.892435 0.022569 0.028369
1680 0.944444 0.861702 0.022569 0.028369
166 0.944444 0.829787 0.026042 0.033097
407 0.945312 0.795508 0.031250 0.035461
109 0.944444 0.757683 0.026042 0.035461
1432 0.944444 0.721040 0.026042 0.033097
17 0.943576 0.689125 0.031250 0.028369
129 0.943576 0.654846 0.031250 0.030733
681 0.942708 0.617021 0.031250 0.037825
29 0.941840 0.574468 0.034722 0.042553
64 0.940104 0.530733 0.027778 0.033097
82 0.939236 0.494090 0.031250 0.037825
463 0.938368 0.447991 0.029514 0.044917
315 0.939236 0.407801 0.027778 0.028369
774 0.938368 0.373522 0.031250 0.030733
338 0.937500 0.342790 0.029514 0.030733
67 0.937500 0.312057 0.026042 0.023641
1681 0.936632 0.286052 0.029514 0.030733
109 0.936632 0.251773 0.032986 0.033097
317 0.935764 0.216312 0.029514 0.035461
153 0.934896 0.183215 0.026042 0.023641
393 0.936632 0.158392 0.032986 0.033097
314 0.934896 0.124113 0.031250 0.033097
