524 0.052951 0.749409 0.026042 0.030733
4 0.053819 0.713948 0.024306 0.028369
148 0.054688 0.682033 0.022569 0.028369
123 0.057292 0.651300 0.024306 0.023641
524 0.059028 0.618203 0.026042 0.037825
183 0.059028 0.581560 0.024306 0.028369
74 0.059028 0.552009 0.027778 0.023641
10 0.063368 0.518913 0.032986 0.037825
73 0.062500 0.482270 0.024306 0.028369
921 0.064236 0.446809 0.027778 0.037825
664 0.065104 0.410165 0.029514 0.033097
409 0.067708 0.372340 0.031250 0.033097
408 0.068576 0.330969 0.029514 0.042553
123 0.251736 0.398345 0.027778 0.026005
541 0.253472 0.369976 0.027778 0.028369
168 0.253472 0.343972 0.024306 0.028369
173 0.253472 0.314421 0.026042 0.023641
280 0.257812 0.282506 0.022569 0.037825
139 0.260417 0.212766 0.031250 0.030733
872 0.262153 0.173759 0.031250 0.040189
4 0.263021 0.133570 0.032986 0.037825
123 0.455729 0.901891 0.026042 0.030733
52 0.455729 0.871158 0.020833 0.028369
19 0.455729 0.840426 0.026042 0.028369
29 0.454861 0.808511 0.024306 0.033097
28 0.453993 0.775414 0.020833 0.026005
52 0.453993 0.745863 0.020833 0.030733
70 0.453993 0.710402 0.022569 0.033097
69 0.453993 0.674941 0.024306 0.033097
136 0.453993 0.638298 0.022569 0.030733
35 0.453993 0.606383 0.024306 0.028369
442 0.454861 0.574468 0.022569 0.030733
920 0.456597 0.539007 0.022569 0.035461
919 0.457465 0.505910 0.026042 0.028369
918 0.455729 0.476359 0.022569 0.030733
52 0.456597 0.442080 0.022569 0.035461
89 0.456597 0.404255 0.022569 0.035461
31 0.455729 0.372340 0.022569 0.026005
872 0.455729 0.342790 0.022569 0.030733
106 0.455729 0.309693 0.020833 0.030733
135 0.454861 0.275414 0.019097 0.033097
224 0.454861 0.241135 0.020833 0.028369
33 0.454861 0.209220 0.020833 0.030733
408 0.453993 0.172577 0.020833 0.033097
46 0.493056 0.912530 0.027778 0.030733
280 0.491319 0.867612 0.024306 0.044917
15 0.489583 0.825059 0.022569 0.033097
55 0.490451 0.791962 0.026042 0.028369
107 0.492188 0.755319 0.027778 0.040189
224 0.492188 0.719858 0.026042 0.026005
33 0.493056 0.692671 0.026042 0.026005
226 0.491319 0.663121 0.024306 0.030733
92 0.491319 0.632388 0.022569 0.028369
280 0.492188 0.600473 0.020833 0.030733
15 0.492188 0.572104 0.022569 0.026005
55 0.492188 0.539007 0.022569 0.035461
52 0.493056 0.504728 0.020833 0.030733
10 0.493056 0.468085 0.022569 0.035461
9 0.493056 0.433806 0.026042 0.030733
163 0.491319 0.358156 0.022569 0.033097
127 0.489583 0.322695 0.022569 0.035461
29 0.489583 0.290780 0.022569 0.026005
28 0.489583 0.257683 0.022569 0.033097
161 0.490451 0.223404 0.024306 0.030733
135 0.491319 0.193853 0.024306 0.026005
188 0.490451 0.161939 0.026042 0.035461
68 0.538194 0.927896 0.022569 0.021277
68 0.535590 0.898345 0.027778 0.033097
68 0.535590 0.864066 0.024306 0.033097
263 0.536458 0.827423 0.024306 0.035461
256 0.533854 0.786052 0.029514 0.035461
136 0.532986 0.752955 0.026042 0.028369
83 0.532986 0.721040 0.024306 0.033097
135 0.532986 0.684397 0.022569 0.033097
786 0.533854 0.653664 0.029514 0.026005
64 0.534722 0.615839 0.026042 0.035461
694 0.533854 0.574468 0.026042 0.037825
13 0.532986 0.542553 0.026042 0.023641
622 0.532118 0.511820 0.027778 0.030733
73 0.532118 0.478723 0.026042 0.030733
71 0.532118 0.447991 0.024306 0.028369
530 0.532118 0.418440 0.022569 0.026005
15 0.529514 0.388889 0.024306 0.033097
22 0.530382 0.352246 0.024306 0.037825
133 0.529514 0.316785 0.029514 0.033097
373 0.529514 0.280142 0.022569 0.035461
75 0.529514 0.238771 0.022569 0.037825
917 0.529514 0.208038 0.024306 0.026005
324 0.529514 0.179669 0.026042 0.028369
242 0.529514 0.148936 0.029514 0.030733
75 0.579861 0.920804 0.027778 0.030733
158 0.579861 0.888889 0.026042 0.030733
35 0.578993 0.855792 0.029514 0.030733
62 0.577257 0.819149 0.026042 0.035461
35 0.578993 0.783688 0.031250 0.035461
69 0.577257 0.748227 0.024306 0.035461
482 0.578993 0.710402 0.029514 0.037825
120 0.575521 0.672577 0.031250 0.030733
64 0.575521 0.638298 0.024306 0.033097
22 0.575521 0.600473 0.029514 0.035461
163 0.576389 0.568558 0.029514 0.026005
127 0.575521 0.535461 0.031250 0.033097
29 0.575521 0.501182 0.027778 0.030733
28 0.573785 0.470449 0.022569 0.033097
161 0.575521 0.430260 0.031250 0.044917
116 0.574653 0.395981 0.029514 0.028369
101 0.573785 0.359338 0.022569 0.035461
3 0.572917 0.319149 0.029514 0.040189
111 0.572917 0.280142 0.026042 0.033097
19 0.573785 0.238771 0.029514 0.044917
123 0.572049 0.192671 0.032986 0.042553
821 0.570312 0.147754 0.029514 0.040189
70 0.623264 0.930260 0.031250 0.033097
69 0.621528 0.895981 0.027778 0.030733
133 0.621528 0.861702 0.024306 0.030733
110 0.623264 0.826241 0.027778 0.035461
129 0.622396 0.784870 0.027778 0.035461
528 0.620660 0.744681 0.024306 0.035461
20 0.621528 0.712766 0.026042 0.026005
35 0.622396 0.676123 0.029514 0.040189
69 0.621528 0.635934 0.027778 0.035461
224 0.618924 0.598109 0.026042 0.033097
821 0.618924 0.561466 0.020833 0.028369
529 0.617188 0.526005 0.024306 0.033097
225 0.618056 0.490544 0.026042 0.033097
33 0.617188 0.455083 0.024306 0.030733
111 0.617188 0.372340 0.026042 0.040189
763 0.616319 0.335697 0.024306 0.033097
15 0.618056 0.302600 0.029514 0.028369
107 0.616319 0.273050 0.026042 0.030733
19 0.614583 0.237589 0.029514 0.035461
123 0.614583 0.205674 0.027778 0.028369
20 0.614583 0.171395 0.029514 0.035461
70 0.615451 0.138298 0.031250 0.030733
64 0.673611 0.945626 0.020833 0.021277
64 0.672743 0.920804 0.024306 0.030733
65 0.673611 0.886525 0.026042 0.030733
35 0.671875 0.853428 0.024306 0.030733
83 0.669271 0.821513 0.027778 0.026005
55 0.669271 0.788416 0.031250 0.033097
439 0.668403 0.747045 0.027778 0.040189
438 0.669271 0.708038 0.029514 0.030733
20 0.667535 0.677305 0.029514 0.028369
381 0.670139 0.646572 0.027778 0.028369
4 0.668403 0.615839 0.026042 0.030733
187 0.669271 0.579196 0.031250 0.037825
4 0.671875 0.539007 0.031250 0.040189
230 0.670139 0.502364 0.032986 0.030733
168 0.668403 0.464539 0.029514 0.035461
803 0.667535 0.427896 0.031250 0.030733
916 0.669271 0.394799 0.027778 0.030733
251 0.667535 0.353428 0.027778 0.042553
168 0.666667 0.315603 0.032986 0.030733
70 0.664062 0.278960 0.026042 0.035461
288 0.665799 0.241135 0.031250 0.035461
123 0.664931 0.202128 0.029514 0.035461
251 0.661458 0.167849 0.029514 0.030733
168 0.662326 0.135934 0.027778 0.040189
168 0.723958 0.947991 0.026042 0.026005
168 0.722222 0.920804 0.026042 0.028369
168 0.721354 0.886525 0.022569 0.035461
173 0.723958 0.851064 0.026042 0.030733
280 0.720486 0.819149 0.031250 0.028369
214 0.720486 0.787234 0.029514 0.030733
33 0.722222 0.751773 0.027778 0.030733
70 0.719618 0.711584 0.032986 0.040189
69 0.721354 0.671395 0.029514 0.033097
120 0.719618 0.637116 0.026042 0.030733
225 0.719618 0.602837 0.027778 0.033097
64 0.718750 0.568558 0.029514 0.030733
224 0.716146 0.540189 0.031250 0.023641
223 0.717882 0.507092 0.026042 0.035461
227 0.718750 0.470449 0.026042 0.033097
226 0.718750 0.433806 0.026042 0.033097
280 0.717882 0.397163 0.031250 0.035461
15 0.715278 0.360520 0.026042 0.030733
55 0.715278 0.327423 0.029514 0.028369
68 0.714410 0.291962 0.031250 0.035461
915 0.716146 0.256501 0.027778 0.030733
52 0.716146 0.219858 0.029514 0.035461
225 0.714410 0.179669 0.026042 0.042553
541 0.711806 0.133570 0.032986 0.037825
914 0.769097 0.930260 0.024306 0.037825
914 0.768229 0.892435 0.020833 0.030733
914 0.768229 0.860520 0.026042 0.028369
222 0.769965 0.820331 0.026042 0.040189
20 0.769097 0.784870 0.029514 0.028369
139 0.766493 0.711584 0.029514 0.033097
174 0.767361 0.674941 0.026042 0.035461
103 0.766493 0.632388 0.029514 0.037825
127 0.766493 0.591017 0.029514 0.037825
29 0.766493 0.547281 0.024306 0.037825
28 0.765625 0.511820 0.029514 0.028369
102 0.767361 0.478723 0.029514 0.030733
101 0.763889 0.437352 0.027778 0.040189
531 0.764757 0.400709 0.024306 0.028369
47 0.764757 0.371158 0.029514 0.033097
19 0.765625 0.329787 0.026042 0.042553
29 0.764757 0.288416 0.031250 0.035461
28 0.765625 0.250591 0.031250 0.037825
202 0.763021 0.209220 0.027778 0.037825
52 0.763021 0.170213 0.020833 0.035461
177 0.762153 0.132388 0.027778 0.035461
29 0.812500 0.891253 0.022569 0.035461
28 0.812500 0.852246 0.029514 0.040189
139 0.811632 0.786052 0.026042 0.026005
913 0.812500 0.752955 0.026042 0.033097
271 0.812500 0.715130 0.031250 0.035461
171 0.815104 0.677305 0.027778 0.030733
170 0.815104 0.639480 0.027778 0.037825
75 0.814236 0.600473 0.027778 0.033097
4 0.813368 0.563830 0.029514 0.033097
123 0.812500 0.528369 0.026042 0.035461
912 0.812500 0.491726 0.029514 0.030733
52 0.810764 0.458629 0.029514 0.033097
220 0.813368 0.425532 0.027778 0.030733
75 0.812500 0.395981 0.029514 0.026005
158 0.812500 0.367612 0.027778 0.030733
102 0.811632 0.330969 0.026042 0.035461
101 0.811632 0.294326 0.027778 0.030733
178 0.809896 0.230496 0.031250 0.028369
52 0.809896 0.197400 0.026042 0.035461
168 0.809896 0.163121 0.029514 0.026005
93 0.809896 0.137116 0.027778 0.033097
