572 0.275174 0.853428 0.027778 0.035461
35 0.274306 0.814421 0.029514 0.037825
69 0.276042 0.778960 0.034722 0.030733
464 0.276042 0.741135 0.027778 0.040189
56 0.278646 0.698582 0.026042 0.033097
128 0.279514 0.659574 0.029514 0.037825
52 0.280382 0.621749 0.027778 0.033097
89 0.281250 0.582742 0.027778 0.040189
19 0.281250 0.546099 0.027778 0.030733
123 0.282118 0.510638 0.027778 0.035461
13 0.282986 0.478723 0.029514 0.028369
108 0.282986 0.449173 0.029514 0.028369
211 0.283854 0.416076 0.031250 0.033097
210 0.284722 0.379433 0.027778 0.035461
120 0.286458 0.347518 0.026042 0.028369
197 0.287326 0.314421 0.027778 0.033097
56 0.288194 0.280142 0.027778 0.033097
128 0.289931 0.248227 0.024306 0.026005
52 0.291667 0.215130 0.029514 0.035461
89 0.289931 0.179669 0.032986 0.035461
148 0.289931 0.141844 0.032986 0.033097
216 0.291667 0.106383 0.031250 0.033097
109 0.291667 0.068558 0.029514 0.035461
167 0.322917 0.882979 0.024306 0.030733
176 0.321181 0.852246 0.029514 0.028369
519 0.322049 0.815603 0.024306 0.037825
109 0.322917 0.781324 0.026042 0.030733
133 0.324653 0.744681 0.029514 0.037825
75 0.325521 0.709220 0.024306 0.030733
786 0.325521 0.679669 0.027778 0.026005
85 0.325521 0.648936 0.029514 0.033097
786 0.327257 0.613475 0.027778 0.033097
773 0.328993 0.580378 0.026042 0.026005
83 0.329861 0.548463 0.026042 0.033097
65 0.329861 0.514184 0.027778 0.033097
15 0.333333 0.479905 0.026042 0.028369
22 0.332465 0.446809 0.024306 0.033097
64 0.331597 0.408983 0.029514 0.037825
261 0.331597 0.371158 0.031250 0.035461
22 0.333333 0.333333 0.026042 0.035461
133 0.334201 0.289598 0.026042 0.044917
196 0.334201 0.250591 0.029514 0.033097
7 0.335069 0.219858 0.027778 0.028369
709 0.336806 0.186761 0.029514 0.033097
52 0.336806 0.151300 0.029514 0.037825
773 0.335938 0.111111 0.029514 0.037825
153 0.336806 0.070922 0.029514 0.037825
28 0.368924 0.888889 0.029514 0.028369
7 0.368924 0.861702 0.031250 0.026005
132 0.368924 0.829787 0.026042 0.035461
65 0.369792 0.791962 0.027778 0.037825
109 0.372396 0.754137 0.029514 0.035461
22 0.372396 0.717494 0.031250 0.035461
568 0.374132 0.685579 0.026042 0.028369
111 0.374132 0.657210 0.024306 0.028369
22 0.374132 0.621749 0.026042 0.035461
350 0.373264 0.580378 0.031250 0.042553
532 0.375868 0.536643 0.029514 0.042553
525 0.375000 0.495272 0.029514 0.035461
701 0.376736 0.455083 0.026042 0.040189
236 0.376736 0.414894 0.029514 0.040189
13 0.378472 0.374704 0.024306 0.037825
54 0.378472 0.336879 0.026042 0.035461
105 0.380208 0.303783 0.027778 0.033097
106 0.379340 0.270686 0.031250 0.030733
105 0.380208 0.239953 0.027778 0.030733
133 0.381944 0.205674 0.029514 0.030733
176 0.382812 0.172577 0.027778 0.030733
70 0.383681 0.138298 0.024306 0.028369
11 0.383681 0.108747 0.026042 0.037825
4 0.384549 0.070922 0.026042 0.035461
444 0.417535 0.888889 0.027778 0.028369
157 0.417535 0.858156 0.029514 0.030733
356 0.416667 0.825059 0.034722 0.035461
64 0.416667 0.786052 0.029514 0.035461
549 0.417535 0.743499 0.026042 0.042553
11 0.417535 0.703310 0.027778 0.035461
4 0.419271 0.666667 0.026042 0.033097
83 0.421875 0.631206 0.027778 0.035461
13 0.424479 0.594563 0.031250 0.035461
98 0.423611 0.562648 0.027778 0.026005
701 0.423611 0.529551 0.024306 0.035461
98 0.424479 0.491726 0.031250 0.040189
691 0.424479 0.449173 0.031250 0.044917
88 0.424479 0.407801 0.029514 0.033097
83 0.426215 0.367612 0.031250 0.040189
624 0.425347 0.329787 0.031250 0.030733
9 0.426215 0.299054 0.029514 0.028369
75 0.427083 0.271868 0.024306 0.028369
444 0.427951 0.238771 0.024306 0.035461
74 0.429688 0.208038 0.027778 0.026005
34 0.428819 0.177305 0.026042 0.030733
65 0.427951 0.143026 0.024306 0.028369
133 0.427951 0.109929 0.029514 0.030733
791 0.428819 0.078014 0.027778 0.030733
56 0.464410 0.887707 0.024306 0.026005
56 0.464410 0.856974 0.027778 0.033097
56 0.464410 0.826241 0.027778 0.033097
56 0.464410 0.789598 0.026042 0.035461
142 0.465278 0.754137 0.024306 0.033097
104 0.466146 0.723404 0.029514 0.028369
142 0.466146 0.689125 0.027778 0.037825
252 0.467014 0.650118 0.027778 0.040189
5 0.467014 0.611111 0.026042 0.033097
105 0.467014 0.578014 0.024306 0.028369
14 0.467014 0.543735 0.027778 0.037825
249 0.465278 0.504728 0.027778 0.033097
104 0.467014 0.470449 0.026042 0.035461
15 0.466146 0.434988 0.026042 0.033097
773 0.467014 0.399527 0.026042 0.033097
83 0.467014 0.365248 0.024306 0.037825
524 0.467882 0.332151 0.020833 0.028369
51 0.467882 0.302600 0.022569 0.033097
9 0.468750 0.269504 0.022569 0.030733
457 0.468750 0.238771 0.019097 0.028369
456 0.467014 0.211584 0.022569 0.026005
146 0.467882 0.180851 0.022569 0.033097
479 0.468750 0.148936 0.022569 0.030733
46 0.468750 0.118203 0.019097 0.028369
148 0.468750 0.087470 0.020833 0.030733
786 0.677083 0.731678 0.022569 0.030733
251 0.676215 0.699764 0.026042 0.030733
615 0.674479 0.666667 0.026042 0.033097
54 0.673611 0.627660 0.027778 0.040189
479 0.672743 0.586288 0.026042 0.033097
163 0.671007 0.553191 0.024306 0.033097
214 0.668403 0.523641 0.027778 0.026005
85 0.668403 0.494090 0.027778 0.035461
5 0.730903 0.884161 0.026042 0.030733
93 0.729167 0.852246 0.027778 0.033097
787 0.727431 0.819149 0.029514 0.026005
5 0.727431 0.786052 0.026042 0.033097
787 0.724826 0.751773 0.026042 0.028369
62 0.743056 0.163121 0.029514 0.033097
249 0.741319 0.130024 0.027778 0.030733
187 0.741319 0.099291 0.026042 0.030733
523 0.739583 0.067376 0.027778 0.028369
133 0.811632 0.676123 0.029514 0.037825
292 0.810764 0.640662 0.024306 0.033097
109 0.810764 0.607565 0.022569 0.030733
127 0.806424 0.574468 0.029514 0.030733
29 0.805556 0.537825 0.024306 0.035461
28 0.803819 0.498818 0.024306 0.033097
75 0.802951 0.464539 0.024306 0.026005
64 0.801215 0.430260 0.026042 0.037825
2 0.800347 0.394799 0.027778 0.033097
133 0.797743 0.364066 0.022569 0.026005
58 0.796875 0.330969 0.022569 0.035461
9 0.795139 0.289598 0.029514 0.040189
62 0.793403 0.250591 0.027778 0.035461
256 0.859375 0.670213 0.022569 0.030733
75 0.857639 0.638298 0.022569 0.026005
357 0.857639 0.607565 0.027778 0.030733
176 0.856771 0.573286 0.026042 0.028369
64 0.854167 0.543735 0.029514 0.023641
26 0.854167 0.509456 0.029514 0.037825
54 0.850694 0.470449 0.027778 0.030733
142 0.851562 0.440898 0.027778 0.028369
153 0.849826 0.407801 0.029514 0.035461
98 0.847222 0.377069 0.026042 0.028369
435 0.846354 0.345154 0.024306 0.030733
214 0.844618 0.313239 0.027778 0.030733
292 0.842014 0.281324 0.026042 0.028369
206 0.904514 0.677305 0.026042 0.023641
198 0.902778 0.647754 0.022569 0.033097
29 0.901910 0.611111 0.027778 0.037825
28 0.901042 0.572104 0.029514 0.030733
75 0.899306 0.539007 0.029514 0.033097
54 0.897569 0.516548 0.029514 0.028369
201 0.896701 0.489362 0.027778 0.021277
22 0.897569 0.463357 0.026042 0.033097
54 0.895833 0.430260 0.026042 0.033097
142 0.895833 0.395981 0.024306 0.030733
33 0.894097 0.362884 0.022569 0.023641
22 0.891493 0.329787 0.022569 0.033097
54 0.890625 0.293144 0.026042 0.035461
142 0.888021 0.251773 0.027778 0.033097
153 0.887153 0.222222 0.020833 0.021277
647 0.886285 0.192671 0.020833 0.033097
