0 0.092882 0.943262 0.029514 0.033097
0 0.093750 0.906619 0.031250 0.037825
0 0.093750 0.869976 0.031250 0.030733
0 0.092014 0.834515 0.026042 0.030733
0 0.092882 0.801418 0.024306 0.028369
0 0.092014 0.770686 0.022569 0.028369
0 0.091146 0.742317 0.027778 0.030733
0 0.092882 0.704492 0.026042 0.040189
0 0.093750 0.663121 0.031250 0.035461
0 0.092882 0.622931 0.029514 0.040189
0 0.094618 0.581560 0.027778 0.037825
0 0.093750 0.543735 0.031250 0.035461
0 0.094618 0.505910 0.029514 0.037825
0 0.093750 0.464539 0.026042 0.037825
0 0.096354 0.425532 0.031250 0.037825
0 0.094618 0.384161 0.027778 0.037825
0 0.095486 0.341608 0.027778 0.035461
0 0.095486 0.306147 0.031250 0.030733
0 0.097222 0.271868 0.032986 0.035461
0 0.096354 0.232861 0.029514 0.033097
0 0.097222 0.198582 0.026042 0.028369
0 0.098090 0.169031 0.031250 0.030733
0 0.097222 0.132388 0.031250 0.030733
0 0.140625 0.911348 0.029514 0.033097
0 0.139757 0.878251 0.031250 0.030733
0 0.138021 0.845154 0.022569 0.030733
0 0.138021 0.810875 0.027778 0.028369
0 0.137153 0.781324 0.026042 0.028369
0 0.137153 0.749409 0.029514 0.033097
0 0.138021 0.713948 0.026042 0.035461
0 0.139757 0.678487 0.032986 0.030733
0 0.139757 0.641844 0.026042 0.037825
0 0.140625 0.605201 0.032986 0.030733
0 0.140625 0.569740 0.027778 0.037825
0 0.139757 0.527187 0.031250 0.047281
0 0.140625 0.476359 0.032986 0.044917
0 0.140625 0.434988 0.031250 0.030733
0 0.140625 0.401891 0.029514 0.030733
0 0.141493 0.364066 0.026042 0.040189
0 0.142361 0.326241 0.031250 0.030733
0 0.141493 0.287234 0.029514 0.042553
0 0.139757 0.245863 0.024306 0.033097
0 0.140625 0.209220 0.029514 0.037825
0 0.139757 0.171395 0.024306 0.035461
0 0.139757 0.130024 0.032986 0.035461
0 0.189236 0.946809 0.029514 0.033097
0 0.189236 0.912530 0.024306 0.030733
0 0.188368 0.880615 0.031250 0.030733
0 0.187500 0.847518 0.022569 0.030733
0 0.188368 0.816785 0.026042 0.026005
0 0.185764 0.788416 0.024306 0.030733
0 0.185764 0.756501 0.027778 0.026005
0 0.185764 0.725768 0.029514 0.033097
0 0.186632 0.691489 0.029514 0.035461
0 0.186632 0.656028 0.027778 0.035461
0 0.186632 0.617021 0.029514 0.037825
0 0.188368 0.578014 0.027778 0.037825
0 0.190104 0.541371 0.027778 0.033097
0 0.188368 0.500000 0.029514 0.042553
0 0.188368 0.457447 0.029514 0.030733
0 0.187500 0.424350 0.027778 0.033097
0 0.187500 0.386525 0.026042 0.035461
0 0.186632 0.348700 0.032986 0.035461
0 0.188368 0.306147 0.027778 0.044917
0 0.188368 0.264775 0.029514 0.030733
0 0.187500 0.230496 0.024306 0.030733
0 0.189236 0.199764 0.022569 0.026005
0 0.188368 0.172577 0.022569 0.028369
0 0.187500 0.135934 0.026042 0.042553
0 0.233507 0.949173 0.027778 0.030733
0 0.235243 0.920804 0.027778 0.026005
0 0.235243 0.894799 0.027778 0.028369
0 0.235243 0.856974 0.027778 0.040189
0 0.234375 0.817967 0.029514 0.033097
0 0.231771 0.781324 0.029514 0.030733
0 0.232639 0.750591 0.022569 0.028369
0 0.233507 0.721040 0.026042 0.028369
0 0.235243 0.684397 0.031250 0.033097
0 0.236111 0.651300 0.027778 0.028369
0 0.236111 0.618203 0.029514 0.035461
0 0.235243 0.575650 0.027778 0.042553
0 0.233507 0.535461 0.031250 0.035461
0 0.234375 0.495272 0.034722 0.037825
0 0.233507 0.452719 0.024306 0.035461
0 0.234375 0.416076 0.032986 0.026005
0 0.233507 0.377069 0.026042 0.037825
0 0.234375 0.345154 0.027778 0.026005
0 0.231771 0.309693 0.026042 0.035461
0 0.234375 0.275414 0.027778 0.030733
0 0.232639 0.237589 0.027778 0.040189
0 0.233507 0.198582 0.027778 0.033097
0 0.233507 0.165485 0.029514 0.030733
0 0.230903 0.130024 0.024306 0.030733
0 0.284722 0.939716 0.026042 0.028369
0 0.283854 0.908983 0.027778 0.030733
0 0.282118 0.877069 0.024306 0.028369
0 0.282986 0.848700 0.020833 0.026005
0 0.281250 0.817967 0.024306 0.028369
0 0.282118 0.777778 0.027778 0.040189
0 0.282118 0.743499 0.027778 0.028369
0 0.281250 0.709220 0.026042 0.035461
0 0.282986 0.672577 0.031250 0.040189
0 0.282118 0.628842 0.029514 0.035461
0 0.282118 0.591017 0.031250 0.033097
0 0.281250 0.560284 0.026042 0.028369
0 0.282118 0.531915 0.022569 0.028369
0 0.281250 0.503546 0.027778 0.028369
0 0.282118 0.471631 0.032986 0.028369
0 0.280382 0.433806 0.032986 0.042553
0 0.281250 0.388889 0.031250 0.035461
0 0.280382 0.354610 0.024306 0.028369
0 0.280382 0.322695 0.027778 0.030733
0 0.280382 0.286052 0.027778 0.035461
0 0.280382 0.249409 0.031250 0.030733
0 0.279514 0.219858 0.026042 0.026005
0 0.279514 0.190307 0.022569 0.028369
0 0.278646 0.161939 0.024306 0.026005
0 0.279514 0.128842 0.032986 0.033097
0 0.328993 0.933806 0.024306 0.033097
0 0.329861 0.899527 0.026042 0.030733
0 0.328125 0.866430 0.027778 0.035461
0 0.328993 0.827423 0.024306 0.035461
0 0.328125 0.790780 0.027778 0.033097
0 0.328993 0.755319 0.027778 0.030733
0 0.328125 0.723404 0.029514 0.026005
0 0.327257 0.690307 0.024306 0.035461
0 0.328125 0.654846 0.027778 0.030733
0 0.328993 0.621749 0.027778 0.030733
0 0.328125 0.593381 0.029514 0.026005
0 0.327257 0.561466 0.027778 0.033097
0 0.326389 0.526005 0.027778 0.028369
0 0.328125 0.491726 0.027778 0.037825
0 0.327257 0.450355 0.027778 0.042553
0 0.327257 0.411348 0.031250 0.033097
0 0.327257 0.372340 0.027778 0.040189
0 0.325521 0.330969 0.027778 0.035461
0 0.326389 0.294326 0.024306 0.033097
0 0.326389 0.262411 0.026042 0.026005
0 0.326389 0.229314 0.027778 0.033097
0 0.325521 0.196217 0.026042 0.030733
0 0.326389 0.163121 0.022569 0.028369
0 0.326389 0.131206 0.029514 0.035461
0 0.373264 0.924350 0.022569 0.030733
0 0.372396 0.892435 0.022569 0.028369
0 0.370660 0.864066 0.020833 0.028369
0 0.370660 0.830969 0.026042 0.033097
0 0.369792 0.799054 0.019097 0.026005
0 0.371528 0.765957 0.026042 0.035461
0 0.369792 0.729314 0.029514 0.035461
0 0.369792 0.692671 0.029514 0.035461
0 0.370660 0.653664 0.024306 0.035461
0 0.370660 0.618203 0.020833 0.033097
0 0.370660 0.581560 0.022569 0.037825
0 0.370660 0.549645 0.027778 0.026005
0 0.370660 0.521277 0.027778 0.030733
0 0.368924 0.486998 0.029514 0.033097
0 0.369792 0.455083 0.027778 0.033097
0 0.368924 0.419622 0.026042 0.037825
0 0.368924 0.384161 0.026042 0.033097
0 0.370660 0.345154 0.027778 0.040189
0 0.368924 0.307329 0.022569 0.033097
0 0.368924 0.274232 0.031250 0.026005
0 0.368924 0.245863 0.027778 0.028369
0 0.368924 0.204492 0.024306 0.040189
0 0.367188 0.167849 0.022569 0.030733
0 0.367188 0.135934 0.026042 0.033097
0 0.414062 0.918440 0.020833 0.033097
0 0.412326 0.886525 0.024306 0.030733
0 0.412326 0.852246 0.022569 0.037825
0 0.412326 0.814421 0.026042 0.033097
0 0.411458 0.782506 0.024306 0.028369
0 0.411458 0.749409 0.020833 0.030733
0 0.412326 0.713948 0.024306 0.033097
0 0.411458 0.683215 0.026042 0.028369
0 0.412326 0.651300 0.026042 0.028369
0 0.410590 0.617021 0.024306 0.035461
0 0.409722 0.580378 0.026042 0.033097
0 0.409722 0.541371 0.026042 0.037825
0 0.409722 0.503546 0.027778 0.030733
0 0.409722 0.465721 0.024306 0.040189
0 0.407986 0.424350 0.024306 0.033097
0 0.409722 0.386525 0.027778 0.035461
0 0.407986 0.347518 0.024306 0.040189
0 0.407986 0.313239 0.022569 0.023641
0 0.407986 0.278960 0.024306 0.042553
0 0.408854 0.238771 0.022569 0.030733
0 0.409722 0.208038 0.022569 0.030733
0 0.408854 0.174941 0.022569 0.030733
0 0.407986 0.141844 0.022569 0.030733
0 0.447049 0.898345 0.019097 0.028369
0 0.447049 0.865248 0.019097 0.033097
0 0.446181 0.830969 0.020833 0.030733
0 0.445312 0.801418 0.017361 0.026005
0 0.445312 0.774232 0.019097 0.023641
0 0.444444 0.749409 0.017361 0.026005
0 0.444444 0.721040 0.019097 0.023641
0 0.445312 0.690307 0.019097 0.030733
0 0.444444 0.654846 0.019097 0.028369
0 0.444444 0.624113 0.019097 0.030733
0 0.444444 0.591017 0.017361 0.030733
0 0.444444 0.556738 0.019097 0.033097
0 0.444444 0.523641 0.019097 0.028369
0 0.443576 0.490544 0.019097 0.028369
0 0.443576 0.452719 0.017361 0.030733
0 0.442708 0.417258 0.019097 0.033097
0 0.442708 0.380615 0.017361 0.033097
0 0.443576 0.345154 0.019097 0.035461
0 0.442708 0.313239 0.019097 0.026005
0 0.440972 0.286052 0.017361 0.023641
0 0.441840 0.254137 0.015625 0.023641
0 0.440972 0.223404 0.015625 0.030733
0 0.441840 0.190307 0.015625 0.028369
0 0.510417 0.851064 0.020833 0.035461
0 0.510417 0.817967 0.022569 0.026005
0 0.511285 0.784870 0.024306 0.035461
0 0.510417 0.750591 0.022569 0.030733
0 0.508681 0.713948 0.022569 0.033097
0 0.507812 0.680851 0.020833 0.028369
0 0.506944 0.650118 0.022569 0.028369
0 0.505208 0.619385 0.022569 0.026005
0 0.503472 0.582742 0.022569 0.035461
0 0.503472 0.547281 0.022569 0.030733
0 0.502604 0.514184 0.026042 0.028369
0 0.501736 0.486998 0.026042 0.028369
0 0.500868 0.453901 0.024306 0.035461
0 0.500000 0.419622 0.020833 0.028369
0 0.500000 0.387707 0.020833 0.033097
0 0.499132 0.351064 0.024306 0.033097
0 0.497396 0.316785 0.020833 0.030733
0 0.497396 0.284870 0.022569 0.030733
0 0.494792 0.249409 0.022569 0.033097
0 0.495660 0.215130 0.024306 0.035461
0 0.493924 0.180851 0.024306 0.030733
0 0.546875 0.834515 0.026042 0.030733
0 0.547743 0.769504 0.026042 0.030733
0 0.545139 0.737589 0.022569 0.026005
0 0.545139 0.708038 0.026042 0.028369
0 0.543403 0.674941 0.024306 0.033097
0 0.541667 0.643026 0.026042 0.028369
0 0.541667 0.607565 0.027778 0.035461
0 0.538194 0.573286 0.024306 0.033097
0 0.538194 0.533097 0.026042 0.042553
0 0.536458 0.495272 0.022569 0.033097
0 0.534722 0.458629 0.024306 0.033097
0 0.533854 0.425532 0.024306 0.026005
0 0.532118 0.390071 0.020833 0.037825
0 0.532118 0.347518 0.022569 0.040189
0 0.530382 0.312057 0.024306 0.023641
0 0.528646 0.283688 0.022569 0.026005
0 0.583333 0.721040 0.024306 0.035461
0 0.581597 0.685579 0.020833 0.028369
0 0.581597 0.651300 0.020833 0.035461
0 0.578993 0.607565 0.024306 0.037825
0 0.578125 0.570922 0.024306 0.028369
0 0.577257 0.536643 0.026042 0.035461
0 0.575521 0.500000 0.026042 0.028369
0 0.575521 0.470449 0.027778 0.030733
0 0.574653 0.432624 0.026042 0.042553
0 0.573785 0.387707 0.027778 0.040189
0 0.571181 0.353428 0.027778 0.021277
0 0.572049 0.326241 0.029514 0.033097
0 0.569444 0.288416 0.027778 0.035461
0 0.567708 0.250591 0.026042 0.030733
0 0.628472 0.769504 0.022569 0.026005
0 0.627604 0.734043 0.029514 0.030733
0 0.625000 0.698582 0.026042 0.033097
0 0.625868 0.661939 0.024306 0.033097
0 0.624132 0.627660 0.029514 0.033097
0 0.621528 0.592199 0.029514 0.033097
0 0.623264 0.557920 0.031250 0.030733
0 0.619792 0.524823 0.024306 0.030733
0 0.619792 0.494090 0.024306 0.028369
0 0.617188 0.465721 0.024306 0.026005
0 0.616319 0.436170 0.027778 0.030733
0 0.616319 0.401891 0.026042 0.035461
0 0.615451 0.365248 0.029514 0.033097
0 0.612847 0.328605 0.026042 0.033097
0 0.611979 0.289598 0.029514 0.044917
207 0.672743 0.777778 0.032986 0.042553
280 0.670139 0.736407 0.024306 0.035461
160 0.671875 0.702128 0.022569 0.030733
159 0.669271 0.673759 0.020833 0.023641
28 0.669271 0.635934 0.027778 0.042553
1079 0.667535 0.598109 0.027778 0.030733
1078 0.665799 0.565012 0.022569 0.028369
146 0.665799 0.531915 0.026042 0.028369
28 0.663194 0.503546 0.024306 0.028369
0 0.662326 0.470449 0.027778 0.030733
0 0.661458 0.432624 0.026042 0.037825
0 0.660590 0.397163 0.027778 0.030733
0 0.659722 0.367612 0.031250 0.023641
0 0.657986 0.334515 0.022569 0.033097
0 0.656250 0.301418 0.031250 0.026005
0 0.654514 0.269504 0.029514 0.033097
1588 0.717882 0.789598 0.027778 0.037825
1588 0.717882 0.751773 0.029514 0.030733
77 0.716146 0.715130 0.027778 0.033097
180 0.714410 0.679669 0.026042 0.026005
1075 0.711806 0.651300 0.027778 0.026005
330 0.711806 0.625296 0.031250 0.023641
230 0.710938 0.596927 0.026042 0.030733
100 0.710069 0.559102 0.026042 0.040189
1569 0.707465 0.517730 0.026042 0.042553
91 0.706597 0.477541 0.029514 0.033097
199 0.703993 0.445626 0.022569 0.028369
31 0.703125 0.416076 0.027778 0.028369
163 0.703993 0.380615 0.029514 0.033097
198 0.702257 0.340426 0.029514 0.042553
10 0.701389 0.297872 0.024306 0.035461
202 0.700521 0.255319 0.027778 0.040189
203 0.763021 0.781324 0.027778 0.033097
21 0.762153 0.751773 0.029514 0.023641
257 0.759549 0.716312 0.024306 0.040189
100 0.758681 0.676123 0.031250 0.037825
266 0.757812 0.640662 0.022569 0.026005
1586 0.757812 0.607565 0.024306 0.035461
875 0.755208 0.573286 0.027778 0.030733
106 0.753472 0.536643 0.031250 0.037825
281 0.750868 0.496454 0.031250 0.037825
770 0.750868 0.464539 0.029514 0.028369
449 0.750868 0.431442 0.027778 0.033097
43 0.749132 0.397163 0.031250 0.028369
266 0.748264 0.360520 0.026042 0.037825
1587 0.746528 0.321513 0.029514 0.035461
15 0.744792 0.282506 0.027778 0.037825
1488 0.809028 0.865248 0.027778 0.037825
1252 0.809028 0.825059 0.022569 0.028369
172 0.808160 0.790780 0.026042 0.037825
171 0.805556 0.743499 0.026042 0.042553
657 0.805556 0.706856 0.026042 0.028369
136 0.805556 0.671395 0.029514 0.033097
466 0.802083 0.635934 0.022569 0.028369
192 0.800347 0.607565 0.027778 0.028369
190 0.800347 0.569740 0.027778 0.040189
203 0.802083 0.533097 0.031250 0.028369
166 0.800347 0.503546 0.029514 0.030733
1012 0.799479 0.469267 0.031250 0.030733
78 0.796007 0.437352 0.027778 0.030733
653 0.796007 0.408983 0.026042 0.026005
127 0.793403 0.381797 0.026042 0.028369
35 0.793403 0.348700 0.029514 0.035461
1585 0.792535 0.312057 0.026042 0.030733
100 0.790799 0.276596 0.027778 0.030733
43 0.790799 0.245863 0.029514 0.026005
266 0.789931 0.213948 0.027778 0.037825
66 0.789931 0.174941 0.029514 0.033097
150 0.855903 0.868794 0.022569 0.026005
1476 0.855035 0.838061 0.022569 0.030733
154 0.853299 0.807329 0.022569 0.030733
77 0.853299 0.769504 0.022569 0.035461
88 0.853299 0.736407 0.026042 0.026005
43 0.852431 0.704492 0.027778 0.033097
1584 0.852431 0.665485 0.029514 0.035461
91 0.849826 0.630024 0.026042 0.035461
199 0.849826 0.595745 0.029514 0.030733
237 0.848958 0.565012 0.031250 0.028369
236 0.847222 0.535461 0.031250 0.028369
182 0.846354 0.498818 0.026042 0.035461
44 0.842882 0.462175 0.022569 0.033097
77 0.842882 0.427896 0.026042 0.033097
163 0.842014 0.394799 0.031250 0.028369
46 0.840278 0.364066 0.029514 0.028369
180 0.840278 0.333333 0.027778 0.030733
859 0.838542 0.297872 0.026042 0.033097
46 0.836806 0.263593 0.026042 0.028369
115 0.837674 0.234043 0.024306 0.030733
183 0.836806 0.200946 0.027778 0.033097
