0 0.103066 0.884709 0.028961 0.021845
0 0.103918 0.811893 0.025554 0.036408
0 0.106474 0.771845 0.030664 0.029126
0 0.104770 0.741505 0.023850 0.026699
0 0.104770 0.709951 0.028961 0.029126
0 0.105622 0.672330 0.025554 0.033981
0 0.107325 0.634709 0.023850 0.031553
0 0.109029 0.599515 0.022147 0.033981
0 0.109881 0.561893 0.027257 0.036408
0 0.110733 0.526699 0.030664 0.024272
0 0.110733 0.493932 0.028961 0.033981
0 0.114140 0.452670 0.030664 0.031553
0 0.113288 0.418689 0.027257 0.031553
0 0.114991 0.385922 0.022147 0.031553
0 0.116695 0.351942 0.030664 0.029126
0 0.115843 0.320388 0.022147 0.026699
0 0.117547 0.285194 0.022147 0.033981
0 0.120102 0.247573 0.025554 0.033981
0 0.120102 0.214806 0.028961 0.026699
0 0.149063 0.900485 0.028961 0.036408
0 0.149063 0.867718 0.023850 0.016990
0 0.149915 0.836165 0.025554 0.036408
0 0.150767 0.762136 0.018739 0.026699
0 0.151618 0.731796 0.020443 0.026699
0 0.149915 0.702670 0.025554 0.026699
0 0.153322 0.672330 0.025554 0.029126
0 0.153322 0.639563 0.025554 0.031553
0 0.154174 0.599515 0.025554 0.033981
0 0.155026 0.560680 0.020443 0.033981
0 0.156729 0.524272 0.030664 0.026699
0 0.157581 0.490291 0.028961 0.033981
0 0.159284 0.451456 0.027257 0.041262
0 0.160988 0.407767 0.027257 0.038835
0 0.162692 0.367718 0.027257 0.033981
0 0.164395 0.333738 0.023850 0.031553
0 0.165247 0.298544 0.028961 0.033981
0 0.166099 0.259709 0.032368 0.031553
0 0.166099 0.224515 0.030664 0.033981
0 0.194208 0.833738 0.022147 0.033981
0 0.195060 0.788835 0.028961 0.043689
0 0.196763 0.745146 0.023850 0.033981
0 0.198467 0.709951 0.030664 0.031553
0 0.197615 0.677184 0.023850 0.031553
0 0.200170 0.641990 0.025554 0.038835
0 0.203578 0.601942 0.028961 0.038835
0 0.203578 0.560680 0.027257 0.033981
0 0.202726 0.523058 0.030664 0.036408
0 0.205281 0.484223 0.027257 0.033981
0 0.205281 0.449029 0.028961 0.031553
0 0.206985 0.416262 0.022147 0.029126
0 0.208688 0.385922 0.020443 0.029126
0 0.206133 0.355583 0.030664 0.031553
0 0.210392 0.319175 0.027257 0.036408
0 0.209540 0.275485 0.027257 0.038835
0 0.212095 0.236650 0.020443 0.033981
0 0.240204 0.756068 0.023850 0.041262
0 0.241056 0.718447 0.027257 0.029126
0 0.241056 0.679612 0.025554 0.038835
0 0.241908 0.638350 0.025554 0.033981
0 0.247019 0.601942 0.028961 0.036408
0 0.247019 0.563107 0.027257 0.038835
0 0.250426 0.520631 0.030664 0.036408
0 0.249574 0.480583 0.027257 0.038835
0 0.251278 0.439320 0.023850 0.036408
0 0.252981 0.400485 0.030664 0.033981
0 0.253833 0.364078 0.023850 0.029126
0 0.255537 0.333738 0.020443 0.029126
0 0.258092 0.293689 0.027257 0.043689
0 0.286201 0.838592 0.027257 0.036408
0 0.286201 0.798544 0.030664 0.038835
0 0.289608 0.756068 0.034072 0.036408
0 0.287053 0.717233 0.032368 0.031553
0 0.287905 0.680825 0.028961 0.033981
0 0.289608 0.644417 0.030664 0.036408
0 0.291312 0.606796 0.025554 0.031553
0 0.294719 0.569175 0.027257 0.036408
0 0.297274 0.529126 0.027257 0.038835
0 0.296422 0.481796 0.028961 0.043689
0 0.298126 0.441748 0.028961 0.031553
0 0.298978 0.405340 0.028961 0.031553
0 0.299830 0.370146 0.025554 0.036408
0 0.301533 0.328883 0.028961 0.041262
0 0.303237 0.286408 0.027257 0.041262
0 0.302385 0.247573 0.022147 0.031553
0 0.337308 0.733010 0.034072 0.031553
0 0.338160 0.697816 0.028961 0.031553
0 0.339864 0.661408 0.028961 0.036408
0 0.341567 0.626214 0.023850 0.019417
0 0.343271 0.593447 0.027257 0.033981
0 0.342419 0.555825 0.027257 0.031553
0 0.343271 0.521845 0.020443 0.026699
0 0.345826 0.491505 0.020443 0.026699
0 0.346678 0.462379 0.022147 0.029126
0 0.349233 0.427184 0.028961 0.031553
0 0.350937 0.381068 0.025554 0.043689
0 0.350085 0.338592 0.023850 0.029126
0 0.350937 0.303398 0.028961 0.036408
0 0.352641 0.270631 0.022147 0.024272
0 0.353492 0.241505 0.030664 0.036408
0 0.354344 0.192961 0.028961 0.043689
0 0.354344 0.150485 0.023850 0.033981
0 0.382453 0.763350 0.027257 0.026699
0 0.384157 0.722087 0.025554 0.048544
0 0.384157 0.675971 0.025554 0.036408
0 0.385860 0.638350 0.025554 0.036408
0 0.387564 0.593447 0.030664 0.043689
0 0.390971 0.547330 0.022147 0.041262
0 0.390119 0.507282 0.025554 0.029126
0 0.391823 0.478155 0.027257 0.026699
0 0.393526 0.447816 0.030664 0.029126
0 0.394378 0.390777 0.027257 0.029126
0 0.395230 0.355583 0.027257 0.029126
0 0.396082 0.324029 0.030664 0.026699
0 0.396082 0.293689 0.032368 0.026699
0 0.395230 0.263350 0.022147 0.029126
0 0.397785 0.228155 0.023850 0.036408
0 0.398637 0.190534 0.027257 0.033981
0 0.399489 0.151699 0.028961 0.033981
0 0.428450 0.750000 0.028961 0.026699
0 0.428450 0.719660 0.027257 0.029126
0 0.431005 0.685680 0.027257 0.033981
0 0.431857 0.650485 0.028961 0.029126
0 0.431857 0.620146 0.027257 0.026699
0 0.433560 0.591019 0.020443 0.026699
0 0.434412 0.555825 0.020443 0.033981
0 0.436116 0.520631 0.023850 0.036408
0 0.436968 0.484223 0.022147 0.031553
0 0.436968 0.455097 0.027257 0.026699
0 0.440375 0.427184 0.025554 0.026699
0 0.441227 0.398058 0.027257 0.036408
0 0.441227 0.362864 0.030664 0.033981
0 0.442930 0.321602 0.027257 0.038835
0 0.443782 0.283981 0.028961 0.033981
0 0.443782 0.246359 0.023850 0.036408
0 0.443782 0.208738 0.028961 0.038835
0 0.444634 0.168689 0.023850 0.036408
0 0.474446 0.827670 0.027257 0.033981
0 0.472743 0.793689 0.025554 0.029126
0 0.474446 0.757282 0.022147 0.041262
0 0.473595 0.716019 0.027257 0.036408
0 0.477853 0.679612 0.028961 0.029126
0 0.477002 0.648058 0.025554 0.033981
0 0.477853 0.608010 0.025554 0.038835
0 0.478705 0.567961 0.020443 0.036408
0 0.481261 0.532767 0.028961 0.029126
0 0.480409 0.500000 0.023850 0.029126
0 0.482112 0.468447 0.023850 0.033981
0 0.483816 0.430825 0.020443 0.033981
0 0.484668 0.398058 0.023850 0.031553
0 0.485520 0.358010 0.020443 0.033981
0 0.485520 0.321602 0.022147 0.036408
0 0.486371 0.277913 0.025554 0.041262
0 0.488927 0.236650 0.027257 0.041262
0 0.489779 0.195388 0.023850 0.033981
0 0.489779 0.165049 0.020443 0.021845
0 0.489779 0.137136 0.023850 0.033981
0 0.488075 0.101942 0.025554 0.031553
0 0.560477 0.928398 0.018739 0.026699
0 0.559625 0.901699 0.023850 0.024272
0 0.561329 0.873786 0.027257 0.029126
0 0.561329 0.838592 0.025554 0.031553
0 0.560477 0.802184 0.027257 0.036408
0 0.559625 0.760922 0.027257 0.038835
0 0.559625 0.718447 0.020443 0.033981
0 0.561329 0.682039 0.032368 0.031553
0 0.559625 0.650485 0.025554 0.031553
0 0.559625 0.616505 0.023850 0.031553
0 0.560477 0.580097 0.025554 0.033981
0 0.559625 0.547330 0.020443 0.031553
0 0.562181 0.514563 0.028961 0.031553
0 0.560477 0.481796 0.022147 0.031553
0 0.560477 0.450243 0.023850 0.029126
0 0.559625 0.422330 0.023850 0.031553
0 0.562181 0.383495 0.027257 0.041262
0 0.562181 0.342233 0.022147 0.046117
0 0.560477 0.299757 0.025554 0.036408
0 0.560477 0.260922 0.025554 0.029126
0 0.560477 0.231796 0.025554 0.031553
0 0.561329 0.201456 0.022147 0.026699
0 0.559625 0.168689 0.025554 0.036408
0 0.558773 0.131068 0.025554 0.038835
0 0.559625 0.091019 0.023850 0.033981
0 0.609881 0.928398 0.034072 0.036408
0 0.608177 0.912621 0.028961 0.021845
0 0.608177 0.881068 0.030664 0.033981
0 0.610733 0.843447 0.030664 0.031553
0 0.609029 0.809466 0.022147 0.031553
0 0.609881 0.779126 0.023850 0.031553
0 0.609029 0.742718 0.025554 0.033981
0 0.608177 0.706311 0.030664 0.038835
0 0.609029 0.667476 0.032368 0.033981
0 0.609029 0.628641 0.030664 0.036408
0 0.608177 0.593447 0.025554 0.026699
0 0.609029 0.564320 0.025554 0.026699
0 0.609881 0.531553 0.027257 0.033981
0 0.609881 0.497573 0.027257 0.033981
0 0.609881 0.462379 0.023850 0.036408
0 0.609881 0.425971 0.023850 0.031553
0 0.607325 0.390777 0.027257 0.033981
0 0.609029 0.353155 0.025554 0.041262
0 0.608177 0.311893 0.028961 0.033981
0 0.608177 0.276699 0.027257 0.033981
0 0.608177 0.245146 0.023850 0.029126
0 0.606474 0.213592 0.022147 0.029126
0 0.606474 0.179612 0.027257 0.029126
0 0.604770 0.149272 0.022147 0.026699
0 0.604770 0.115291 0.025554 0.033981
0 0.604770 0.082524 0.023850 0.024272
133 0.656729 0.928398 0.027257 0.029126
133 0.655026 0.898058 0.025554 0.026699
84 0.654174 0.870146 0.023850 0.026699
114 0.653322 0.842233 0.027257 0.031553
129 0.653322 0.808252 0.028961 0.026699
152 0.654174 0.774272 0.025554 0.029126
253 0.653322 0.743932 0.028961 0.031553
133 0.655026 0.709951 0.027257 0.033981
44 0.655877 0.673544 0.028961 0.031553
163 0.653322 0.641990 0.027257 0.024272
584 0.653322 0.609223 0.030664 0.031553
170 0.654174 0.575243 0.027257 0.029126
165 0.655026 0.541262 0.027257 0.031553
130 0.655026 0.506068 0.025554 0.033981
66 0.655026 0.469660 0.027257 0.031553
640 0.652470 0.435680 0.027257 0.036408
68 0.654174 0.401699 0.025554 0.033981
92 0.654174 0.366505 0.032368 0.031553
37 0.652470 0.326456 0.022147 0.041262
91 0.653322 0.290049 0.025554 0.031553
90 0.650767 0.256068 0.022147 0.031553
300 0.653322 0.220874 0.028961 0.036408
167 0.653322 0.184466 0.027257 0.036408
44 0.651618 0.154126 0.023850 0.024272
82 0.649915 0.122573 0.025554 0.033981
812 0.651618 0.086165 0.028961 0.036408
795 0.701022 0.933252 0.028961 0.029126
795 0.703578 0.906553 0.030664 0.026699
795 0.701022 0.875000 0.028961 0.031553
795 0.701874 0.839806 0.028961 0.038835
795 0.699319 0.799757 0.025554 0.033981
857 0.699319 0.760922 0.025554 0.033981
365 0.700170 0.728155 0.022147 0.031553
38 0.700170 0.688107 0.027257 0.038835
37 0.700170 0.646845 0.022147 0.036408
77 0.701874 0.612864 0.025554 0.033981
214 0.699319 0.576456 0.023850 0.031553
213 0.699319 0.542476 0.023850 0.033981
91 0.698467 0.508495 0.028961 0.033981
16 0.697615 0.473301 0.028961 0.036408
45 0.699319 0.436893 0.023850 0.029126
164 0.697615 0.404126 0.025554 0.029126
44 0.695911 0.366505 0.030664 0.038835
163 0.696763 0.327670 0.022147 0.036408
584 0.696763 0.288835 0.022147 0.031553
170 0.697615 0.259709 0.022147 0.024272
66 0.695911 0.231796 0.027257 0.026699
640 0.695060 0.202670 0.022147 0.033981
68 0.694208 0.172330 0.028961 0.024272
837 0.694208 0.140777 0.023850 0.033981
96 0.693356 0.110437 0.022147 0.021845
68 0.692504 0.083738 0.025554 0.029126
176 0.747871 0.929612 0.030664 0.029126
176 0.747871 0.901699 0.025554 0.024272
267 0.747019 0.870146 0.022147 0.033981
108 0.747871 0.838592 0.025554 0.024272
67 0.746167 0.808252 0.027257 0.033981
404 0.747019 0.773058 0.023850 0.038835
856 0.747019 0.739078 0.025554 0.026699
133 0.746167 0.705097 0.030664 0.036408
44 0.743612 0.672330 0.023850 0.026699
163 0.744463 0.633495 0.030664 0.041262
14 0.747019 0.591019 0.025554 0.041262
26 0.746167 0.553398 0.028961 0.029126
239 0.745315 0.513350 0.023850 0.038835
122 0.744463 0.476942 0.023850 0.026699
820 0.743612 0.446602 0.022147 0.026699
570 0.744463 0.413835 0.028961 0.029126
149 0.742760 0.381068 0.025554 0.031553
67 0.741908 0.347087 0.028961 0.031553
35 0.741908 0.309466 0.028961 0.038835
233 0.740204 0.271845 0.023850 0.033981
14 0.741056 0.239078 0.028961 0.031553
26 0.740204 0.205097 0.023850 0.029126
44 0.740204 0.174757 0.020443 0.029126
77 0.739353 0.146845 0.018739 0.026699
164 0.737649 0.116505 0.028961 0.029126
44 0.737649 0.081311 0.023850 0.036408
74 0.790460 0.923544 0.025554 0.031553
74 0.793015 0.889563 0.025554 0.024272
74 0.791312 0.854369 0.028961 0.036408
74 0.791312 0.814320 0.025554 0.036408
139 0.791312 0.777913 0.025554 0.031553
855 0.791312 0.743932 0.027257 0.031553
630 0.791312 0.708738 0.023850 0.033981
589 0.791312 0.666262 0.027257 0.041262
785 0.791312 0.627427 0.032368 0.036408
854 0.792164 0.587379 0.025554 0.036408
588 0.790460 0.555825 0.022147 0.021845
21 0.790460 0.524272 0.028961 0.031553
45 0.787053 0.487864 0.023850 0.031553
129 0.787905 0.456311 0.017036 0.026699
853 0.787905 0.427184 0.022147 0.029126
129 0.786201 0.400485 0.020443 0.026699
152 0.785349 0.366505 0.025554 0.031553
842 0.786201 0.327670 0.027257 0.041262
141 0.787053 0.286408 0.028961 0.031553
685 0.784497 0.253641 0.025554 0.031553
260 0.786201 0.220874 0.030664 0.029126
103 0.786201 0.188107 0.027257 0.033981
852 0.784497 0.155340 0.028961 0.031553
28 0.784497 0.125000 0.023850 0.026699
44 0.785349 0.086165 0.028961 0.041262
77 0.838160 0.924757 0.028961 0.031553
560 0.838160 0.893204 0.030664 0.026699
78 0.838160 0.860437 0.022147 0.031553
85 0.835605 0.828883 0.025554 0.026699
340 0.836457 0.796117 0.025554 0.033981
127 0.836457 0.760922 0.023850 0.031553
30 0.835605 0.729369 0.027257 0.026699
165 0.834753 0.696602 0.027257 0.031553
850 0.835605 0.661408 0.025554 0.031553
849 0.834753 0.628641 0.025554 0.029126
30 0.833901 0.597087 0.023850 0.031553
77 0.833901 0.560680 0.023850 0.031553
96 0.834753 0.531553 0.023850 0.026699
92 0.834753 0.502427 0.023850 0.031553
37 0.832198 0.472087 0.022147 0.024272
91 0.833901 0.438107 0.025554 0.033981
90 0.833901 0.395631 0.023850 0.041262
78 0.833049 0.355583 0.027257 0.031553
133 0.830494 0.322816 0.020443 0.019417
30 0.831346 0.294903 0.025554 0.031553
851 0.827087 0.262136 0.025554 0.029126
45 0.827939 0.231796 0.018739 0.026699
15 0.827939 0.203883 0.018739 0.026699
743 0.826235 0.177184 0.023850 0.029126
494 0.827939 0.146845 0.023850 0.026699
281 0.826235 0.116505 0.025554 0.031553
795 0.827939 0.078883 0.023850 0.031553
421 0.880750 0.924757 0.027257 0.026699
421 0.880750 0.895631 0.028961 0.031553
421 0.880750 0.867718 0.022147 0.026699
754 0.882453 0.830097 0.025554 0.041262
848 0.883305 0.788835 0.025554 0.036408
213 0.882453 0.752427 0.030664 0.029126
91 0.879898 0.720874 0.023850 0.031553
16 0.879898 0.686893 0.027257 0.031553
21 0.880750 0.655340 0.027257 0.031553
26 0.879046 0.622573 0.025554 0.026699
96 0.879046 0.588592 0.028961 0.036408
92 0.879046 0.553398 0.027257 0.029126
37 0.879046 0.521845 0.025554 0.029126
91 0.879046 0.491505 0.027257 0.029126
90 0.878194 0.461165 0.027257 0.029126
68 0.878194 0.430825 0.023850 0.026699
133 0.876491 0.405340 0.020443 0.024272
765 0.875639 0.377427 0.022147 0.026699
185 0.875639 0.347087 0.027257 0.031553
847 0.876491 0.309466 0.027257 0.033981
83 0.876491 0.271845 0.023850 0.031553
284 0.878194 0.240291 0.030664 0.026699
43 0.877342 0.207524 0.032368 0.038835
846 0.875639 0.172330 0.025554 0.031553
348 0.877342 0.140777 0.025554 0.021845
621 0.877342 0.111650 0.025554 0.029126
754 0.874787 0.077670 0.028961 0.031553
77 0.926746 0.758495 0.028961 0.033981
28 0.925894 0.722087 0.027257 0.033981
21 0.923339 0.689320 0.027257 0.024272
844 0.925043 0.657767 0.030664 0.036408
26 0.924191 0.611650 0.023850 0.041262
96 0.924191 0.572816 0.027257 0.033981
214 0.925043 0.533981 0.028961 0.033981
213 0.923339 0.503641 0.023850 0.019417
91 0.925043 0.474515 0.027257 0.031553
16 0.922487 0.436893 0.025554 0.031553
77 0.923339 0.405340 0.018739 0.024272
349 0.922487 0.375000 0.020443 0.026699
584 0.919932 0.344660 0.025554 0.031553
126 0.923339 0.299757 0.022147 0.041262
584 0.923339 0.258495 0.028961 0.033981
17 0.922487 0.224515 0.027257 0.026699
494 0.921635 0.188107 0.025554 0.036408
743 0.921635 0.150485 0.030664 0.031553
795 0.920784 0.116505 0.023850 0.031553
845 0.919080 0.081311 0.027257 0.036408
