0 0.102058 0.758413 0.025729 0.031250
0 0.102916 0.728365 0.022298 0.021635
0 0.104631 0.697115 0.025729 0.031250
0 0.104631 0.663462 0.025729 0.033654
0 0.106346 0.627404 0.025729 0.031250
0 0.108062 0.592548 0.030875 0.031250
0 0.108062 0.558894 0.025729 0.031250
0 0.108919 0.524038 0.024014 0.033654
0 0.111492 0.487981 0.025729 0.031250
0 0.113208 0.454327 0.027444 0.036058
0 0.114065 0.417067 0.020583 0.028846
0 0.114923 0.382212 0.022298 0.033654
0 0.115780 0.342548 0.027444 0.033654
0 0.117496 0.306490 0.020583 0.033654
0 0.120069 0.274038 0.027444 0.031250
0 0.147513 0.730769 0.029160 0.024038
0 0.148370 0.639423 0.018868 0.024038
0 0.149228 0.610577 0.020583 0.026442
0 0.151801 0.574519 0.030875 0.036058
0 0.155232 0.539663 0.029160 0.033654
0 0.156947 0.504808 0.027444 0.031250
0 0.156947 0.469952 0.024014 0.026442
0 0.156947 0.441106 0.020583 0.026442
0 0.160377 0.411058 0.022298 0.028846
0 0.161235 0.381010 0.025729 0.031250
0 0.162950 0.348558 0.025729 0.026442
0 0.164666 0.318510 0.027444 0.031250
0 0.163808 0.288462 0.020583 0.028846
0 0.165523 0.256010 0.029160 0.028846
0 0.197256 0.667067 0.030875 0.033654
0 0.200686 0.596154 0.022298 0.036058
0 0.203259 0.554087 0.027444 0.033654
0 0.205832 0.521635 0.022298 0.024038
0 0.208405 0.489183 0.027444 0.033654
0 0.207547 0.459135 0.022298 0.019231
0 0.210120 0.430288 0.027444 0.031250
0 0.207547 0.394231 0.025729 0.033654
0 0.208405 0.361779 0.018868 0.026442
0 0.210978 0.330529 0.024014 0.028846
0 0.210978 0.302885 0.022298 0.026442
0 0.212693 0.270433 0.027444 0.033654
0 0.212693 0.233173 0.025729 0.031250
0 0.240995 0.733173 0.027444 0.033654
0 0.240137 0.694712 0.027444 0.036058
0 0.242710 0.656250 0.027444 0.033654
0 0.245283 0.621394 0.030875 0.028846
0 0.246141 0.590144 0.030875 0.033654
0 0.247856 0.557692 0.027444 0.028846
0 0.248714 0.526442 0.029160 0.031250
0 0.248714 0.489183 0.030875 0.040865
0 0.251286 0.454327 0.025729 0.031250
0 0.252144 0.419471 0.025729 0.033654
0 0.254717 0.387019 0.029160 0.031250
0 0.255575 0.353365 0.027444 0.031250
0 0.257290 0.320913 0.025729 0.031250
0 0.258148 0.289663 0.020583 0.026442
0 0.258148 0.262019 0.022298 0.026442
0 0.300172 0.459135 0.029160 0.045673
0 0.300172 0.413462 0.025729 0.031250
0 0.301887 0.375000 0.027444 0.040865
0 0.304460 0.329327 0.029160 0.033654
0 0.304460 0.293269 0.030875 0.036058
0 0.307890 0.254808 0.024014 0.038462
0 0.307890 0.212740 0.027444 0.040865
38 0.310463 0.168269 0.025729 0.038462
0 0.309605 0.131010 0.025729 0.028846
37 0.311321 0.094952 0.032590 0.036058
36 0.331904 0.899038 0.027444 0.028846
35 0.331904 0.868990 0.024014 0.021635
267 0.332762 0.837740 0.027444 0.033654
238 0.332762 0.763221 0.020583 0.026442
166 0.333619 0.730769 0.022298 0.026442
30 0.332762 0.701923 0.022298 0.026442
45 0.335334 0.665865 0.029160 0.033654
15 0.337907 0.622596 0.030875 0.043269
795 0.337050 0.574519 0.027444 0.043269
825 0.340480 0.533654 0.036021 0.033654
824 0.343911 0.500000 0.030875 0.031250
83 0.344768 0.466346 0.025729 0.028846
826 0.344768 0.429087 0.025729 0.036058
67 0.345626 0.387019 0.029160 0.038462
133 0.344768 0.348558 0.024014 0.033654
825 0.348199 0.310096 0.025729 0.031250
824 0.380789 0.748798 0.025729 0.028846
83 0.380789 0.712740 0.025729 0.031250
380 0.380789 0.677885 0.029160 0.033654
795 0.384220 0.639423 0.030875 0.033654
655 0.384220 0.602163 0.029160 0.033654
38 0.385935 0.560096 0.030875 0.038462
37 0.387650 0.520433 0.027444 0.040865
112 0.391081 0.473558 0.030875 0.040865
792 0.391081 0.432692 0.029160 0.031250
823 0.392796 0.396635 0.027444 0.036058
822 0.396226 0.356971 0.030875 0.033654
821 0.396226 0.319712 0.029160 0.036058
122 0.395369 0.288462 0.025729 0.021635
820 0.395369 0.257212 0.027444 0.036058
570 0.392796 0.219952 0.027444 0.031250
21 0.394511 0.186298 0.020583 0.026442
122 0.396226 0.157452 0.024014 0.026442
65 0.394511 0.128606 0.025729 0.026442
640 0.395369 0.096154 0.025729 0.031250
178 0.423671 0.810096 0.029160 0.028846
160 0.423671 0.777644 0.029160 0.031250
159 0.424528 0.740385 0.025729 0.031250
83 0.424528 0.701923 0.027444 0.040865
819 0.427959 0.661058 0.030875 0.028846
21 0.427959 0.628606 0.024014 0.028846
84 0.428816 0.598558 0.024014 0.031250
818 0.430532 0.561298 0.025729 0.038462
193 0.433962 0.516827 0.027444 0.043269
466 0.433962 0.472356 0.027444 0.045673
193 0.434820 0.426683 0.029160 0.038462
105 0.435678 0.388221 0.030875 0.031250
83 0.437393 0.350962 0.032590 0.033654
650 0.439966 0.316106 0.032590 0.033654
676 0.439108 0.275240 0.025729 0.036058
110 0.466552 0.819712 0.024014 0.040865
183 0.469125 0.776442 0.027444 0.036058
650 0.470840 0.735577 0.025729 0.033654
303 0.472556 0.703125 0.025729 0.028846
159 0.474271 0.667067 0.029160 0.036058
297 0.475986 0.629808 0.027444 0.036058
817 0.475129 0.596154 0.022298 0.019231
83 0.475986 0.566106 0.027444 0.036058
335 0.474271 0.525240 0.027444 0.033654
277 0.475986 0.490385 0.018868 0.028846
37 0.476844 0.459135 0.027444 0.028846
260 0.477702 0.431490 0.024014 0.028846
78 0.478559 0.395433 0.027444 0.033654
77 0.480274 0.352163 0.029160 0.043269
253 0.481990 0.310096 0.027444 0.036058
30 0.481990 0.270433 0.024014 0.028846
176 0.482847 0.240385 0.024014 0.026442
816 0.484563 0.210337 0.025729 0.028846
0 0.568611 0.932692 0.032590 0.033654
0 0.566895 0.896635 0.024014 0.033654
0 0.566895 0.855769 0.030875 0.036058
0 0.566895 0.820913 0.024014 0.033654
0 0.565180 0.781250 0.025729 0.038462
0 0.566895 0.741587 0.025729 0.033654
0 0.566895 0.705529 0.027444 0.031250
0 0.565180 0.670673 0.020583 0.031250
0 0.565180 0.635817 0.030875 0.033654
0 0.561750 0.598558 0.030875 0.036058
0 0.561750 0.554087 0.027444 0.043269
0 0.560892 0.508413 0.024014 0.040865
0 0.562607 0.469952 0.027444 0.033654
0 0.560034 0.435096 0.029160 0.033654
0 0.560034 0.394231 0.027444 0.043269
0 0.560892 0.348558 0.029160 0.040865
0 0.560034 0.307692 0.029160 0.038462
0 0.558319 0.268029 0.029160 0.033654
0 0.556604 0.233173 0.024014 0.036058
0 0.557461 0.197115 0.029160 0.033654
0 0.555746 0.158654 0.027444 0.040865
0 0.555746 0.116587 0.024014 0.036058
0 0.617496 0.887019 0.027444 0.036058
0 0.616638 0.844952 0.027444 0.036058
0 0.614065 0.807692 0.025729 0.024038
0 0.614923 0.776442 0.027444 0.031250
0 0.615780 0.737981 0.025729 0.036058
0 0.614065 0.698317 0.032590 0.036058
0 0.614065 0.658654 0.025729 0.038462
0 0.612350 0.615385 0.032590 0.040865
0 0.610635 0.576923 0.030875 0.033654
0 0.611492 0.534856 0.027444 0.038462
0 0.609777 0.493990 0.027444 0.036058
0 0.608062 0.454327 0.027444 0.038462
0 0.608062 0.415865 0.030875 0.031250
0 0.608919 0.377404 0.030875 0.036058
0 0.607204 0.343750 0.025729 0.019231
0 0.607204 0.312500 0.029160 0.036058
0 0.602916 0.274038 0.027444 0.031250
0 0.602916 0.241587 0.018868 0.028846
0 0.602916 0.210337 0.024014 0.028846
0 0.602058 0.180288 0.024014 0.031250
0 0.603774 0.145433 0.032590 0.031250
0 0.600343 0.110577 0.029160 0.036058
0 0.662950 0.918269 0.029160 0.040865
0 0.661235 0.877404 0.029160 0.036058
0 0.662093 0.841346 0.027444 0.031250
0 0.662093 0.807692 0.032590 0.033654
0 0.659520 0.770433 0.030875 0.036058
0 0.660377 0.731971 0.025729 0.036058
0 0.658662 0.698317 0.027444 0.031250
0 0.658662 0.662260 0.025729 0.036058
0 0.658662 0.618990 0.024014 0.038462
0 0.658662 0.581731 0.030875 0.031250
0 0.658662 0.548077 0.030875 0.026442
0 0.657804 0.514423 0.029160 0.028846
0 0.656089 0.479567 0.027444 0.031250
0 0.656089 0.445913 0.022298 0.028846
0 0.653516 0.411058 0.025729 0.033654
0 0.652659 0.371394 0.029160 0.031250
0 0.651801 0.335337 0.025729 0.033654
0 0.649228 0.300481 0.024014 0.033654
0 0.646655 0.266827 0.027444 0.031250
0 0.648370 0.230769 0.029160 0.040865
0 0.650086 0.195913 0.029160 0.028846
0 0.649228 0.164663 0.029160 0.031250
0 0.648370 0.133413 0.024014 0.028846
0 0.648370 0.103365 0.030875 0.026442
0 0.710120 0.926683 0.029160 0.031250
0 0.711835 0.893029 0.029160 0.033654
0 0.709262 0.854567 0.024014 0.036058
0 0.711835 0.814904 0.029160 0.036058
0 0.710120 0.775240 0.025729 0.033654
0 0.709262 0.736779 0.025729 0.033654
0 0.709262 0.697115 0.024014 0.036058
0 0.709262 0.658654 0.029160 0.031250
0 0.707547 0.621394 0.025729 0.038462
0 0.707547 0.579327 0.024014 0.038462
0 0.705832 0.540865 0.030875 0.036058
0 0.703259 0.500000 0.029160 0.033654
0 0.703259 0.462740 0.027444 0.031250
0 0.701544 0.425481 0.029160 0.036058
0 0.700686 0.383413 0.032590 0.040865
0 0.700686 0.343750 0.025729 0.036058
0 0.698971 0.307692 0.029160 0.028846
0 0.699828 0.268029 0.030875 0.040865
0 0.700686 0.230769 0.030875 0.036058
0 0.698113 0.195913 0.025729 0.033654
0 0.697256 0.165865 0.025729 0.021635
0 0.695540 0.135817 0.029160 0.031250
0 0.695540 0.102163 0.024014 0.033654
15 0.759863 0.918269 0.025729 0.026442
281 0.760720 0.884615 0.029160 0.036058
564 0.759863 0.843750 0.029160 0.040865
68 0.756432 0.799279 0.025729 0.036058
67 0.757290 0.765625 0.029160 0.026442
39 0.756432 0.724760 0.025729 0.040865
815 0.754717 0.681490 0.029160 0.038462
814 0.751286 0.645433 0.027444 0.036058
21 0.750429 0.600962 0.029160 0.038462
360 0.752144 0.561298 0.029160 0.033654
631 0.750429 0.522837 0.032590 0.040865
0 0.748714 0.477163 0.027444 0.038462
0 0.749571 0.436298 0.030875 0.038462
0 0.749571 0.397837 0.030875 0.031250
0 0.746998 0.364183 0.025729 0.028846
0 0.747856 0.325721 0.032590 0.036058
0 0.744425 0.284856 0.032590 0.036058
0 0.747856 0.243990 0.030875 0.036058
0 0.746998 0.206731 0.029160 0.033654
0 0.746141 0.167067 0.030875 0.040865
0 0.740995 0.129808 0.025729 0.026442
0 0.740995 0.098558 0.032590 0.031250
91 0.808748 0.925481 0.032590 0.028846
90 0.807033 0.894231 0.024014 0.028846
176 0.805317 0.864183 0.029160 0.028846
811 0.806175 0.825721 0.027444 0.036058
655 0.807033 0.790865 0.025729 0.026442
38 0.807033 0.754808 0.029160 0.043269
37 0.804460 0.710337 0.024014 0.033654
78 0.803602 0.669471 0.024014 0.043269
260 0.801887 0.628606 0.030875 0.031250
130 0.800172 0.593750 0.027444 0.031250
315 0.799314 0.562500 0.025729 0.028846
77 0.800172 0.531250 0.024014 0.031250
810 0.799314 0.493990 0.027444 0.036058
395 0.797599 0.456731 0.027444 0.028846
15 0.798456 0.415865 0.022298 0.040865
813 0.796741 0.373798 0.027444 0.033654
812 0.795883 0.334135 0.024014 0.036058
192 0.795026 0.299279 0.024014 0.033654
367 0.793310 0.262019 0.029160 0.040865
163 0.791595 0.217548 0.034305 0.038462
182 0.791595 0.173077 0.025729 0.038462
38 0.789880 0.134615 0.029160 0.038462
37 0.789880 0.097356 0.032590 0.033654
233 0.856775 0.918269 0.024014 0.024038
233 0.855918 0.893029 0.020583 0.024038
233 0.854202 0.864183 0.022298 0.028846
233 0.855918 0.830529 0.024014 0.031250
233 0.855918 0.793269 0.030875 0.036058
77 0.854202 0.748798 0.027444 0.038462
44 0.852487 0.706731 0.025729 0.038462
66 0.854202 0.670673 0.029160 0.026442
640 0.853345 0.640625 0.027444 0.026442
43 0.851630 0.609375 0.030875 0.033654
44 0.849057 0.567308 0.029160 0.038462
147 0.847341 0.526442 0.025729 0.038462
58 0.849057 0.486779 0.032590 0.031250
808 0.847341 0.449519 0.027444 0.036058
37 0.846484 0.409856 0.024014 0.036058
31 0.846484 0.372596 0.029160 0.033654
163 0.845626 0.331731 0.032590 0.045673
198 0.845626 0.286058 0.029160 0.038462
10 0.842196 0.254808 0.025729 0.021635
202 0.841338 0.224760 0.030875 0.033654
78 0.904803 0.906250 0.027444 0.031250
77 0.903945 0.876202 0.027444 0.026442
42 0.905660 0.840144 0.027444 0.038462
207 0.903087 0.799279 0.025729 0.033654
809 0.902230 0.764423 0.029160 0.028846
58 0.901372 0.730769 0.025729 0.028846
808 0.901372 0.700721 0.022298 0.026442
795 0.899657 0.673077 0.024014 0.028846
655 0.898799 0.637019 0.025729 0.031250
38 0.897942 0.602163 0.025729 0.031250
37 0.897942 0.566106 0.029160 0.028846
203 0.896226 0.531250 0.030875 0.033654
239 0.891938 0.490385 0.027444 0.036058
137 0.892796 0.448317 0.024014 0.038462
495 0.893654 0.409856 0.032590 0.031250
162 0.892796 0.378606 0.029160 0.026442
260 0.891081 0.342548 0.032590 0.036058
78 0.891081 0.305288 0.025729 0.033654
77 0.891938 0.271635 0.025729 0.028846
76 0.891081 0.235577 0.034305 0.036058
170 0.888508 0.198317 0.027444 0.031250
64 0.888508 0.163462 0.029160 0.031250
66 0.887650 0.129808 0.027444 0.026442
640 0.886792 0.094952 0.030875 0.036058
149 0.945969 0.908654 0.029160 0.031250
149 0.946827 0.875000 0.022298 0.031250
149 0.948542 0.838942 0.027444 0.036058
149 0.948542 0.801683 0.027444 0.033654
136 0.946827 0.769231 0.025729 0.024038
44 0.947684 0.741587 0.025729 0.024038
82 0.946827 0.709135 0.029160 0.031250
42 0.946827 0.674279 0.024014 0.028846
77 0.946827 0.649038 0.024014 0.021635
58 0.945111 0.618990 0.024014 0.033654
808 0.945111 0.581731 0.025729 0.033654
795 0.944254 0.544471 0.024014 0.033654
655 0.944254 0.515625 0.027444 0.024038
38 0.944254 0.484375 0.030875 0.028846
37 0.943396 0.449519 0.027444 0.033654
85 0.941681 0.414663 0.022298 0.028846
340 0.940823 0.383413 0.022298 0.031250
35 0.939108 0.348558 0.020583 0.031250
807 0.939108 0.316106 0.027444 0.028846
137 0.939966 0.286058 0.030875 0.026442
151 0.939966 0.253606 0.030875 0.033654
15 0.939108 0.223558 0.025729 0.021635
137 0.939108 0.191106 0.029160 0.033654
495 0.936535 0.155048 0.025729 0.031250
322 0.934820 0.121394 0.018868 0.026442
203 0.933962 0.091346 0.020583 0.031250
