0 0.094017 0.903382 0.030769 0.033816
0 0.095726 0.829710 0.029060 0.033816
0 0.097436 0.785024 0.022222 0.038647
0 0.099145 0.739130 0.029060 0.038647
0 0.099145 0.696860 0.029060 0.033816
0 0.099145 0.660628 0.022222 0.028986
0 0.100000 0.629227 0.027350 0.028986
0 0.100855 0.589372 0.027350 0.041063
0 0.100000 0.544686 0.023932 0.041063
0 0.101709 0.502415 0.025641 0.038647
0 0.102564 0.462560 0.027350 0.033816
0 0.104274 0.429952 0.023932 0.021739
0 0.105128 0.400966 0.029060 0.026570
0 0.107692 0.363527 0.025641 0.038647
0 0.110256 0.322464 0.032479 0.036232
0 0.111111 0.283816 0.029060 0.036232
0 0.111966 0.246377 0.032479 0.036232
0 0.111111 0.204106 0.025641 0.038647
0 0.111966 0.165459 0.022222 0.033816
0 0.141880 0.805556 0.023932 0.028986
0 0.141880 0.771739 0.025641 0.028986
0 0.143590 0.734300 0.027350 0.033816
0 0.145299 0.696860 0.034188 0.031401
0 0.146154 0.661836 0.029060 0.033816
0 0.148718 0.624396 0.027350 0.033816
0 0.149573 0.586957 0.030769 0.036232
0 0.147863 0.542271 0.030769 0.041063
0 0.148718 0.498792 0.029060 0.036232
0 0.148718 0.461353 0.030769 0.036232
0 0.152137 0.421498 0.023932 0.028986
0 0.152991 0.384058 0.029060 0.036232
0 0.152991 0.340580 0.029060 0.036232
0 0.156410 0.300725 0.020513 0.033816
0 0.156410 0.269324 0.022222 0.019324
0 0.158974 0.239130 0.023932 0.028986
0 0.160684 0.205314 0.029060 0.033816
0 0.160684 0.167874 0.032479 0.031401
0 0.159829 0.134058 0.025641 0.031401
0 0.188034 0.766908 0.035897 0.036232
0 0.190598 0.727053 0.027350 0.031401
0 0.190598 0.692029 0.022222 0.028986
0 0.192308 0.649758 0.025641 0.041063
0 0.193162 0.608696 0.025641 0.028986
0 0.197436 0.572464 0.027350 0.036232
0 0.196581 0.531401 0.029060 0.041063
0 0.197436 0.489130 0.034188 0.038647
0 0.198291 0.451691 0.032479 0.033816
0 0.199145 0.413043 0.034188 0.036232
0 0.202564 0.376812 0.032479 0.031401
0 0.200855 0.336957 0.027350 0.041063
0 0.202564 0.295894 0.025641 0.031401
0 0.205128 0.258454 0.027350 0.041063
0 0.206838 0.172705 0.023932 0.038647
0 0.233333 0.798309 0.030769 0.036232
0 0.234188 0.727053 0.027350 0.026570
0 0.234188 0.698068 0.023932 0.028986
0 0.237607 0.661836 0.032479 0.033816
0 0.239316 0.623188 0.029060 0.036232
0 0.240171 0.584541 0.027350 0.031401
0 0.241026 0.544686 0.027350 0.036232
0 0.244444 0.503623 0.027350 0.031401
0 0.244444 0.468599 0.029060 0.031401
0 0.244444 0.433575 0.027350 0.031401
0 0.246154 0.400966 0.020513 0.026570
0 0.247009 0.370773 0.029060 0.028986
0 0.249573 0.336957 0.025641 0.026570
0 0.251282 0.301932 0.027350 0.033816
0 0.252137 0.221014 0.029060 0.041063
122 0.279487 0.730676 0.029060 0.038647
586 0.280342 0.687198 0.027350 0.036232
136 0.282051 0.652174 0.029060 0.031401
44 0.282906 0.619565 0.023932 0.028986
82 0.286325 0.586957 0.027350 0.026570
21 0.286325 0.556763 0.023932 0.028986
34 0.289744 0.521739 0.027350 0.033816
33 0.289744 0.483092 0.025641 0.038647
32 0.289744 0.444444 0.025641 0.028986
67 0.294017 0.410628 0.032479 0.031401
44 0.294017 0.375604 0.023932 0.033816
43 0.294872 0.336957 0.030769 0.038647
421 0.294017 0.297101 0.025641 0.033816
75 0.298291 0.256039 0.027350 0.041063
163 0.325641 0.768116 0.030769 0.028986
182 0.325641 0.731884 0.029060 0.038647
38 0.328205 0.692029 0.025641 0.031401
37 0.329060 0.655797 0.023932 0.031401
21 0.330769 0.621981 0.030769 0.031401
230 0.330769 0.588164 0.027350 0.028986
201 0.332479 0.559179 0.020513 0.026570
200 0.330769 0.526570 0.027350 0.031401
38 0.336752 0.486715 0.025641 0.036232
37 0.336752 0.449275 0.027350 0.031401
21 0.337607 0.415459 0.029060 0.031401
137 0.339316 0.379227 0.034188 0.033816
495 0.342735 0.341787 0.027350 0.036232
149 0.373504 0.782609 0.027350 0.038647
648 0.374359 0.741546 0.030769 0.036232
44 0.374359 0.701691 0.029060 0.033816
163 0.376923 0.665459 0.025641 0.031401
137 0.376923 0.626812 0.025641 0.033816
203 0.378632 0.588164 0.027350 0.033816
248 0.379487 0.550725 0.025641 0.036232
281 0.382051 0.513285 0.029060 0.028986
35 0.382051 0.480676 0.027350 0.033816
167 0.382906 0.445652 0.034188 0.031401
172 0.386325 0.409420 0.030769 0.033816
171 0.384615 0.370773 0.030769 0.036232
1119 0.385470 0.330918 0.034188 0.036232
136 0.389744 0.292271 0.030769 0.038647
214 0.390598 0.251208 0.029060 0.031401
213 0.389744 0.181159 0.023932 0.033816
16 0.389744 0.121981 0.027350 0.026570
77 0.390598 0.090580 0.027350 0.031401
76 0.417094 0.923913 0.027350 0.026570
170 0.417094 0.833333 0.025641 0.031401
33 0.418803 0.799517 0.023932 0.028986
32 0.418803 0.766908 0.023932 0.028986
68 0.420513 0.730676 0.029060 0.033816
23 0.421368 0.695652 0.027350 0.026570
182 0.423932 0.660628 0.030769 0.031401
38 0.424786 0.623188 0.027350 0.028986
37 0.426496 0.586957 0.025641 0.036232
15 0.428205 0.544686 0.027350 0.036232
91 0.426496 0.503623 0.030769 0.036232
157 0.429060 0.463768 0.030769 0.028986
38 0.429060 0.428744 0.030769 0.036232
37 0.429915 0.388889 0.030769 0.031401
114 0.429060 0.350242 0.027350 0.036232
91 0.431624 0.312802 0.022222 0.031401
149 0.433333 0.275362 0.022222 0.038647
540 0.465812 0.770531 0.029060 0.028986
738 0.466667 0.735507 0.030769 0.031401
16 0.467521 0.700483 0.025641 0.031401
232 0.468376 0.667874 0.023932 0.033816
525 0.471795 0.630435 0.029060 0.041063
292 0.470940 0.589372 0.023932 0.033816
38 0.471795 0.555556 0.025641 0.031401
64 0.473504 0.518116 0.025641 0.036232
222 0.475214 0.481884 0.025641 0.038647
0 0.476068 0.443237 0.027350 0.033816
0 0.476923 0.404589 0.023932 0.033816
0 0.477778 0.367150 0.025641 0.033816
0 0.477778 0.333333 0.020513 0.033816
0 0.478632 0.295894 0.023932 0.036232
0 0.479487 0.257246 0.029060 0.036232
0 0.481197 0.219807 0.025641 0.033816
0 0.481197 0.182367 0.027350 0.038647
0 0.572650 0.919082 0.029060 0.036232
0 0.573504 0.875604 0.032479 0.041063
0 0.573504 0.833333 0.029060 0.033816
0 0.572650 0.797101 0.025641 0.028986
0 0.572650 0.762077 0.025641 0.036232
0 0.571795 0.724638 0.027350 0.033816
0 0.570940 0.689614 0.023932 0.031401
0 0.570085 0.657005 0.027350 0.028986
0 0.569231 0.623188 0.022222 0.031401
0 0.567521 0.579710 0.023932 0.041063
0 0.568376 0.541063 0.029060 0.033816
0 0.566667 0.506039 0.023932 0.031401
0 0.566667 0.473430 0.025641 0.031401
0 0.564957 0.442029 0.022222 0.028986
0 0.566667 0.402174 0.027350 0.038647
0 0.567521 0.359903 0.029060 0.036232
0 0.566667 0.321256 0.022222 0.033816
0 0.566667 0.287440 0.022222 0.031401
0 0.566667 0.251208 0.029060 0.038647
0 0.564957 0.213768 0.022222 0.031401
0 0.565812 0.183575 0.029060 0.028986
0 0.565812 0.146135 0.029060 0.033816
0 0.565812 0.107488 0.027350 0.036232
0 0.620513 0.928744 0.030769 0.028986
0 0.619658 0.897343 0.030769 0.026570
0 0.620513 0.865942 0.025641 0.031401
0 0.620513 0.829710 0.025641 0.033816
0 0.620513 0.791063 0.027350 0.038647
0 0.617949 0.752415 0.022222 0.031401
0 0.617949 0.717391 0.027350 0.033816
0 0.615385 0.683575 0.027350 0.031401
0 0.614530 0.654589 0.025641 0.026570
0 0.613675 0.628019 0.027350 0.028986
0 0.615385 0.588164 0.025641 0.038647
0 0.614530 0.548309 0.027350 0.036232
0 0.614530 0.512077 0.023932 0.033816
0 0.614530 0.475845 0.027350 0.026570
0 0.614530 0.444444 0.027350 0.031401
0 0.612821 0.414251 0.023932 0.024155
0 0.611966 0.381643 0.029060 0.033816
0 0.611111 0.346618 0.025641 0.033816
0 0.611966 0.312802 0.022222 0.031401
0 0.608547 0.278986 0.029060 0.033816
0 0.610256 0.241546 0.022222 0.036232
0 0.608547 0.207729 0.029060 0.033816
0 0.609402 0.175121 0.027350 0.024155
0 0.609402 0.147343 0.025641 0.041063
0 0.608547 0.102657 0.023932 0.038647
0 0.665812 0.931159 0.032479 0.021739
0 0.664957 0.904589 0.029060 0.028986
0 0.664103 0.876812 0.022222 0.026570
0 0.662393 0.844203 0.023932 0.031401
0 0.663248 0.806763 0.027350 0.036232
0 0.662393 0.768116 0.027350 0.036232
0 0.660684 0.730676 0.023932 0.028986
0 0.663248 0.694444 0.030769 0.033816
0 0.661538 0.657005 0.025641 0.033816
0 0.663248 0.618357 0.025641 0.033816
0 0.659829 0.578502 0.032479 0.038647
0 0.660684 0.537440 0.029060 0.036232
0 0.658974 0.500000 0.027350 0.031401
0 0.658974 0.464976 0.027350 0.031401
0 0.658120 0.431159 0.023932 0.031401
0 0.658974 0.393720 0.022222 0.036232
0 0.658120 0.356280 0.023932 0.033816
0 0.658120 0.314010 0.029060 0.043478
0 0.658974 0.269324 0.025641 0.038647
0 0.656410 0.231884 0.025641 0.028986
0 0.654701 0.194444 0.022222 0.038647
0 0.653846 0.159420 0.027350 0.026570
0 0.652991 0.131643 0.022222 0.024155
0 0.652991 0.099034 0.022222 0.036232
0 0.708547 0.919082 0.027350 0.036232
0 0.708547 0.887681 0.023932 0.028986
0 0.708547 0.853865 0.030769 0.036232
0 0.708547 0.815217 0.023932 0.031401
0 0.705983 0.776570 0.030769 0.038647
0 0.706838 0.741546 0.025641 0.033816
0 0.706838 0.706522 0.032479 0.033816
0 0.706838 0.667874 0.029060 0.033816
0 0.705128 0.630435 0.032479 0.041063
0 0.703419 0.585749 0.027350 0.038647
0 0.704274 0.543478 0.025641 0.033816
0 0.702564 0.510870 0.029060 0.031401
0 0.703419 0.471014 0.030769 0.036232
0 0.703419 0.427536 0.032479 0.041063
0 0.703419 0.386473 0.022222 0.028986
0 0.702564 0.349034 0.023932 0.043478
0 0.702564 0.306763 0.032479 0.038647
0 0.700855 0.268116 0.032479 0.036232
0 0.700855 0.228261 0.023932 0.033816
0 0.700000 0.188406 0.027350 0.036232
0 0.698291 0.154589 0.022222 0.028986
0 0.697436 0.124396 0.029060 0.028986
0 0.695726 0.094203 0.022222 0.028986
44 0.756410 0.908213 0.025641 0.036232
77 0.757265 0.869565 0.025641 0.033816
74 0.757265 0.833333 0.027350 0.031401
139 0.755556 0.795894 0.027350 0.036232
157 0.752991 0.762077 0.027350 0.024155
38 0.753846 0.734300 0.029060 0.028986
37 0.754701 0.696860 0.030769 0.033816
36 0.752991 0.655797 0.029060 0.038647
35 0.752991 0.614734 0.030769 0.033816
329 0.752991 0.578502 0.029060 0.033816
641 0.752991 0.543478 0.025641 0.026570
179 0.750427 0.508454 0.029060 0.036232
1117 0.749573 0.466184 0.023932 0.041063
475 0.747863 0.421498 0.027350 0.038647
77 0.746154 0.385266 0.023932 0.028986
237 0.746154 0.353865 0.023932 0.028986
221 0.747009 0.311594 0.029060 0.043478
236 0.741880 0.269324 0.030769 0.036232
43 0.741880 0.234300 0.027350 0.033816
280 0.743590 0.195652 0.022222 0.036232
157 0.741880 0.158213 0.029060 0.033816
38 0.740171 0.090580 0.023932 0.026570
251 0.802564 0.911836 0.030769 0.041063
68 0.800855 0.865942 0.027350 0.041063
1114 0.798291 0.818841 0.023932 0.043478
80 0.800000 0.780193 0.025641 0.033816
765 0.798291 0.736715 0.025641 0.038647
675 0.795726 0.699275 0.022222 0.031401
157 0.795726 0.665459 0.025641 0.028986
38 0.796581 0.630435 0.027350 0.033816
37 0.796581 0.594203 0.023932 0.033816
901 0.793162 0.551932 0.029060 0.041063
37 0.791453 0.509662 0.022222 0.036232
74 0.793162 0.472222 0.029060 0.033816
217 0.791453 0.434783 0.025641 0.038647
1118 0.790598 0.394928 0.025641 0.033816
1117 0.791453 0.357488 0.023932 0.031401
707 0.791453 0.318841 0.025641 0.041063
475 0.787179 0.277778 0.022222 0.033816
64 0.787179 0.242754 0.023932 0.033816
1116 0.785470 0.206522 0.030769 0.036232
896 0.784615 0.166667 0.023932 0.038647
1115 0.786325 0.129227 0.029060 0.031401
896 0.784615 0.092995 0.023932 0.036232
82 0.843590 0.916667 0.027350 0.031401
1113 0.843590 0.885266 0.023932 0.028986
669 0.844444 0.845411 0.030769 0.038647
201 0.841880 0.807971 0.029060 0.031401
200 0.841026 0.771739 0.029060 0.033816
100 0.840171 0.733092 0.023932 0.033816
21 0.840171 0.698068 0.020513 0.024155
713 0.839316 0.665459 0.029060 0.033816
213 0.838462 0.632850 0.025641 0.026570
16 0.840171 0.603865 0.029060 0.026570
77 0.838462 0.572464 0.025641 0.026570
388 0.835043 0.541063 0.027350 0.033816
1007 0.836752 0.504831 0.027350 0.036232
64 0.835897 0.462560 0.027350 0.038647
230 0.835043 0.417874 0.023932 0.038647
584 0.833333 0.376812 0.030769 0.043478
170 0.830769 0.333333 0.023932 0.038647
33 0.830769 0.295894 0.029060 0.036232
32 0.831624 0.253623 0.030769 0.043478
68 0.829915 0.212560 0.029060 0.033816
157 0.829060 0.177536 0.029060 0.028986
38 0.828205 0.144928 0.025641 0.026570
37 0.828205 0.115942 0.023932 0.026570
280 0.826496 0.088164 0.023932 0.026570
170 0.888034 0.917874 0.030769 0.031401
33 0.886325 0.886473 0.027350 0.024155
32 0.886325 0.856280 0.027350 0.033816
68 0.886325 0.823671 0.032479 0.026570
280 0.887179 0.788647 0.032479 0.031401
255 0.887179 0.754831 0.027350 0.031401
657 0.885470 0.722222 0.029060 0.026570
640 0.885470 0.688406 0.030769 0.036232
157 0.885470 0.654589 0.030769 0.031401
38 0.882051 0.611111 0.029060 0.041063
37 0.880342 0.566425 0.023932 0.038647
130 0.879487 0.526570 0.029060 0.036232
31 0.882051 0.485507 0.025641 0.038647
163 0.881197 0.443237 0.029060 0.033816
101 0.878632 0.408213 0.027350 0.031401
157 0.877778 0.370773 0.023932 0.033816
10 0.878632 0.338164 0.029060 0.031401
202 0.878632 0.303140 0.029060 0.036232
38 0.876923 0.263285 0.032479 0.031401
37 0.876923 0.229469 0.027350 0.028986
66 0.876068 0.195652 0.027350 0.031401
65 0.875214 0.160628 0.027350 0.036232
1036 0.873504 0.124396 0.025641 0.031401
64 0.873504 0.090580 0.029060 0.036232
1112 0.928205 0.917874 0.030769 0.028986
1112 0.927350 0.887681 0.027350 0.028986
1112 0.928205 0.856280 0.029060 0.028986
1112 0.927350 0.820048 0.027350 0.036232
1112 0.929060 0.785024 0.029060 0.026570
1112 0.930769 0.750000 0.029060 0.033816
1112 0.931624 0.708937 0.029060 0.038647
1112 0.929915 0.673913 0.032479 0.026570
1112 0.928205 0.641304 0.030769 0.031401
1112 0.928205 0.602657 0.032479 0.036232
1112 0.927350 0.560386 0.027350 0.031401
1112 0.928205 0.528986 0.030769 0.026570
127 0.923077 0.497585 0.030769 0.028986
163 0.923932 0.464976 0.023932 0.031401
84 0.923077 0.434783 0.020513 0.021739
170 0.924786 0.399758 0.022222 0.041063
137 0.923932 0.361111 0.029060 0.026570
495 0.923077 0.332126 0.023932 0.031401
162 0.921368 0.300725 0.025641 0.031401
420 0.922222 0.265700 0.027350 0.036232
35 0.923932 0.223430 0.027350 0.041063
167 0.921368 0.176329 0.034188 0.041063
166 0.921368 0.131643 0.022222 0.038647
1111 0.922222 0.090580 0.029060 0.036232
