0 0.090278 0.945626 0.024306 0.026005
0 0.090278 0.920804 0.026042 0.023641
0 0.090278 0.898345 0.027778 0.021277
0 0.090278 0.872340 0.029514 0.030733
0 0.090278 0.841608 0.027778 0.026005
0 0.091146 0.806147 0.029514 0.035461
0 0.089410 0.767139 0.027778 0.035461
0 0.089410 0.731678 0.024306 0.028369
0 0.091146 0.702128 0.027778 0.030733
0 0.092014 0.669031 0.029514 0.040189
0 0.092882 0.622931 0.031250 0.044917
0 0.092882 0.578014 0.027778 0.040189
0 0.094618 0.540189 0.027778 0.035461
0 0.094618 0.503546 0.031250 0.035461
0 0.096354 0.465721 0.027778 0.033097
0 0.097222 0.432624 0.029514 0.028369
0 0.098090 0.398345 0.029514 0.033097
0 0.098090 0.365248 0.026042 0.026005
0 0.098090 0.334515 0.029514 0.030733
0 0.099826 0.297872 0.029514 0.037825
0 0.100694 0.262411 0.031250 0.026005
0 0.101562 0.228132 0.027778 0.030733
0 0.102431 0.197400 0.026042 0.026005
0 0.103299 0.167849 0.029514 0.028369
0 0.101562 0.133570 0.026042 0.037825
0 0.136285 0.945626 0.024306 0.021277
0 0.136285 0.920804 0.027778 0.028369
0 0.136285 0.890071 0.027778 0.028369
0 0.137153 0.856974 0.031250 0.030733
0 0.136285 0.826241 0.029514 0.028369
0 0.137153 0.790780 0.029514 0.033097
0 0.137153 0.756501 0.026042 0.028369
0 0.139757 0.723404 0.029514 0.040189
0 0.139757 0.684397 0.026042 0.030733
0 0.141493 0.643026 0.027778 0.044917
0 0.142361 0.604019 0.026042 0.028369
0 0.143229 0.569740 0.027778 0.030733
0 0.144097 0.536643 0.022569 0.026005
0 0.144097 0.507092 0.024306 0.028369
0 0.144965 0.476359 0.029514 0.030733
294 0.146701 0.439716 0.031250 0.035461
21 0.147569 0.403073 0.032986 0.033097
111 0.148438 0.367612 0.031250 0.033097
32 0.149306 0.332151 0.027778 0.035461
28 0.149306 0.288416 0.029514 0.042553
78 0.149306 0.249409 0.027778 0.028369
35 0.150174 0.213948 0.029514 0.037825
233 0.150174 0.171395 0.026042 0.037825
77 0.149306 0.132388 0.031250 0.035461
35 0.183160 0.939716 0.024306 0.026005
172 0.182292 0.904255 0.027778 0.037825
64 0.182292 0.862884 0.027778 0.040189
635 0.184896 0.826241 0.026042 0.033097
175 0.185764 0.790780 0.026042 0.037825
25 0.186632 0.750591 0.027778 0.040189
1407 0.189236 0.711584 0.029514 0.033097
546 0.188368 0.676123 0.026042 0.033097
23 0.188368 0.639480 0.027778 0.037825
30 0.189236 0.599291 0.027778 0.035461
634 0.191840 0.565012 0.031250 0.033097
21 0.193576 0.529551 0.027778 0.033097
1177 0.193576 0.491726 0.027778 0.035461
279 0.193576 0.452719 0.029514 0.037825
495 0.195312 0.412530 0.031250 0.033097
318 0.196181 0.374704 0.026042 0.035461
83 0.197917 0.335697 0.031250 0.037825
112 0.198785 0.296690 0.031250 0.040189
82 0.199653 0.249409 0.031250 0.042553
319 0.200521 0.205674 0.031250 0.035461
136 0.200521 0.170213 0.027778 0.033097
632 0.200521 0.134752 0.031250 0.037825
96 0.233507 0.946809 0.024306 0.018913
615 0.233507 0.879433 0.029514 0.040189
1483 0.235243 0.838061 0.029514 0.040189
91 0.236111 0.793144 0.029514 0.035461
199 0.236979 0.755319 0.027778 0.030733
86 0.238715 0.722222 0.029514 0.033097
45 0.239583 0.689125 0.022569 0.028369
192 0.239583 0.658392 0.024306 0.030733
44 0.238715 0.626478 0.029514 0.030733
230 0.238715 0.589835 0.031250 0.037825
644 0.241319 0.548463 0.029514 0.042553
209 0.243924 0.504728 0.029514 0.040189
725 0.243924 0.463357 0.031250 0.035461
616 0.243056 0.430260 0.032986 0.028369
147 0.243924 0.397163 0.026042 0.026005
158 0.245660 0.362884 0.029514 0.037825
44 0.248264 0.328605 0.031250 0.028369
45 0.247396 0.297872 0.031250 0.030733
64 0.248264 0.258865 0.029514 0.042553
231 0.250000 0.217494 0.029514 0.033097
257 0.250868 0.186761 0.031250 0.028369
88 0.250868 0.158392 0.031250 0.028369
87 0.250868 0.130024 0.027778 0.028369
303 0.282118 0.872340 0.029514 0.030733
159 0.282118 0.836879 0.029514 0.035461
495 0.283854 0.797872 0.029514 0.040189
318 0.286458 0.755319 0.029514 0.042553
83 0.287326 0.716312 0.027778 0.033097
112 0.288194 0.682033 0.026042 0.033097
737 0.288194 0.647754 0.029514 0.037825
495 0.289931 0.608747 0.029514 0.033097
318 0.289931 0.581560 0.029514 0.026005
100 0.289931 0.550827 0.031250 0.035461
43 0.289931 0.511820 0.027778 0.033097
165 0.289931 0.478723 0.026042 0.030733
126 0.292535 0.443262 0.029514 0.033097
360 0.291667 0.405437 0.029514 0.040189
372 0.293403 0.371158 0.032986 0.028369
68 0.293403 0.345154 0.031250 0.030733
573 0.294271 0.310875 0.027778 0.040189
895 0.295139 0.267139 0.026042 0.042553
1517 0.296875 0.225768 0.029514 0.033097
158 0.296875 0.192671 0.027778 0.033097
791 0.297743 0.161939 0.031250 0.023641
50 0.298611 0.133570 0.027778 0.033097
401 0.328125 0.944444 0.024306 0.023641
130 0.327257 0.912530 0.026042 0.035461
68 0.328993 0.880615 0.026042 0.023641
1516 0.328993 0.855792 0.026042 0.023641
1515 0.329861 0.827423 0.029514 0.026005
130 0.330729 0.788416 0.027778 0.042553
68 0.330729 0.748227 0.026042 0.028369
1514 0.334201 0.713948 0.029514 0.037825
130 0.332465 0.674941 0.029514 0.037825
68 0.333333 0.634752 0.027778 0.037825
485 0.334201 0.599291 0.027778 0.030733
1005 0.335938 0.569740 0.029514 0.030733
1262 0.337674 0.528369 0.027778 0.047281
1005 0.337674 0.478723 0.027778 0.047281
1513 0.338542 0.436170 0.027778 0.033097
236 0.339410 0.394799 0.026042 0.040189
43 0.340278 0.356974 0.026042 0.030733
27 0.341146 0.317967 0.026042 0.042553
38 0.342882 0.278960 0.029514 0.037825
37 0.342882 0.239953 0.026042 0.033097
91 0.343750 0.205674 0.026042 0.030733
196 0.342882 0.173759 0.024306 0.030733
489 0.342014 0.140662 0.027778 0.035461
0 0.375000 0.930260 0.022569 0.030733
0 0.373264 0.901891 0.027778 0.026005
0 0.373264 0.873522 0.027778 0.026005
0 0.374132 0.836879 0.026042 0.037825
0 0.375868 0.799054 0.022569 0.035461
0 0.373264 0.758865 0.031250 0.033097
0 0.375868 0.724586 0.026042 0.033097
0 0.377604 0.691489 0.026042 0.028369
0 0.375868 0.658392 0.026042 0.037825
0 0.378472 0.617021 0.024306 0.040189
0 0.378472 0.579196 0.024306 0.035461
0 0.380208 0.539007 0.024306 0.035461
0 0.380208 0.501182 0.027778 0.033097
0 0.381944 0.466903 0.024306 0.033097
0 0.383681 0.432624 0.024306 0.035461
0 0.382812 0.400709 0.026042 0.026005
0 0.383681 0.372340 0.026042 0.028369
0 0.383681 0.340426 0.022569 0.028369
0 0.383681 0.312057 0.024306 0.026005
0 0.385417 0.281324 0.024306 0.033097
0 0.385417 0.248227 0.024306 0.030733
0 0.385417 0.215130 0.024306 0.033097
0 0.385417 0.183215 0.022569 0.030733
0 0.385417 0.147754 0.026042 0.035461
0 0.411458 0.911348 0.024306 0.033097
0 0.414931 0.874704 0.020833 0.033097
0 0.414931 0.842790 0.022569 0.030733
0 0.414062 0.806147 0.027778 0.035461
0 0.414062 0.768322 0.024306 0.035461
0 0.413194 0.735225 0.022569 0.028369
0 0.414062 0.699764 0.024306 0.035461
0 0.414931 0.661939 0.022569 0.033097
0 0.414931 0.625296 0.022569 0.033097
0 0.415799 0.591017 0.026042 0.035461
0 0.416667 0.552009 0.022569 0.037825
0 0.417535 0.509456 0.022569 0.040189
0 0.419271 0.471631 0.020833 0.033097
0 0.419271 0.436170 0.020833 0.035461
0 0.419271 0.400709 0.022569 0.030733
0 0.419271 0.369976 0.019097 0.028369
0 0.420139 0.338061 0.019097 0.030733
0 0.420139 0.304965 0.017361 0.028369
0 0.420139 0.275414 0.019097 0.026005
0 0.421007 0.247045 0.017361 0.023641
0 0.421007 0.217494 0.019097 0.030733
0 0.421875 0.183215 0.019097 0.030733
0 0.421007 0.151300 0.019097 0.028369
302 0.447917 0.908983 0.020833 0.028369
163 0.448785 0.875887 0.019097 0.028369
44 0.448785 0.840426 0.017361 0.030733
45 0.448785 0.807329 0.019097 0.026005
644 0.448785 0.775414 0.017361 0.030733
167 0.448785 0.741135 0.020833 0.026005
166 0.447917 0.710402 0.019097 0.026005
237 0.448785 0.678487 0.019097 0.026005
236 0.447917 0.650118 0.019097 0.023641
44 0.448785 0.619385 0.019097 0.026005
77 0.448785 0.340426 0.015625 0.021277
45 0.448785 0.314421 0.015625 0.021277
254 0.610243 0.361702 0.024306 0.026005
38 0.608507 0.338061 0.022569 0.023641
37 0.607639 0.313239 0.024306 0.030733
21 0.607639 0.284870 0.024306 0.021277
366 0.605903 0.251773 0.024306 0.035461
449 0.605035 0.216312 0.027778 0.033097
23 0.603299 0.185579 0.019097 0.026005
109 0.601562 0.159574 0.020833 0.023641
380 0.599826 0.127660 0.024306 0.035461
190 0.759549 0.716312 0.022569 0.026005
66 0.757812 0.687943 0.024306 0.028369
28 0.756076 0.654846 0.027778 0.028369
726 0.755208 0.622931 0.029514 0.033097
190 0.753472 0.585106 0.026042 0.035461
23 0.752604 0.547281 0.031250 0.033097
67 0.751736 0.515366 0.031250 0.026005
54 0.750000 0.479905 0.027778 0.042553
632 0.746528 0.438534 0.027778 0.035461
91 0.743056 0.404255 0.024306 0.028369
199 0.742188 0.371158 0.029514 0.033097
130 0.742188 0.334515 0.024306 0.033097
165 0.806424 0.758865 0.026042 0.028369
371 0.804688 0.724586 0.026042 0.035461
221 0.805556 0.686761 0.027778 0.033097
414 0.802083 0.653664 0.031250 0.030733
492 0.801215 0.620567 0.031250 0.026005
28 0.799479 0.591017 0.026042 0.030733
222 0.798611 0.550827 0.029514 0.042553
171 0.796007 0.513002 0.029514 0.028369
43 0.796007 0.479905 0.032986 0.033097
157 0.795139 0.444444 0.032986 0.030733
38 0.794271 0.417258 0.027778 0.028369
37 0.792535 0.390071 0.031250 0.026005
21 0.790799 0.359338 0.029514 0.028369
129 0.789062 0.326241 0.031250 0.028369
83 0.850694 0.747045 0.024306 0.026005
293 0.848958 0.710402 0.027778 0.042553
1512 0.848090 0.669031 0.027778 0.037825
166 0.847222 0.632388 0.026042 0.033097
66 0.845486 0.596927 0.027778 0.033097
178 0.843750 0.561466 0.026042 0.035461
192 0.841146 0.521277 0.031250 0.037825
282 0.841146 0.479905 0.027778 0.040189
153 0.839410 0.442080 0.031250 0.037825
429 0.838542 0.406619 0.029514 0.030733
260 0.836806 0.374704 0.029514 0.030733
136 0.835938 0.341608 0.022569 0.028369
157 0.834201 0.312057 0.029514 0.026005
38 0.832465 0.283688 0.027778 0.030733
