0 0.087986 0.859069 0.028765 0.044118
0 0.088832 0.813725 0.027073 0.034314
0 0.092217 0.767157 0.027073 0.039216
0 0.091371 0.718137 0.020305 0.041667
0 0.092217 0.670343 0.021997 0.044118
0 0.094755 0.621324 0.027073 0.039216
0 0.097293 0.574755 0.032149 0.039216
0 0.095601 0.526961 0.021997 0.039216
0 0.098139 0.482843 0.027073 0.039216
0 0.098985 0.442402 0.028765 0.029412
0 0.100677 0.409314 0.027073 0.039216
0 0.100677 0.370098 0.027073 0.026961
0 0.102369 0.329657 0.028765 0.044118
0 0.100677 0.285539 0.025381 0.034314
0 0.102369 0.240196 0.023689 0.041667
0 0.102369 0.192402 0.027073 0.036765
0 0.104061 0.149510 0.027073 0.039216
0 0.104061 0.107843 0.030457 0.034314
0 0.103215 0.069853 0.027073 0.031863
0 0.135364 0.821078 0.030457 0.034314
0 0.137056 0.779412 0.030457 0.036765
0 0.137056 0.738971 0.027073 0.036765
0 0.138748 0.700980 0.027073 0.036765
0 0.139594 0.650735 0.023689 0.051471
0 0.138748 0.604167 0.027073 0.034314
0 0.142132 0.567402 0.027073 0.026961
0 0.142978 0.530637 0.025381 0.036765
0 0.142132 0.488971 0.021997 0.036765
0 0.143824 0.449755 0.025381 0.034314
0 0.145516 0.414216 0.032149 0.029412
0 0.148054 0.378676 0.028765 0.036765
0 0.148054 0.335784 0.025381 0.036765
0 0.147208 0.296569 0.025381 0.034314
0 0.147208 0.264706 0.023689 0.022059
0 0.148054 0.234069 0.021997 0.034314
0 0.151438 0.202206 0.027073 0.024510
0 0.148900 0.166667 0.030457 0.041667
0 0.149746 0.126225 0.032149 0.029412
0 0.151438 0.080882 0.028765 0.051471
0 0.180203 0.908088 0.028765 0.026961
0 0.179357 0.875000 0.025381 0.031863
0 0.179357 0.839461 0.021997 0.026961
0 0.181895 0.807598 0.025381 0.024510
0 0.182741 0.774510 0.028765 0.034314
0 0.182741 0.732843 0.027073 0.039216
0 0.185279 0.694853 0.027073 0.036765
0 0.184433 0.656863 0.023689 0.029412
0 0.184433 0.622549 0.025381 0.036765
0 0.187817 0.585784 0.025381 0.029412
0 0.188663 0.552696 0.030457 0.034314
0 0.190355 0.518382 0.030457 0.031863
0 0.190355 0.480392 0.021997 0.036765
0 0.192047 0.448529 0.025381 0.024510
0 0.192047 0.417892 0.025381 0.029412
0 0.194585 0.381127 0.025381 0.031863
0 0.194585 0.341912 0.025381 0.039216
0 0.196277 0.302696 0.027073 0.031863
0 0.196277 0.263480 0.023689 0.039216
0 0.196277 0.221814 0.027073 0.036765
0 0.198816 0.172794 0.028765 0.046569
0 0.198816 0.123775 0.032149 0.041667
0 0.225888 0.937500 0.033841 0.034314
0 0.226734 0.904412 0.030457 0.029412
0 0.227580 0.868873 0.027073 0.031863
0 0.225888 0.824755 0.028765 0.034314
0 0.227580 0.780637 0.021997 0.036765
0 0.228426 0.735294 0.032149 0.051471
0 0.230118 0.688725 0.025381 0.029412
0 0.231810 0.647059 0.032149 0.041667
0 0.231810 0.593137 0.030457 0.053922
0 0.232657 0.541667 0.025381 0.039216
0 0.233503 0.500000 0.030457 0.036765
0 0.235195 0.455882 0.030457 0.044118
264 0.240271 0.412990 0.032149 0.036765
178 0.240271 0.372549 0.023689 0.031863
224 0.242809 0.328431 0.025381 0.046569
178 0.241117 0.287990 0.023689 0.029412
71 0.241963 0.252451 0.030457 0.036765
70 0.241963 0.214461 0.025381 0.036765
27 0.242809 0.177696 0.030457 0.029412
38 0.244501 0.143382 0.023689 0.029412
37 0.245347 0.107843 0.025381 0.034314
129 0.245347 0.072304 0.027073 0.029412
37 0.273266 0.800245 0.021997 0.041667
181 0.276650 0.753676 0.028765 0.039216
180 0.277496 0.713235 0.030457 0.031863
82 0.279188 0.677696 0.027073 0.029412
85 0.278342 0.629902 0.030457 0.046569
340 0.280880 0.584559 0.028765 0.031863
281 0.282572 0.536765 0.027073 0.044118
113 0.282572 0.492647 0.030457 0.041667
550 0.285956 0.443627 0.027073 0.039216
549 0.285956 0.398284 0.032149 0.036765
421 0.288494 0.360294 0.032149 0.039216
83 0.290186 0.316176 0.028765 0.036765
456 0.291032 0.273284 0.030457 0.039216
67 0.291878 0.232843 0.032149 0.029412
23 0.321489 0.825980 0.028765 0.029412
129 0.322335 0.787990 0.030457 0.036765
84 0.324027 0.745098 0.025381 0.036765
83 0.324873 0.705882 0.025381 0.031863
495 0.327411 0.665441 0.030457 0.034314
23 0.328257 0.625000 0.025381 0.034314
146 0.327411 0.578431 0.033841 0.051471
437 0.331641 0.529412 0.032149 0.039216
82 0.332487 0.488971 0.030457 0.041667
393 0.335025 0.441176 0.027073 0.046569
23 0.332487 0.393382 0.028765 0.039216
67 0.336717 0.354167 0.027073 0.031863
165 0.335871 0.316176 0.032149 0.039216
83 0.337563 0.279412 0.027073 0.024510
64 0.337563 0.245098 0.025381 0.034314
548 0.340102 0.199755 0.023689 0.044118
100 0.369712 0.938725 0.030457 0.034314
547 0.371404 0.901961 0.032149 0.031863
546 0.372250 0.863971 0.030457 0.034314
146 0.372250 0.825980 0.032149 0.031863
68 0.372250 0.785539 0.030457 0.039216
133 0.373096 0.740196 0.025381 0.041667
227 0.374788 0.697304 0.028765 0.034314
226 0.374788 0.661765 0.028765 0.031863
167 0.374788 0.632353 0.027073 0.024510
100 0.376481 0.595588 0.021997 0.036765
495 0.378173 0.555147 0.030457 0.034314
321 0.378173 0.513480 0.027073 0.034314
545 0.379865 0.474265 0.035533 0.036765
267 0.379865 0.435049 0.027073 0.034314
160 0.382403 0.390931 0.023689 0.036765
159 0.384095 0.346814 0.028765 0.039216
534 0.383249 0.299020 0.033841 0.046569
533 0.384095 0.254902 0.032149 0.031863
421 0.384095 0.223039 0.023689 0.022059
83 0.387479 0.187500 0.028765 0.036765
105 0.388325 0.148284 0.032149 0.029412
45 0.386633 0.113971 0.028765 0.031863
104 0.388325 0.079657 0.030457 0.029412
199 0.423012 0.778186 0.030457 0.029412
198 0.424704 0.738971 0.028765 0.036765
77 0.425550 0.699755 0.025381 0.031863
544 0.424704 0.664216 0.023689 0.022059
543 0.427242 0.625000 0.027073 0.039216
542 0.428934 0.580882 0.033841 0.039216
150 0.428934 0.534314 0.028765 0.036765
541 0.430626 0.500000 0.027073 0.022059
540 0.430626 0.469363 0.027073 0.039216
198 0.432318 0.422794 0.028765 0.044118
539 0.432318 0.375000 0.028765 0.036765
266 0.434010 0.333333 0.027073 0.039216
538 0.435702 0.287990 0.033841 0.039216
537 0.435702 0.272059 0.033841 0.044118
335 0.436548 0.220588 0.023689 0.041667
43 0.437394 0.181373 0.030457 0.034314
165 0.438240 0.116422 0.028765 0.036765
437 0.437394 0.080882 0.028765 0.031863
0 0.469543 0.829657 0.030457 0.034314
0 0.470389 0.786765 0.028765 0.039216
0 0.474619 0.741422 0.030457 0.034314
0 0.474619 0.702206 0.028765 0.031863
0 0.476311 0.669118 0.030457 0.029412
0 0.475465 0.637255 0.028765 0.034314
0 0.476311 0.590686 0.023689 0.044118
0 0.478003 0.546569 0.027073 0.039216
0 0.478849 0.512255 0.025381 0.022059
0 0.480541 0.477941 0.025381 0.039216
0 0.480541 0.432598 0.025381 0.041667
0 0.481387 0.390931 0.025381 0.031863
0 0.483080 0.355392 0.028765 0.029412
0 0.482234 0.322304 0.025381 0.031863
0 0.483080 0.283088 0.028765 0.036765
0 0.484772 0.241422 0.027073 0.039216
0 0.484772 0.188725 0.027073 0.051471
0 0.483926 0.139706 0.027073 0.034314
0 0.484772 0.095588 0.027073 0.044118
0 0.570220 0.930147 0.030457 0.031863
0 0.566836 0.892157 0.028765 0.034314
0 0.567682 0.848039 0.030457 0.041667
0 0.568528 0.800245 0.030457 0.036765
0 0.565990 0.753676 0.030457 0.039216
0 0.563452 0.702206 0.030457 0.049020
0 0.565990 0.648284 0.030457 0.044118
0 0.567682 0.596814 0.027073 0.044118
0 0.566836 0.546569 0.028765 0.044118
0 0.566836 0.500000 0.027073 0.044118
0 0.567682 0.458333 0.030457 0.031863
0 0.564298 0.414216 0.030457 0.046569
0 0.564298 0.370098 0.027073 0.029412
0 0.564298 0.324755 0.027073 0.044118
0 0.566836 0.272059 0.030457 0.044118
0 0.565990 0.227941 0.027073 0.039216
0 0.565990 0.183824 0.027073 0.036765
0 0.565990 0.142157 0.030457 0.039216
0 0.562606 0.093137 0.028765 0.046569
0 0.614213 0.952206 0.027073 0.029412
0 0.615905 0.915441 0.027073 0.034314
0 0.616751 0.872549 0.027073 0.036765
0 0.617597 0.827206 0.028765 0.044118
0 0.616751 0.786765 0.030457 0.034314
0 0.616751 0.746324 0.025381 0.036765
0 0.616751 0.705882 0.030457 0.036765
0 0.615905 0.666667 0.023689 0.031863
0 0.615905 0.631127 0.020305 0.029412
0 0.614213 0.598039 0.020305 0.029412
0 0.615059 0.555147 0.028765 0.046569
0 0.613367 0.511029 0.027073 0.029412
0 0.615059 0.466912 0.030457 0.044118
0 0.615905 0.416667 0.023689 0.041667
0 0.614213 0.370098 0.025381 0.044118
0 0.615059 0.324755 0.032149 0.036765
0 0.614213 0.283088 0.028765 0.036765
0 0.614213 0.242647 0.030457 0.039216
0 0.612521 0.197304 0.025381 0.039216
0 0.613367 0.159314 0.027073 0.034314
0 0.614213 0.123775 0.030457 0.034314
0 0.611675 0.084559 0.030457 0.039216
0 0.667513 0.612745 0.027073 0.049020
0 0.665821 0.567402 0.021997 0.024510
0 0.664975 0.537990 0.025381 0.029412
0 0.664975 0.495098 0.030457 0.041667
0 0.665821 0.446078 0.030457 0.041667
0 0.663283 0.401961 0.027073 0.039216
0 0.664129 0.351716 0.027073 0.046569
0 0.663283 0.303922 0.030457 0.046569
0 0.662437 0.262255 0.030457 0.029412
0 0.662437 0.216912 0.025381 0.044118
0 0.662437 0.170343 0.032149 0.039216
0 0.662437 0.132353 0.032149 0.031863
0 0.662437 0.089461 0.032149 0.046569
0 0.716582 0.952206 0.028765 0.031863
0 0.717428 0.914216 0.028765 0.034314
0 0.718274 0.879902 0.030457 0.031863
0 0.714890 0.840686 0.025381 0.039216
0 0.715736 0.785539 0.028765 0.046569
0 0.716582 0.732843 0.025381 0.044118
0 0.715736 0.678922 0.028765 0.051471
0 0.715736 0.627451 0.028765 0.039216
0 0.714044 0.584559 0.023689 0.044118
0 0.713198 0.535539 0.028765 0.041667
0 0.711506 0.497549 0.018613 0.022059
0 0.710660 0.468137 0.023689 0.029412
0 0.709814 0.435049 0.023689 0.024510
0 0.711506 0.398284 0.027073 0.036765
0 0.710660 0.360294 0.030457 0.036765
0 0.709814 0.321078 0.023689 0.034314
0 0.710660 0.286765 0.018613 0.031863
0 0.707276 0.252451 0.028765 0.034314
0 0.710660 0.212010 0.023689 0.044118
0 0.707276 0.162990 0.027073 0.044118
0 0.706430 0.116422 0.025381 0.039216
0 0.704738 0.079657 0.027073 0.031863
82 0.764805 0.936275 0.030457 0.044118
85 0.763959 0.890931 0.030457 0.034314
536 0.764805 0.850490 0.030457 0.039216
535 0.763959 0.810049 0.027073 0.034314
91 0.763113 0.768382 0.028765 0.039216
199 0.760575 0.724265 0.032149 0.036765
166 0.761421 0.676471 0.027073 0.051471
303 0.759729 0.620098 0.028765 0.046569
159 0.758883 0.569853 0.030457 0.046569
534 0.759729 0.519608 0.027073 0.046569
533 0.758883 0.473039 0.028765 0.039216
83 0.759729 0.430147 0.030457 0.036765
532 0.756345 0.392157 0.032149 0.024510
161 0.756345 0.355392 0.030457 0.034314
66 0.757191 0.312500 0.025381 0.044118
531 0.755499 0.262255 0.028765 0.039216
0 0.753807 0.219363 0.020305 0.041667
0 0.753807 0.167892 0.028765 0.044118
0 0.752115 0.120098 0.025381 0.039216
0 0.751269 0.079657 0.027073 0.039216
146 0.812183 0.922794 0.023689 0.039216
528 0.811337 0.876225 0.028765 0.046569
327 0.809645 0.824755 0.030457 0.031863
513 0.808799 0.781863 0.030457 0.039216
167 0.807107 0.741422 0.027073 0.031863
527 0.807953 0.687500 0.023689 0.051471
480 0.807953 0.632353 0.027073 0.039216
146 0.807107 0.588235 0.030457 0.041667
21 0.805415 0.537990 0.027073 0.044118
526 0.805415 0.492647 0.028765 0.041667
243 0.803723 0.448529 0.023689 0.041667
91 0.803723 0.408088 0.030457 0.029412
163 0.802030 0.368873 0.030457 0.034314
100 0.802030 0.329657 0.030457 0.036765
67 0.802030 0.285539 0.021997 0.039216
146 0.802030 0.240196 0.028765 0.039216
43 0.800338 0.189951 0.028765 0.049020
530 0.799492 0.136029 0.028765 0.044118
529 0.799492 0.083333 0.030457 0.049020
199 0.857868 0.944853 0.025381 0.031863
166 0.857868 0.911765 0.027073 0.034314
525 0.855330 0.873775 0.027073 0.034314
494 0.855330 0.829657 0.027073 0.039216
165 0.853638 0.781863 0.032149 0.044118
468 0.852792 0.736520 0.028765 0.039216
458 0.851946 0.693627 0.027073 0.036765
221 0.853638 0.650735 0.027073 0.034314
77 0.851100 0.610294 0.030457 0.046569
524 0.851100 0.563725 0.030457 0.039216
523 0.851946 0.518382 0.032149 0.036765
522 0.849408 0.477941 0.028765 0.036765
165 0.850254 0.436275 0.028765 0.034314
521 0.848562 0.397059 0.023689 0.034314
43 0.850254 0.359069 0.020305 0.036765
437 0.848562 0.323529 0.025381 0.034314
100 0.849408 0.285539 0.032149 0.034314
68 0.846870 0.242647 0.027073 0.044118
397 0.846870 0.188725 0.027073 0.046569
167 0.846024 0.149510 0.025381 0.031863
23 0.844332 0.110294 0.023689 0.031863
136 0.846024 0.074755 0.020305 0.031863
165 0.903553 0.946078 0.023689 0.022059
437 0.904399 0.914216 0.028765 0.036765
82 0.904399 0.868873 0.027073 0.041667
519 0.905245 0.822304 0.025381 0.039216
421 0.904399 0.784314 0.032149 0.026961
100 0.901015 0.747549 0.030457 0.034314
67 0.901015 0.699755 0.023689 0.044118
518 0.901861 0.653186 0.030457 0.039216
43 0.900169 0.610294 0.023689 0.039216
113 0.898477 0.569853 0.028765 0.034314
517 0.900169 0.523284 0.028765 0.049020
516 0.901015 0.473039 0.028765 0.044118
515 0.899323 0.428922 0.030457 0.031863
514 0.897631 0.388480 0.027073 0.036765
166 0.897631 0.344363 0.027073 0.034314
100 0.897631 0.305147 0.028765 0.034314
43 0.895939 0.263480 0.030457 0.034314
150 0.895939 0.229167 0.033841 0.029412
513 0.893401 0.194853 0.032149 0.029412
21 0.894247 0.153186 0.028765 0.044118
520 0.892555 0.109069 0.028765 0.029412
84 0.895939 0.071078 0.030457 0.034314
467 0.948393 0.921569 0.021997 0.044118
335 0.949239 0.879902 0.025381 0.034314
78 0.950085 0.841912 0.027073 0.031863
221 0.950931 0.801471 0.030457 0.036765
77 0.948393 0.757353 0.030457 0.034314
165 0.949239 0.724265 0.027073 0.024510
437 0.947547 0.692402 0.023689 0.031863
82 0.949239 0.648284 0.020305 0.041667
85 0.947547 0.601716 0.028765 0.039216
146 0.947547 0.556373 0.032149 0.039216
68 0.945854 0.503676 0.027073 0.051471
511 0.943316 0.457108 0.030457 0.036765
315 0.944162 0.414216 0.021997 0.036765
165 0.944162 0.373775 0.027073 0.036765
510 0.944162 0.339461 0.023689 0.026961
21 0.944162 0.306373 0.027073 0.031863
509 0.943316 0.269608 0.021997 0.029412
508 0.939932 0.236520 0.027073 0.031863
507 0.942470 0.196078 0.027073 0.039216
44 0.940778 0.154412 0.030457 0.036765
513 0.937394 0.113971 0.028765 0.031863
512 0.938240 0.079657 0.028765 0.031863
