0 0.114286 0.964109 0.030252 0.032178
0 0.111765 0.928218 0.021849 0.032178
0 0.114286 0.893564 0.020168 0.029703
0 0.113445 0.856436 0.023529 0.032178
0 0.115126 0.816832 0.030252 0.034653
0 0.116807 0.780941 0.030252 0.027228
0 0.116807 0.747525 0.025210 0.037129
0 0.116807 0.704208 0.025210 0.037129
0 0.116807 0.670792 0.030252 0.029703
0 0.119328 0.634901 0.026891 0.034653
0 0.119328 0.599010 0.028571 0.029703
0 0.117647 0.566832 0.028571 0.032178
0 0.118487 0.529703 0.026891 0.034653
0 0.119328 0.492574 0.028571 0.034653
0 0.117647 0.455446 0.025210 0.032178
0 0.119328 0.422030 0.018487 0.032178
0 0.120168 0.388614 0.021849 0.032178
0 0.121008 0.345297 0.025210 0.042079
0 0.121849 0.298267 0.021849 0.042079
0 0.121008 0.253713 0.025210 0.034653
0 0.121849 0.220297 0.023529 0.034653
0 0.122689 0.183168 0.023529 0.029703
0 0.123529 0.147277 0.030252 0.029703
0 0.125210 0.110149 0.031933 0.037129
0 0.157143 0.956683 0.026891 0.044554
0 0.158824 0.914604 0.023529 0.029703
0 0.157143 0.888614 0.025210 0.037129
0 0.156303 0.850248 0.031933 0.034653
0 0.159664 0.810644 0.028571 0.034653
0 0.159664 0.773515 0.030252 0.032178
0 0.159664 0.740099 0.025210 0.029703
0 0.160504 0.705446 0.028571 0.034653
0 0.160504 0.667079 0.026891 0.032178
0 0.163025 0.633663 0.020168 0.029703
0 0.161345 0.601485 0.028571 0.032178
0 0.165546 0.563119 0.026891 0.037129
0 0.166387 0.524752 0.026891 0.037129
0 0.167227 0.478960 0.025210 0.044554
0 0.166387 0.434406 0.028571 0.034653
0 0.166387 0.391089 0.031933 0.047030
0 0.169748 0.346535 0.030252 0.037129
0 0.168067 0.309406 0.021849 0.029703
0 0.169748 0.274752 0.026891 0.034653
0 0.168908 0.242574 0.026891 0.017327
0 0.168067 0.211634 0.028571 0.034653
0 0.167227 0.173267 0.026891 0.032178
0 0.168908 0.141089 0.020168 0.024752
0 0.169748 0.110149 0.018487 0.029703
0 0.200840 0.923267 0.023529 0.029703
0 0.201681 0.884901 0.030252 0.037129
0 0.202521 0.839109 0.026891 0.042079
0 0.204202 0.797030 0.021849 0.037129
0 0.206723 0.758663 0.028571 0.032178
0 0.204202 0.721535 0.028571 0.034653
0 0.207563 0.681931 0.028571 0.037129
0 0.207563 0.636139 0.031933 0.044554
0 0.210924 0.590347 0.026891 0.039604
0 0.210924 0.554455 0.026891 0.019802
0 0.211765 0.523515 0.026891 0.039604
0 0.210084 0.485149 0.026891 0.032178
0 0.209244 0.452970 0.018487 0.027228
0 0.211765 0.420792 0.020168 0.032178
0 0.210924 0.388614 0.021849 0.029703
0 0.211765 0.352723 0.021849 0.034653
0 0.214286 0.319307 0.021849 0.032178
0 0.215126 0.282178 0.023529 0.034653
0 0.214286 0.246287 0.023529 0.032178
0 0.216807 0.206683 0.021849 0.037129
0 0.216807 0.169554 0.026891 0.032178
0 0.215126 0.139851 0.023529 0.019802
0 0.215126 0.110149 0.020168 0.029703
0 0.246218 0.966584 0.033613 0.027228
0 0.248739 0.934406 0.028571 0.034653
0 0.248739 0.892327 0.030252 0.044554
0 0.252101 0.844059 0.023529 0.039604
0 0.250420 0.804455 0.030252 0.032178
0 0.248739 0.771040 0.026891 0.027228
0 0.248739 0.743812 0.023529 0.022277
0 0.250420 0.707921 0.028571 0.037129
0 0.252941 0.669554 0.028571 0.037129
0 0.253782 0.633663 0.023529 0.022277
0 0.254622 0.602723 0.028571 0.037129
0 0.252941 0.563119 0.030252 0.034653
0 0.252941 0.528465 0.020168 0.027228
0 0.254622 0.496287 0.020168 0.032178
0 0.254622 0.464109 0.025210 0.029703
0 0.255462 0.429455 0.023529 0.034653
45 0.257143 0.389851 0.031933 0.034653
44 0.258824 0.352723 0.026891 0.032178
82 0.259664 0.310644 0.028571 0.044554
393 0.258824 0.266089 0.021849 0.039604
795 0.259664 0.226485 0.026891 0.032178
655 0.260504 0.189356 0.033613 0.034653
38 0.260504 0.153465 0.026891 0.032178
37 0.262185 0.113861 0.025210 0.037129
136 0.290756 0.957921 0.021849 0.042079
221 0.293277 0.915842 0.031933 0.037129
77 0.292437 0.876238 0.026891 0.037129
1002 0.294118 0.839109 0.023529 0.034653
1001 0.296639 0.803218 0.026891 0.027228
29 0.296639 0.764851 0.030252 0.039604
221 0.298319 0.720297 0.030252 0.037129
136 0.297479 0.686881 0.023529 0.022277
151 0.300840 0.653465 0.031933 0.037129
214 0.297479 0.613861 0.030252 0.032178
213 0.298319 0.580446 0.020168 0.027228
91 0.298319 0.550743 0.023529 0.032178
16 0.299160 0.518564 0.023529 0.029703
45 0.299160 0.481436 0.026891 0.034653
54 0.300000 0.438119 0.028571 0.037129
15 0.302521 0.398515 0.026891 0.029703
736 0.303361 0.362624 0.033613 0.034653
498 0.302521 0.321782 0.036975 0.039604
91 0.302521 0.284653 0.031933 0.032178
203 0.305882 0.247525 0.031933 0.037129
248 0.303361 0.209158 0.025210 0.032178
23 0.308403 0.178218 0.026891 0.022277
30 0.309244 0.149752 0.028571 0.034653
227 0.309244 0.112624 0.028571 0.034653
133 0.347059 0.521040 0.021849 0.037129
163 0.348739 0.482673 0.025210 0.032178
1000 0.347899 0.450495 0.018487 0.029703
122 0.348739 0.419554 0.023529 0.029703
68 0.351261 0.384901 0.030252 0.032178
21 0.352101 0.346535 0.023529 0.039604
999 0.351261 0.301980 0.028571 0.037129
147 0.351261 0.262376 0.030252 0.037129
146 0.352941 0.221535 0.030252 0.039604
305 0.352941 0.180693 0.033613 0.037129
676 0.352101 0.144802 0.026891 0.029703
82 0.352101 0.113861 0.021849 0.027228
998 0.388235 0.978960 0.023529 0.024752
424 0.385714 0.948020 0.030252 0.032178
23 0.384874 0.910891 0.030252 0.034653
30 0.386555 0.866337 0.030252 0.039604
238 0.387395 0.820545 0.028571 0.044554
644 0.387395 0.778465 0.030252 0.029703
762 0.387395 0.746287 0.025210 0.027228
933 0.390756 0.711634 0.028571 0.034653
112 0.390756 0.669554 0.028571 0.039604
954 0.390756 0.622525 0.026891 0.044554
956 0.391597 0.575495 0.028571 0.034653
814 0.391597 0.542079 0.021849 0.032178
284 0.393277 0.503713 0.023529 0.037129
67 0.393277 0.459158 0.021849 0.039604
842 0.394118 0.414604 0.026891 0.042079
997 0.395798 0.375000 0.023529 0.034653
442 0.394958 0.337871 0.028571 0.032178
732 0.394958 0.304455 0.026891 0.032178
996 0.396639 0.266089 0.023529 0.039604
732 0.394958 0.227723 0.025210 0.034653
995 0.394958 0.185644 0.025210 0.039604
314 0.394958 0.147277 0.026891 0.034653
146 0.395798 0.115099 0.026891 0.029703
146 0.429412 0.976485 0.031933 0.034653
994 0.429412 0.945545 0.031933 0.032178
146 0.430252 0.904703 0.023529 0.042079
993 0.431933 0.862624 0.031933 0.032178
146 0.431092 0.827970 0.030252 0.032178
174 0.432773 0.797030 0.021849 0.024752
146 0.433613 0.764851 0.031933 0.034653
73 0.434454 0.724010 0.025210 0.037129
146 0.432773 0.685644 0.023529 0.029703
992 0.434454 0.649752 0.028571 0.032178
67 0.431933 0.613861 0.021849 0.027228
840 0.435294 0.579208 0.026891 0.032178
284 0.438655 0.540842 0.025210 0.042079
67 0.438655 0.496287 0.030252 0.037129
585 0.438655 0.456683 0.023529 0.037129
811 0.439496 0.412129 0.033613 0.042079
954 0.436975 0.370050 0.028571 0.034653
112 0.436975 0.329208 0.026891 0.042079
21 0.438655 0.284653 0.026891 0.034653
494 0.438655 0.247525 0.028571 0.032178
655 0.442017 0.207921 0.025210 0.042079
38 0.442857 0.167079 0.023529 0.037129
37 0.441176 0.123762 0.025210 0.042079
162 0.478992 0.966584 0.026891 0.039604
109 0.477311 0.926980 0.023529 0.039604
78 0.478151 0.882426 0.021849 0.037129
146 0.479832 0.841584 0.023529 0.034653
109 0.478992 0.806931 0.025210 0.032178
165 0.478151 0.773515 0.030252 0.027228
991 0.478151 0.742574 0.028571 0.032178
360 0.479832 0.705446 0.023529 0.029703
990 0.479832 0.667079 0.025210 0.032178
302 0.479832 0.626238 0.028571 0.039604
147 0.479832 0.581683 0.026891 0.039604
219 0.480672 0.539604 0.028571 0.039604
64 0.479832 0.502475 0.023529 0.022277
448 0.480672 0.471535 0.026891 0.037129
713 0.478151 0.428218 0.028571 0.034653
213 0.480672 0.388614 0.018487 0.032178
91 0.481513 0.352723 0.018487 0.029703
16 0.481513 0.321782 0.020168 0.029703
21 0.484874 0.274752 0.030252 0.039604
795 0.484874 0.230198 0.025210 0.044554
655 0.484874 0.175743 0.025210 0.051980
38 0.484874 0.126238 0.026891 0.042079
0 0.572269 0.868812 0.018487 0.029703
0 0.571429 0.831683 0.021849 0.032178
0 0.568908 0.797030 0.023529 0.032178
0 0.569748 0.761139 0.023529 0.032178
0 0.568067 0.720297 0.020168 0.037129
0 0.567227 0.669554 0.025210 0.047030
0 0.565546 0.621287 0.026891 0.037129
21 0.562185 0.579208 0.021849 0.037129
494 0.562185 0.537129 0.021849 0.037129
795 0.559664 0.496287 0.025210 0.037129
655 0.560504 0.462871 0.025210 0.032178
38 0.559664 0.420792 0.028571 0.044554
37 0.559664 0.371287 0.028571 0.044554
31 0.559664 0.327970 0.026891 0.032178
163 0.557143 0.290842 0.028571 0.039604
11 0.554622 0.250000 0.025210 0.042079
10 0.556303 0.164604 0.030252 0.032178
202 0.554622 0.129950 0.025210 0.032178
0 0.621008 0.977723 0.025210 0.019802
0 0.620168 0.920792 0.025210 0.029703
0 0.620168 0.887376 0.028571 0.032178
0 0.617647 0.850248 0.026891 0.032178
0 0.615966 0.816832 0.021849 0.032178
0 0.616807 0.780941 0.021849 0.034653
0 0.617647 0.738861 0.030252 0.037129
0 0.614286 0.699257 0.025210 0.029703
0 0.615126 0.667079 0.030252 0.027228
0 0.615126 0.626238 0.025210 0.042079
0 0.611765 0.579208 0.021849 0.042079
0 0.612605 0.540842 0.023529 0.037129
0 0.610924 0.507426 0.030252 0.029703
0 0.608403 0.465347 0.023529 0.042079
0 0.605882 0.423267 0.025210 0.032178
0 0.605882 0.386139 0.028571 0.039604
0 0.606723 0.342822 0.026891 0.039604
0 0.663866 0.846535 0.023529 0.029703
0 0.661345 0.810644 0.025210 0.032178
0 0.660504 0.773515 0.028571 0.042079
0 0.660504 0.731436 0.023529 0.027228
0 0.660504 0.694307 0.028571 0.037129
0 0.658824 0.659653 0.023529 0.022277
0 0.660504 0.627475 0.028571 0.037129
0 0.657143 0.587871 0.026891 0.032178
0 0.653782 0.551980 0.018487 0.027228
0 0.652941 0.519802 0.020168 0.027228
0 0.652101 0.487624 0.023529 0.029703
0 0.652101 0.449257 0.021849 0.037129
0 0.651261 0.402228 0.025210 0.042079
0 0.650420 0.357673 0.021849 0.037129
0 0.648739 0.314356 0.028571 0.042079
0 0.648739 0.272277 0.028571 0.032178
0 0.646218 0.236386 0.021849 0.032178
0 0.709244 0.858911 0.018487 0.027228
0 0.708403 0.820545 0.026891 0.039604
0 0.706723 0.780941 0.025210 0.034653
0 0.705042 0.736386 0.023529 0.044554
0 0.702521 0.698020 0.026891 0.032178
0 0.703361 0.662129 0.031933 0.032178
0 0.701681 0.618812 0.025210 0.039604
0 0.701681 0.579208 0.026891 0.032178
0 0.701681 0.542079 0.031933 0.037129
0 0.699160 0.508663 0.025210 0.017327
0 0.700000 0.476485 0.025210 0.034653
0 0.694958 0.435644 0.026891 0.032178
0 0.694118 0.399752 0.020168 0.027228
0 0.692437 0.365099 0.020168 0.032178
424 0.749580 0.721535 0.028571 0.032178
101 0.747899 0.684406 0.026891 0.032178
989 0.746218 0.648515 0.021849 0.029703
17 0.744538 0.615099 0.021849 0.034653
15 0.743697 0.579208 0.021849 0.037129
14 0.741176 0.535891 0.031933 0.034653
197 0.740336 0.501238 0.026891 0.032178
0 0.739496 0.470297 0.021849 0.022277
0 0.739496 0.440594 0.023529 0.037129
0 0.736134 0.399752 0.030252 0.034653
0 0.734454 0.362624 0.030252 0.034653
0 0.733613 0.324257 0.028571 0.032178
0 0.731933 0.284653 0.030252 0.039604
782 0.794118 0.787129 0.023529 0.029703
782 0.791597 0.751238 0.023529 0.032178
67 0.792437 0.716584 0.028571 0.027228
279 0.790756 0.686881 0.026891 0.027228
279 0.789076 0.647277 0.028571 0.042079
795 0.787395 0.607673 0.028571 0.032178
825 0.785714 0.575495 0.025210 0.032178
25 0.784034 0.534653 0.023529 0.039604
24 0.783193 0.495050 0.026891 0.034653
546 0.781513 0.457921 0.021849 0.034653
23 0.779832 0.417079 0.025210 0.034653
30 0.778992 0.382426 0.021849 0.032178
203 0.778151 0.344059 0.026891 0.037129
109 0.778151 0.306931 0.030252 0.032178
411 0.775630 0.277228 0.028571 0.027228
834 0.841176 0.856436 0.026891 0.032178
165 0.840336 0.821782 0.018487 0.027228
480 0.839496 0.787129 0.021849 0.029703
833 0.837815 0.754950 0.021849 0.032178
77 0.836134 0.717822 0.026891 0.032178
281 0.835294 0.681931 0.020168 0.032178
103 0.834454 0.649752 0.025210 0.027228
183 0.836134 0.613861 0.026891 0.037129
16 0.832773 0.569307 0.025210 0.039604
407 0.830252 0.529703 0.025210 0.027228
253 0.828571 0.495050 0.021849 0.032178
109 0.829412 0.461634 0.028571 0.024752
786 0.827731 0.417079 0.030252 0.049505
420 0.824370 0.370050 0.021849 0.037129
109 0.824370 0.331683 0.030252 0.032178
988 0.822689 0.298267 0.030252 0.029703
987 0.822689 0.258663 0.028571 0.032178
480 0.884034 0.780941 0.025210 0.042079
833 0.882353 0.736386 0.025210 0.032178
494 0.879832 0.698020 0.026891 0.037129
795 0.879832 0.654703 0.023529 0.034653
655 0.878992 0.613861 0.028571 0.034653
38 0.877311 0.570545 0.025210 0.037129
37 0.875630 0.539604 0.020168 0.019802
196 0.873950 0.507426 0.031933 0.034653
15 0.872269 0.464109 0.023529 0.042079
310 0.872269 0.425743 0.028571 0.029703
309 0.868908 0.384901 0.030252 0.044554
83 0.867227 0.342822 0.026891 0.039604
853 0.867227 0.300743 0.031933 0.039604
681 0.868067 0.264851 0.030252 0.027228
83 0.867227 0.230198 0.030252 0.039604
133 0.926050 0.800743 0.028571 0.037129
35 0.923529 0.758663 0.026891 0.032178
329 0.922689 0.719059 0.030252 0.037129
66 0.921008 0.676980 0.028571 0.037129
178 0.921849 0.639851 0.026891 0.037129
192 0.918487 0.600248 0.023529 0.032178
21 0.918487 0.566832 0.026891 0.029703
45 0.919328 0.542079 0.026891 0.024752
986 0.916807 0.508663 0.030252 0.034653
91 0.915966 0.467822 0.021849 0.034653
16 0.914286 0.430693 0.021849 0.032178
45 0.914286 0.396040 0.026891 0.029703
15 0.913445 0.356436 0.028571 0.042079
986 0.910924 0.316832 0.030252 0.032178
834 0.910924 0.277228 0.031933 0.034653
494 0.907563 0.240099 0.023529 0.032178
165 0.908403 0.206683 0.030252 0.032178
