728 0.197917 0.901891 0.026042 0.018913
83 0.199653 0.877069 0.031250 0.028369
829 0.197917 0.847518 0.031250 0.030733
445 0.198785 0.813239 0.027778 0.035461
230 0.199653 0.773050 0.034722 0.035461
481 0.200521 0.734043 0.029514 0.037825
480 0.200521 0.692671 0.027778 0.035461
29 0.202257 0.659574 0.029514 0.030733
28 0.202257 0.627660 0.027778 0.033097
159 0.201389 0.592199 0.029514 0.037825
13 0.203993 0.553191 0.032986 0.035461
71 0.204861 0.511820 0.024306 0.035461
530 0.203993 0.478723 0.024306 0.028369
28 0.204861 0.444444 0.022569 0.033097
67 0.205729 0.411348 0.027778 0.030733
159 0.207465 0.374704 0.026042 0.035461
34 0.207465 0.340426 0.022569 0.026005
85 0.206597 0.313239 0.024306 0.028369
598 0.207465 0.277778 0.029514 0.035461
69 0.210069 0.236407 0.029514 0.042553
187 0.210938 0.197400 0.026042 0.028369
186 0.212674 0.161939 0.029514 0.037825
109 0.212674 0.121749 0.031250 0.040189
127 0.212674 0.081560 0.024306 0.037825
214 0.242188 0.885343 0.027778 0.035461
107 0.242188 0.848700 0.026042 0.033097
262 0.241319 0.814421 0.024306 0.030733
133 0.243056 0.776596 0.029514 0.040189
348 0.244792 0.735225 0.024306 0.037825
262 0.243924 0.695035 0.032986 0.037825
828 0.245660 0.661939 0.029514 0.028369
178 0.246528 0.632388 0.026042 0.028369
33 0.246528 0.602837 0.024306 0.028369
186 0.248264 0.565012 0.031250 0.037825
261 0.249132 0.524823 0.031250 0.035461
107 0.249132 0.486998 0.029514 0.033097
262 0.249132 0.453901 0.026042 0.035461
133 0.250000 0.417258 0.031250 0.037825
262 0.250000 0.378251 0.029514 0.037825
827 0.252604 0.343972 0.031250 0.028369
826 0.252604 0.308511 0.027778 0.037825
56 0.252604 0.265957 0.027778 0.040189
55 0.256944 0.228132 0.029514 0.030733
262 0.257812 0.192671 0.027778 0.037825
410 0.258681 0.154846 0.029514 0.037825
658 0.257812 0.115839 0.022569 0.033097
35 0.258681 0.080378 0.027778 0.035461
139 0.287326 0.866430 0.027778 0.028369
467 0.286458 0.836879 0.031250 0.035461
825 0.287326 0.796690 0.031250 0.040189
824 0.289062 0.754137 0.027778 0.042553
75 0.289931 0.709220 0.027778 0.040189
158 0.290799 0.670213 0.031250 0.030733
68 0.290799 0.635934 0.029514 0.033097
136 0.291667 0.595745 0.029514 0.035461
802 0.293403 0.560284 0.027778 0.035461
801 0.295139 0.526005 0.029514 0.033097
800 0.294271 0.490544 0.027778 0.040189
135 0.296007 0.450355 0.031250 0.037825
85 0.297743 0.410165 0.032986 0.033097
799 0.296007 0.373522 0.031250 0.035461
174 0.298611 0.340426 0.032986 0.028369
127 0.302083 0.309693 0.027778 0.028369
29 0.302083 0.277778 0.026042 0.028369
28 0.301215 0.251773 0.027778 0.026005
2 0.302951 0.219858 0.031250 0.035461
133 0.302951 0.180851 0.026042 0.033097
58 0.304688 0.143026 0.027778 0.035461
9 0.305556 0.108747 0.032986 0.028369
62 0.305556 0.079196 0.031250 0.030733
111 0.334201 0.893617 0.027778 0.030733
111 0.335069 0.860520 0.029514 0.028369
111 0.335069 0.825059 0.027778 0.030733
111 0.335938 0.791962 0.026042 0.030733
111 0.334201 0.763593 0.024306 0.023641
111 0.335938 0.731678 0.032986 0.033097
111 0.334201 0.696217 0.029514 0.033097
111 0.337674 0.656028 0.032986 0.042553
111 0.337674 0.612293 0.029514 0.040189
111 0.337674 0.570922 0.024306 0.037825
111 0.339410 0.531915 0.029514 0.040189
136 0.342014 0.489362 0.026042 0.040189
135 0.341146 0.449173 0.031250 0.040189
187 0.343750 0.408983 0.031250 0.030733
65 0.344618 0.371158 0.029514 0.037825
109 0.346354 0.333333 0.029514 0.035461
795 0.347222 0.293144 0.027778 0.040189
75 0.347222 0.250591 0.029514 0.035461
158 0.348090 0.216312 0.029514 0.030733
72 0.348090 0.184397 0.029514 0.030733
214 0.348958 0.153664 0.027778 0.026005
26 0.349826 0.119385 0.029514 0.035461
127 0.349826 0.082742 0.029514 0.035461
68 0.379340 0.899527 0.029514 0.037825
280 0.378472 0.881797 0.031250 0.030733
111 0.380208 0.847518 0.032986 0.033097
63 0.381076 0.816785 0.026042 0.028369
98 0.381076 0.786052 0.026042 0.033097
435 0.381076 0.745863 0.027778 0.035461
570 0.382812 0.713948 0.024306 0.021277
55 0.383681 0.685579 0.022569 0.030733
33 0.385417 0.652482 0.026042 0.033097
320 0.385417 0.618203 0.029514 0.037825
239 0.385417 0.567376 0.024306 0.028369
64 0.385417 0.534279 0.024306 0.033097
268 0.387153 0.502364 0.027778 0.028369
728 0.388889 0.473995 0.026042 0.023641
69 0.388889 0.362884 0.029514 0.037825
91 0.547743 0.890071 0.029514 0.035461
201 0.547743 0.853428 0.029514 0.037825
570 0.548611 0.819149 0.027778 0.028369
13 0.547743 0.784870 0.026042 0.035461
26 0.546875 0.747045 0.022569 0.040189
229 0.546875 0.710402 0.022569 0.028369
98 0.546875 0.677305 0.024306 0.033097
91 0.546007 0.644208 0.024306 0.033097
148 0.547743 0.609929 0.027778 0.035461
583 0.546875 0.576832 0.026042 0.030733
26 0.546875 0.543735 0.027778 0.035461
64 0.546875 0.505910 0.029514 0.037825
13 0.546007 0.466903 0.022569 0.035461
26 0.546007 0.434988 0.024306 0.030733
39 0.547743 0.397163 0.024306 0.040189
259 0.547743 0.354610 0.024306 0.042553
91 0.545139 0.312057 0.024306 0.033097
52 0.545139 0.276596 0.020833 0.030733
26 0.546007 0.243499 0.022569 0.033097
814 0.545139 0.208038 0.020833 0.030733
290 0.545139 0.171395 0.024306 0.033097
821 0.543403 0.133570 0.020833 0.033097
26 0.544271 0.102837 0.027778 0.030733
215 0.592882 0.900709 0.029514 0.030733
52 0.591146 0.864066 0.027778 0.035461
823 0.591146 0.829787 0.027778 0.030733
822 0.589410 0.793144 0.029514 0.033097
154 0.589410 0.755319 0.031250 0.037825
274 0.590278 0.709220 0.031250 0.044917
26 0.590278 0.666667 0.031250 0.033097
64 0.587674 0.631206 0.029514 0.033097
52 0.588542 0.594563 0.031250 0.035461
136 0.588542 0.556738 0.027778 0.035461
135 0.588542 0.515366 0.031250 0.037825
409 0.588542 0.479905 0.029514 0.033097
64 0.588542 0.440898 0.029514 0.040189
20 0.589410 0.403073 0.034722 0.030733
26 0.587674 0.367612 0.026042 0.035461
64 0.586806 0.334515 0.024306 0.028369
34 0.587674 0.295508 0.029514 0.040189
203 0.586806 0.252955 0.029514 0.040189
70 0.588542 0.215130 0.031250 0.033097
657 0.590278 0.177305 0.031250 0.040189
202 0.588542 0.135934 0.029514 0.037825
135 0.586806 0.098109 0.026042 0.035461
409 0.638021 0.913712 0.027778 0.030733
409 0.639757 0.886525 0.027778 0.023641
409 0.639757 0.860520 0.029514 0.030733
409 0.638021 0.830969 0.031250 0.026005
408 0.636285 0.801418 0.029514 0.033097
64 0.636285 0.762411 0.029514 0.040189
20 0.635417 0.722222 0.029514 0.028369
26 0.635417 0.687943 0.024306 0.030733
165 0.635417 0.659574 0.029514 0.026005
163 0.638021 0.632388 0.034722 0.026005
174 0.636285 0.591017 0.032986 0.042553
109 0.638021 0.552009 0.031250 0.028369
337 0.638021 0.520095 0.029514 0.030733
127 0.637153 0.492908 0.026042 0.021277
29 0.638021 0.464539 0.031250 0.033097
28 0.637153 0.431442 0.027778 0.030733
27 0.635417 0.397163 0.032986 0.037825
26 0.636285 0.359338 0.034722 0.030733
127 0.636285 0.326241 0.029514 0.028369
29 0.636285 0.293144 0.032986 0.035461
28 0.637153 0.254137 0.027778 0.040189
579 0.637153 0.217494 0.022569 0.030733
570 0.636285 0.190307 0.024306 0.026005
55 0.637153 0.160757 0.026042 0.028369
33 0.635417 0.130024 0.031250 0.030733
320 0.636285 0.094563 0.032986 0.035461
570 0.687500 0.907801 0.027778 0.030733
570 0.685764 0.877069 0.027778 0.026005
570 0.686632 0.846336 0.024306 0.033097
570 0.687500 0.814421 0.031250 0.028369
570 0.687500 0.784870 0.026042 0.028369
570 0.688368 0.750591 0.032986 0.035461
52 0.687500 0.704492 0.031250 0.044917
54 0.687500 0.664303 0.031250 0.030733
531 0.687500 0.633570 0.027778 0.030733
69 0.687500 0.599291 0.027778 0.033097
462 0.686632 0.561466 0.027778 0.035461
579 0.687500 0.518913 0.031250 0.042553
570 0.687500 0.477541 0.032986 0.040189
109 0.687500 0.438534 0.027778 0.030733
795 0.685764 0.404255 0.031250 0.035461
75 0.685764 0.365248 0.031250 0.035461
158 0.685764 0.326241 0.027778 0.035461
33 0.684028 0.288416 0.032986 0.035461
127 0.684896 0.250591 0.032986 0.037825
29 0.685764 0.215130 0.029514 0.033097
28 0.684028 0.183215 0.029514 0.030733
52 0.684028 0.150118 0.027778 0.035461
795 0.684028 0.117021 0.026042 0.028369
75 0.684028 0.088652 0.022569 0.030733
158 0.739583 0.906619 0.026042 0.028369
158 0.738715 0.878251 0.024306 0.028369
158 0.737847 0.848700 0.027778 0.030733
158 0.737847 0.816785 0.024306 0.030733
283 0.737847 0.784870 0.031250 0.035461
68 0.736979 0.744681 0.027778 0.037825
54 0.737847 0.706856 0.029514 0.030733
283 0.736979 0.666667 0.031250 0.040189
479 0.734375 0.625296 0.031250 0.037825
657 0.734375 0.585106 0.031250 0.040189
202 0.735243 0.544917 0.032986 0.035461
409 0.734375 0.510638 0.027778 0.030733
408 0.734375 0.478723 0.027778 0.026005
69 0.734375 0.445626 0.027778 0.033097
187 0.734375 0.413712 0.031250 0.028369
186 0.734375 0.379433 0.029514 0.033097
65 0.735243 0.345154 0.027778 0.028369
214 0.735243 0.312057 0.032986 0.030733
109 0.733507 0.277778 0.029514 0.030733
795 0.733507 0.244681 0.032986 0.033097
75 0.732639 0.211584 0.031250 0.030733
158 0.733507 0.180851 0.027778 0.026005
823 0.730903 0.150118 0.024306 0.030733
822 0.730035 0.118203 0.024306 0.028369
552 0.730903 0.088652 0.024306 0.030733
52 0.785590 0.911348 0.024306 0.026005
52 0.785590 0.884161 0.026042 0.026005
52 0.787326 0.855792 0.027778 0.030733
52 0.788194 0.823877 0.029514 0.033097
52 0.787326 0.790780 0.029514 0.028369
52 0.787326 0.757683 0.029514 0.033097
52 0.785590 0.722222 0.027778 0.030733
107 0.784722 0.687943 0.024306 0.030733
125 0.784722 0.657210 0.026042 0.028369
124 0.783854 0.628842 0.029514 0.026005
552 0.782986 0.617021 0.029514 0.035461
120 0.784722 0.602837 0.031250 0.026005
109 0.783854 0.574468 0.031250 0.030733
68 0.782986 0.542553 0.024306 0.030733
348 0.783854 0.504728 0.026042 0.037825
109 0.782986 0.489362 0.027778 0.033097
795 0.783854 0.455083 0.031250 0.028369
75 0.782986 0.424350 0.029514 0.030733
158 0.783854 0.394799 0.031250 0.026005
823 0.783854 0.359338 0.032986 0.037825
822 0.782986 0.323877 0.032986 0.033097
154 0.779514 0.289598 0.024306 0.033097
52 0.782118 0.252955 0.029514 0.037825
276 0.783854 0.212766 0.029514 0.033097
54 0.782118 0.178487 0.024306 0.030733
142 0.782118 0.147754 0.022569 0.028369
153 0.782986 0.119385 0.029514 0.026005
215 0.780382 0.088652 0.027778 0.030733
28 0.833333 0.635934 0.029514 0.033097
75 0.830729 0.599291 0.026042 0.035461
157 0.833333 0.557920 0.031250 0.033097
246 0.830729 0.520095 0.027778 0.037825
348 0.831597 0.482270 0.027778 0.030733
400 0.830729 0.447991 0.022569 0.028369
123 0.828993 0.418440 0.024306 0.028369
32 0.828125 0.388889 0.029514 0.028369
161 0.830729 0.356974 0.027778 0.028369
327 0.828993 0.326241 0.031250 0.028369
251 0.828993 0.295508 0.029514 0.028369
615 0.828993 0.257683 0.022569 0.035461
54 0.828125 0.217494 0.027778 0.035461
479 0.829861 0.182033 0.029514 0.030733
683 0.828993 0.151300 0.029514 0.028369
268 0.829861 0.124113 0.027778 0.023641
64 0.828993 0.091017 0.022569 0.035461
20 0.881076 0.897163 0.027778 0.033097
20 0.879340 0.862884 0.027778 0.030733
52 0.881076 0.829787 0.027778 0.026005
823 0.881076 0.795508 0.031250 0.035461
822 0.879340 0.752955 0.029514 0.037825
154 0.877604 0.710402 0.022569 0.035461
348 0.877604 0.671395 0.026042 0.035461
214 0.879340 0.632388 0.026042 0.033097
795 0.881076 0.593381 0.029514 0.040189
75 0.879340 0.555556 0.029514 0.030733
158 0.878472 0.523641 0.024306 0.030733
814 0.878472 0.485816 0.029514 0.040189
282 0.880208 0.445626 0.029514 0.030733
821 0.878472 0.414894 0.024306 0.028369
52 0.877604 0.380615 0.026042 0.035461
276 0.877604 0.341608 0.026042 0.035461
683 0.879340 0.306147 0.026042 0.028369
268 0.877604 0.277778 0.020833 0.026005
117 0.876736 0.248227 0.022569 0.028369
748 0.877604 0.213948 0.029514 0.037825
519 0.876736 0.173759 0.027778 0.035461
12 0.875868 0.131206 0.029514 0.047281
357 0.875868 0.087470 0.026042 0.028369
261 0.926215 0.900709 0.029514 0.028369
171 0.923611 0.867612 0.029514 0.033097
170 0.923611 0.834515 0.027778 0.028369
75 0.926215 0.800236 0.026042 0.033097
4 0.927083 0.762411 0.026042 0.040189
289 0.924479 0.719858 0.027778 0.035461
528 0.924479 0.679669 0.027778 0.037825
216 0.924479 0.643026 0.029514 0.030733
362 0.926215 0.607565 0.029514 0.030733
820 0.924479 0.576832 0.026042 0.028369
240 0.924479 0.546099 0.022569 0.035461
33 0.923611 0.505910 0.026042 0.040189
361 0.924479 0.464539 0.026042 0.035461
552 0.923611 0.427896 0.026042 0.035461
148 0.923611 0.391253 0.027778 0.037825
819 0.923611 0.359338 0.029514 0.028369
133 0.922743 0.328605 0.026042 0.028369
19 0.923611 0.299054 0.027778 0.028369
29 0.921875 0.265957 0.026042 0.035461
28 0.921875 0.228132 0.027778 0.030733
361 0.921007 0.193853 0.027778 0.033097
146 0.921007 0.164303 0.026042 0.030733
479 0.921875 0.131206 0.024306 0.033097
274 0.921875 0.092199 0.024306 0.037825
