0 0.117698 0.521583 0.030928 0.043165
0 0.120275 0.482014 0.029210 0.023981
0 0.120275 0.448441 0.029210 0.031175
0 0.121134 0.413669 0.025773 0.026379
0 0.120275 0.383693 0.027491 0.028777
0 0.122852 0.350120 0.034364 0.028777
0 0.122852 0.310552 0.027491 0.038369
0 0.121993 0.281775 0.027491 0.019185
0 0.124570 0.249400 0.025773 0.040767
0 0.126289 0.213429 0.024055 0.031175
0 0.128866 0.173861 0.030928 0.035971
0 0.129725 0.135492 0.032646 0.038369
0 0.170962 0.404077 0.029210 0.038369
0 0.171821 0.359712 0.030928 0.043165
0 0.173540 0.316547 0.029210 0.028777
0 0.175258 0.281775 0.030928 0.031175
0 0.176117 0.244604 0.030928 0.031175
0 0.175258 0.207434 0.024055 0.033573
0 0.176976 0.169065 0.027491 0.031175
0 0.177835 0.134293 0.025773 0.031175
0 0.180412 0.098321 0.025773 0.033573
0 0.214777 0.507194 0.029210 0.040767
0 0.216495 0.465228 0.025773 0.040767
0 0.219072 0.422062 0.027491 0.035971
0 0.220790 0.386091 0.024055 0.033573
0 0.224227 0.345324 0.030928 0.033573
0 0.222509 0.312950 0.022337 0.021583
0 0.225945 0.281775 0.029210 0.035971
0 0.224227 0.241007 0.029210 0.033573
0 0.228522 0.205036 0.020619 0.026379
0 0.230241 0.173861 0.022337 0.028777
0 0.230241 0.145084 0.022337 0.026379
0 0.252577 0.707434 0.025773 0.033573
0 0.254296 0.681055 0.029210 0.023981
0 0.256873 0.643885 0.027491 0.038369
0 0.256873 0.601918 0.034364 0.038369
0 0.259450 0.563549 0.030928 0.035971
0 0.261168 0.525180 0.036082 0.035971
0 0.263746 0.488010 0.030928 0.031175
0 0.264605 0.455635 0.030928 0.033573
0 0.266323 0.414868 0.027491 0.040767
0 0.269759 0.372902 0.030928 0.031175
0 0.269759 0.336930 0.030928 0.033573
0 0.303265 0.655875 0.029210 0.043165
0 0.304124 0.609113 0.027491 0.035971
0 0.305842 0.568345 0.030928 0.038369
0 0.308419 0.526379 0.027491 0.033573
0 0.310137 0.488010 0.025773 0.033573
0 0.311856 0.450839 0.030928 0.038369
26 0.316151 0.413669 0.030928 0.033573
96 0.317869 0.381295 0.029210 0.021583
214 0.318729 0.351319 0.030928 0.035971
213 0.316151 0.310552 0.027491 0.031175
91 0.319588 0.278177 0.020619 0.026379
16 0.320447 0.247002 0.025773 0.028777
77 0.320447 0.217026 0.022337 0.028777
165 0.345361 0.787770 0.029210 0.038369
495 0.348797 0.744604 0.030928 0.033573
162 0.349656 0.709832 0.029210 0.031175
620 0.351375 0.673861 0.030928 0.035971
43 0.350515 0.636691 0.032646 0.031175
315 0.351375 0.604317 0.025773 0.026379
67 0.353093 0.571942 0.025773 0.026379
30 0.352234 0.544365 0.022337 0.026379
836 0.352234 0.508393 0.025773 0.033573
393 0.353952 0.471223 0.025773 0.038369
43 0.353952 0.435252 0.025773 0.031175
20 0.357388 0.404077 0.022337 0.023981
183 0.360825 0.372902 0.027491 0.035971
284 0.362543 0.332134 0.027491 0.040767
10 0.391753 0.875300 0.027491 0.038369
17 0.391753 0.841727 0.025773 0.031175
315 0.390893 0.804556 0.025773 0.038369
656 0.392612 0.760192 0.032646 0.031175
655 0.392612 0.723022 0.027491 0.033573
38 0.396048 0.681055 0.030928 0.035971
37 0.394330 0.647482 0.025773 0.019185
78 0.397766 0.613909 0.030928 0.038369
209 0.395189 0.574341 0.027491 0.031175
17 0.396907 0.537170 0.024055 0.026379
1016 0.399485 0.507194 0.024055 0.026379
26 0.397766 0.476019 0.029210 0.031175
152 0.403780 0.442446 0.032646 0.028777
59 0.402921 0.404077 0.027491 0.040767
21 0.406357 0.365707 0.024055 0.031175
67 0.439863 0.750600 0.029210 0.035971
82 0.441581 0.715827 0.027491 0.028777
1015 0.440722 0.684652 0.029210 0.026379
165 0.442440 0.652278 0.030928 0.026379
192 0.443299 0.618705 0.025773 0.031175
162 0.447595 0.585132 0.027491 0.031175
16 0.447595 0.552758 0.027491 0.028777
494 0.448454 0.517986 0.027491 0.038369
114 0.450172 0.483213 0.024055 0.023981
480 0.452749 0.449640 0.029210 0.033573
351 0.451890 0.416067 0.022337 0.021583
205 0.453608 0.383693 0.027491 0.035971
269 0.451031 0.342926 0.027491 0.031175
146 0.452749 0.306954 0.020619 0.026379
142 0.454467 0.275779 0.020619 0.026379
348 0.451890 0.247002 0.029210 0.026379
463 0.455326 0.214628 0.022337 0.031175
37 0.484536 0.792566 0.029210 0.033573
1014 0.484536 0.752998 0.025773 0.035971
41 0.483677 0.713429 0.029210 0.031175
715 0.483677 0.678657 0.027491 0.028777
16 0.485395 0.641487 0.029210 0.043165
178 0.487113 0.597122 0.030928 0.038369
1013 0.487113 0.559952 0.029210 0.028777
865 0.492268 0.523981 0.029210 0.033573
347 0.493127 0.488010 0.027491 0.028777
679 0.495704 0.455635 0.027491 0.033573
463 0.494845 0.419664 0.025773 0.031175
1012 0.496564 0.388489 0.024055 0.028777
163 0.498282 0.350120 0.029210 0.043165
214 0.498282 0.312950 0.029210 0.028777
213 0.500000 0.279376 0.024055 0.033573
91 0.500000 0.250600 0.027491 0.026379
16 0.500000 0.215827 0.027491 0.038369
0 0.574742 0.935252 0.030928 0.035971
0 0.574742 0.894484 0.029210 0.040767
0 0.573024 0.852518 0.024055 0.033573
0 0.573024 0.814149 0.027491 0.033573
0 0.573024 0.776978 0.022337 0.028777
0 0.571306 0.742206 0.025773 0.031175
0 0.570447 0.708633 0.024055 0.028777
0 0.567869 0.677458 0.024055 0.028777
0 0.567010 0.643885 0.022337 0.031175
0 0.567010 0.610312 0.022337 0.033573
0 0.564433 0.573141 0.027491 0.028777
0 0.565292 0.534772 0.024055 0.038369
0 0.563574 0.494005 0.024055 0.033573
0 0.562715 0.460432 0.022337 0.023981
0 0.562715 0.428058 0.029210 0.033573
0 0.560997 0.384892 0.024055 0.040767
0 0.560997 0.346523 0.027491 0.028777
0 0.560137 0.315348 0.025773 0.028777
0 0.560997 0.284173 0.027491 0.026379
0 0.559278 0.252998 0.025773 0.033573
0 0.559278 0.217026 0.025773 0.031175
0 0.556701 0.187050 0.020619 0.026379
0 0.620275 0.824940 0.030928 0.038369
0 0.619416 0.785372 0.030928 0.033573
0 0.616838 0.745803 0.025773 0.033573
0 0.616838 0.703837 0.029210 0.040767
0 0.615979 0.659472 0.025773 0.035971
0 0.613402 0.622302 0.030928 0.035971
0 0.615120 0.583933 0.025773 0.033573
0 0.612543 0.543165 0.029210 0.038369
0 0.613402 0.505995 0.020619 0.033573
0 0.614261 0.473621 0.029210 0.026379
0 0.610825 0.444844 0.032646 0.028777
0 0.612543 0.410072 0.030928 0.035971
0 0.609107 0.370504 0.024055 0.038369
0 0.609107 0.333333 0.027491 0.033573
0 0.606529 0.293765 0.029210 0.038369
0 0.606529 0.260192 0.024055 0.028777
0 0.603952 0.221823 0.027491 0.038369
0 0.603952 0.182254 0.027491 0.035971
0 0.603093 0.149880 0.027491 0.026379
0 0.666667 0.926859 0.025773 0.026379
0 0.664089 0.862110 0.024055 0.028777
0 0.666667 0.823741 0.029210 0.040767
0 0.663230 0.780576 0.027491 0.033573
0 0.664948 0.747002 0.025773 0.021583
0 0.660653 0.721823 0.029210 0.023981
0 0.662371 0.694245 0.029210 0.031175
0 0.660653 0.659472 0.029210 0.033573
0 0.660653 0.625899 0.022337 0.033573
0 0.661512 0.586331 0.027491 0.038369
0 0.657216 0.546763 0.025773 0.033573
0 0.656357 0.511990 0.025773 0.031175
0 0.656357 0.480815 0.034364 0.028777
0 0.653780 0.449640 0.027491 0.028777
0 0.653780 0.419664 0.025773 0.028777
0 0.651203 0.388489 0.025773 0.031175
0 0.649485 0.348921 0.025773 0.040767
0 0.648625 0.308153 0.025773 0.045564
0 0.648625 0.261391 0.025773 0.040767
0 0.646907 0.221823 0.024055 0.033573
0 0.646907 0.188249 0.029210 0.031175
0 0.646907 0.148681 0.024055 0.038369
0 0.709622 0.816547 0.027491 0.026379
0 0.708763 0.787770 0.025773 0.023981
0 0.706186 0.760192 0.024055 0.026379
0 0.706186 0.726619 0.025773 0.031175
0 0.705326 0.691847 0.024055 0.033573
0 0.703608 0.661871 0.029210 0.028777
0 0.703608 0.627098 0.027491 0.033573
0 0.703608 0.592326 0.025773 0.033573
0 0.702749 0.559952 0.025773 0.033573
0 0.702749 0.522782 0.025773 0.033573
0 0.700172 0.484412 0.032646 0.038369
0 0.698454 0.444844 0.030928 0.033573
0 0.697595 0.410072 0.029210 0.033573
0 0.695876 0.374101 0.022337 0.031175
0 0.695017 0.341727 0.024055 0.031175
0 0.696735 0.302158 0.030928 0.035971
0 0.694158 0.267386 0.025773 0.033573
0 0.693299 0.230216 0.027491 0.033573
0 0.692440 0.195444 0.032646 0.033573
538 0.756014 0.787770 0.024055 0.023981
172 0.754296 0.723022 0.022337 0.019185
137 0.756014 0.689448 0.029210 0.035971
75 0.749141 0.649880 0.027491 0.031175
198 0.747423 0.617506 0.022337 0.028777
235 0.746564 0.582734 0.024055 0.031175
0 0.743986 0.551559 0.027491 0.028777
0 0.745704 0.520384 0.024055 0.031175
0 0.743986 0.482014 0.030928 0.038369
0 0.744845 0.442446 0.029210 0.035971
0 0.741409 0.407674 0.027491 0.028777
0 0.741409 0.376499 0.029210 0.028777
0 0.741409 0.342926 0.029210 0.035971
0 0.739691 0.300959 0.024055 0.038369
0 0.739691 0.262590 0.025773 0.038369
0 0.737113 0.219424 0.027491 0.035971
463 0.800687 0.847722 0.022337 0.028777
494 0.798110 0.816547 0.029210 0.031175
129 0.800687 0.780576 0.024055 0.035971
795 0.798969 0.741007 0.027491 0.035971
655 0.797251 0.701439 0.024055 0.028777
38 0.797251 0.669065 0.025773 0.033573
37 0.796392 0.635492 0.024055 0.028777
217 0.794674 0.606715 0.025773 0.026379
1010 0.793814 0.569544 0.025773 0.040767
433 0.790378 0.527578 0.025773 0.035971
743 0.790378 0.488010 0.025773 0.035971
795 0.788660 0.447242 0.029210 0.035971
655 0.789519 0.406475 0.027491 0.033573
38 0.788660 0.366906 0.030928 0.031175
37 0.783505 0.336930 0.022337 0.021583
78 0.784364 0.308153 0.024055 0.033573
1011 0.785223 0.270983 0.025773 0.038369
714 0.782646 0.232614 0.030928 0.035971
214 0.847079 0.834532 0.025773 0.028777
213 0.847079 0.802158 0.018900 0.028777
91 0.845361 0.769784 0.024055 0.028777
16 0.844502 0.733813 0.025773 0.033573
165 0.843643 0.695444 0.025773 0.038369
1008 0.842784 0.655875 0.029210 0.033573
80 0.841065 0.619904 0.029210 0.033573
775 0.840206 0.579137 0.030928 0.038369
28 0.838488 0.535971 0.029210 0.038369
214 0.839347 0.497602 0.029210 0.033573
15 0.836770 0.460432 0.022337 0.031175
213 0.837629 0.425659 0.027491 0.033573
1009 0.836770 0.383693 0.027491 0.040767
317 0.832474 0.346523 0.029210 0.026379
153 0.831615 0.317746 0.025773 0.028777
760 0.832474 0.281775 0.032646 0.035971
233 0.892612 0.900480 0.027491 0.031175
233 0.891753 0.868106 0.024055 0.031175
233 0.891753 0.832134 0.022337 0.031175
233 0.890034 0.798561 0.022337 0.028777
233 0.889175 0.762590 0.022337 0.038369
77 0.888316 0.725420 0.030928 0.031175
795 0.886598 0.693046 0.025773 0.026379
655 0.884880 0.660671 0.020619 0.028777
38 0.884880 0.628297 0.024055 0.031175
37 0.885739 0.593525 0.030928 0.033573
192 0.884880 0.553957 0.027491 0.033573
162 0.884880 0.514388 0.020619 0.033573
16 0.884021 0.480815 0.027491 0.026379
743 0.882302 0.452038 0.029210 0.026379
795 0.881443 0.423261 0.029210 0.028777
655 0.880584 0.390887 0.022337 0.026379
38 0.880584 0.359712 0.020619 0.026379
37 0.878866 0.330935 0.022337 0.026379
130 0.878866 0.293765 0.024055 0.038369
31 0.878007 0.249400 0.025773 0.038369
163 0.878007 0.206235 0.024055 0.033573
198 0.878007 0.173861 0.024055 0.031175
10 0.877148 0.145084 0.025773 0.023981
202 0.873711 0.107914 0.029210 0.040767
1006 0.933849 0.908873 0.022337 0.023981
1005 0.935567 0.882494 0.029210 0.023981
641 0.934708 0.853717 0.025773 0.028777
179 0.934708 0.821343 0.027491 0.028777
16 0.933849 0.788969 0.022337 0.028777
231 0.933849 0.751799 0.029210 0.033573
1004 0.932990 0.714628 0.024055 0.038369
64 0.931271 0.679856 0.024055 0.023981
795 0.932131 0.647482 0.027491 0.033573
655 0.928694 0.615108 0.022337 0.026379
38 0.928694 0.583933 0.029210 0.031175
37 0.926976 0.552758 0.025773 0.026379
86 0.926976 0.521583 0.024055 0.028777
44 0.926976 0.492806 0.029210 0.026379
230 0.925258 0.465228 0.029210 0.026379
644 0.926976 0.435252 0.027491 0.028777
80 0.926976 0.399281 0.025773 0.038369
641 0.923540 0.360911 0.027491 0.031175
1003 0.925258 0.326139 0.029210 0.033573
179 0.922680 0.290168 0.027491 0.038369
281 0.923540 0.251799 0.025773 0.031175
1007 0.922680 0.218225 0.027491 0.028777
880 0.920103 0.183453 0.029210 0.033573
83 0.919244 0.157074 0.030928 0.026379
112 0.919244 0.128297 0.025773 0.023981
