170 0.238946 0.434307 0.023810 0.029197
75 0.239796 0.399027 0.025510 0.034063
4 0.241497 0.356448 0.025510 0.038929
13 0.241497 0.313869 0.022109 0.036496
298 0.244898 0.274939 0.028912 0.031630
541 0.243197 0.239659 0.027211 0.031630
481 0.243197 0.203163 0.030612 0.038929
480 0.244898 0.170316 0.028912 0.026764
29 0.247449 0.138686 0.027211 0.026764
28 0.247449 0.107056 0.027211 0.029197
3 0.275510 0.891727 0.032313 0.034063
481 0.275510 0.824818 0.027211 0.038929
480 0.275510 0.779805 0.027211 0.036496
29 0.278061 0.744526 0.018707 0.024331
28 0.278912 0.711679 0.020408 0.031630
646 0.278912 0.681265 0.022109 0.026764
645 0.279762 0.645985 0.030612 0.036496
106 0.280612 0.607056 0.022109 0.036496
13 0.283163 0.568127 0.027211 0.038929
324 0.284864 0.529197 0.027211 0.038929
541 0.284864 0.484185 0.027211 0.041363
348 0.286565 0.446472 0.023810 0.034063
320 0.289966 0.407543 0.028912 0.036496
22 0.289116 0.374696 0.022109 0.021898
133 0.290816 0.339416 0.027211 0.038929
348 0.288265 0.301703 0.025510 0.034063
70 0.289966 0.265207 0.018707 0.029197
646 0.290816 0.231144 0.020408 0.031630
645 0.290816 0.200730 0.023810 0.026764
106 0.292517 0.171533 0.025510 0.026764
274 0.291667 0.139903 0.025510 0.029197
644 0.293367 0.107056 0.022109 0.024331
224 0.293367 0.077859 0.023810 0.029197
90 0.322279 0.927007 0.028912 0.026764
33 0.322279 0.896594 0.025510 0.034063
125 0.320578 0.862530 0.018707 0.029197
124 0.321429 0.829684 0.022109 0.031630
357 0.323980 0.785888 0.027211 0.048662
274 0.324830 0.732360 0.025510 0.043796
643 0.325680 0.688564 0.025510 0.031630
65 0.327381 0.654501 0.025510 0.031630
133 0.329082 0.613139 0.027211 0.038929
98 0.329082 0.575426 0.025510 0.031630
435 0.329932 0.534063 0.028912 0.036496
642 0.333333 0.496350 0.030612 0.034063
154 0.331633 0.453771 0.025510 0.041363
641 0.332483 0.411192 0.030612 0.031630
22 0.333333 0.373479 0.028912 0.031630
156 0.334184 0.338200 0.030612 0.038929
143 0.335884 0.296837 0.028912 0.041363
64 0.336735 0.251825 0.027211 0.038929
83 0.336735 0.217762 0.022109 0.021898
107 0.337585 0.183698 0.027211 0.038929
481 0.336735 0.143552 0.028912 0.034063
480 0.338435 0.108273 0.018707 0.026764
29 0.338435 0.076642 0.020408 0.029197
120 0.366497 0.841849 0.027211 0.038929
55 0.369048 0.800487 0.027211 0.036496
241 0.369048 0.757908 0.027211 0.036496
478 0.370748 0.717762 0.020408 0.034063
13 0.371599 0.682482 0.030612 0.029197
642 0.370748 0.650852 0.030612 0.024331
641 0.373299 0.615572 0.028912 0.041363
640 0.373299 0.577859 0.032313 0.031630
30 0.375000 0.538929 0.034014 0.036496
20 0.375000 0.498783 0.030612 0.034063
69 0.376701 0.461071 0.028912 0.038929
477 0.378401 0.422141 0.028912 0.034063
130 0.377551 0.379562 0.028912 0.038929
129 0.378401 0.343066 0.030612 0.026764
397 0.376701 0.312652 0.027211 0.031630
396 0.378401 0.270073 0.030612 0.041363
69 0.378401 0.223844 0.025510 0.038929
228 0.379252 0.186131 0.030612 0.031630
253 0.381803 0.150852 0.027211 0.031630
22 0.380952 0.116788 0.025510 0.029197
156 0.381803 0.083942 0.025510 0.034063
64 0.415816 0.917275 0.030612 0.031630
107 0.416667 0.888078 0.028912 0.026764
481 0.414966 0.852798 0.030612 0.041363
480 0.417517 0.810219 0.027211 0.036496
29 0.418367 0.779805 0.023810 0.026764
28 0.419218 0.745742 0.030612 0.038929
136 0.420068 0.706813 0.027211 0.034063
639 0.418367 0.672749 0.025510 0.021898
638 0.420068 0.638686 0.028912 0.038929
65 0.417517 0.596107 0.028912 0.034063
214 0.419218 0.559611 0.018707 0.031630
33 0.420918 0.521898 0.020408 0.034063
443 0.420918 0.490268 0.020408 0.026764
69 0.421769 0.452555 0.027211 0.038929
477 0.421769 0.416058 0.028912 0.029197
64 0.425170 0.381995 0.030612 0.031630
83 0.425170 0.347932 0.022109 0.031630
637 0.425170 0.312652 0.032313 0.031630
34 0.426871 0.277372 0.027211 0.031630
135 0.425170 0.239659 0.028912 0.038929
216 0.426020 0.200730 0.030612 0.031630
58 0.425170 0.164234 0.023810 0.031630
9 0.425170 0.126521 0.025510 0.036496
70 0.426871 0.086375 0.030612 0.038929
