28 0.237847 0.470449 0.031250 0.030733
92 0.238715 0.437352 0.032986 0.035461
75 0.239583 0.401891 0.029514 0.035461
224 0.239583 0.366430 0.036458 0.028369
33 0.242188 0.333333 0.029514 0.035461
127 0.244792 0.295508 0.027778 0.033097
29 0.243924 0.263593 0.022569 0.028369
28 0.243056 0.234043 0.027778 0.028369
275 0.245660 0.198582 0.024306 0.037825
291 0.278646 0.775414 0.034722 0.033097
445 0.276910 0.739953 0.031250 0.033097
0 0.277778 0.703310 0.026042 0.035461
176 0.280382 0.669031 0.032986 0.023641
64 0.278646 0.643026 0.034722 0.035461
183 0.280382 0.611111 0.029514 0.033097
157 0.280382 0.573286 0.032986 0.040189
46 0.282118 0.535461 0.029514 0.033097
280 0.282986 0.498818 0.029514 0.033097
183 0.286458 0.460993 0.027778 0.037825
15 0.286458 0.421986 0.038194 0.033097
178 0.285590 0.390071 0.031250 0.030733
280 0.289931 0.353428 0.027778 0.035461
15 0.290799 0.316785 0.027778 0.037825
55 0.291667 0.270686 0.031250 0.047281
178 0.291667 0.234043 0.032986 0.028369
34 0.292535 0.198582 0.026042 0.037825
1085 0.291667 0.122931 0.029514 0.033097
15 0.322049 0.745863 0.034722 0.033097
55 0.323785 0.715130 0.029514 0.033097
133 0.325521 0.677305 0.031250 0.033097
246 0.325521 0.646572 0.024306 0.028369
127 0.324653 0.615839 0.029514 0.033097
29 0.328993 0.581560 0.029514 0.033097
28 0.328993 0.548463 0.034722 0.030733
75 0.328993 0.521277 0.029514 0.028369
157 0.330729 0.491726 0.029514 0.030733
201 0.331597 0.459811 0.036458 0.030733
130 0.330729 0.430260 0.032986 0.033097
197 0.334201 0.394799 0.029514 0.037825
70 0.335069 0.355792 0.029514 0.040189
146 0.335938 0.316785 0.034722 0.035461
3 0.335938 0.294326 0.026042 0.023641
127 0.338542 0.261229 0.031250 0.035461
29 0.338542 0.230496 0.031250 0.026005
28 0.338542 0.131206 0.032986 0.033097
186 0.365451 0.859338 0.038194 0.035461
348 0.365451 0.822695 0.027778 0.035461
640 0.367188 0.787234 0.031250 0.033097
1083 0.367188 0.750591 0.026042 0.033097
20 0.368056 0.719858 0.024306 0.026005
117 0.369792 0.687943 0.029514 0.028369
135 0.368924 0.652482 0.029514 0.040189
1077 0.369792 0.613475 0.031250 0.040189
558 0.370660 0.573286 0.029514 0.037825
117 0.373264 0.536643 0.032986 0.033097
35 0.374132 0.501182 0.034722 0.033097
513 0.375868 0.458629 0.036458 0.044917
498 0.375000 0.418440 0.029514 0.030733
729 0.380208 0.381797 0.034722 0.035461
20 0.377604 0.347518 0.034722 0.033097
729 0.380208 0.309693 0.034722 0.035461
425 0.381944 0.276596 0.029514 0.028369
729 0.381944 0.249409 0.027778 0.030733
409 0.414062 0.929078 0.029514 0.028369
408 0.412326 0.897163 0.026042 0.033097
117 0.411458 0.860520 0.029514 0.035461
208 0.412326 0.825059 0.034722 0.033097
55 0.413194 0.783688 0.027778 0.047281
496 0.413194 0.739953 0.032986 0.035461
88 0.414931 0.657210 0.031250 0.035461
1084 0.416667 0.615839 0.031250 0.042553
792 0.417535 0.576832 0.029514 0.035461
83 0.418403 0.541371 0.027778 0.037825
33 0.420139 0.505910 0.032986 0.035461
708 0.421875 0.464539 0.034722 0.042553
357 0.421875 0.423168 0.029514 0.037825
249 0.421875 0.387707 0.029514 0.035461
65 0.423611 0.351064 0.029514 0.035461
64 0.427083 0.313239 0.031250 0.040189
7 0.428819 0.276596 0.027778 0.033097
242 0.427083 0.244681 0.031250 0.030733
524 0.428819 0.101655 0.029514 0.033097
950 0.655382 0.715130 0.027778 0.040189
127 0.652778 0.676123 0.029514 0.033097
29 0.652778 0.640662 0.027778 0.033097
28 0.652778 0.606383 0.031250 0.026005
106 0.651910 0.580378 0.026042 0.028369
496 0.651910 0.548463 0.027778 0.030733
2 0.651042 0.514184 0.029514 0.033097
192 0.652778 0.473995 0.034722 0.040189
15 0.651042 0.436170 0.032986 0.033097
22 0.651910 0.401891 0.032986 0.037825
161 0.648438 0.359338 0.034722 0.044917
116 0.650174 0.316785 0.027778 0.035461
101 0.649306 0.280142 0.032986 0.028369
3 0.647569 0.238771 0.031250 0.044917
133 0.647569 0.197400 0.024306 0.030733
355 0.649306 0.165485 0.034722 0.030733
127 0.648438 0.128842 0.034722 0.035461
127 0.694444 0.290780 0.034722 0.047281
29 0.693576 0.244681 0.027778 0.035461
28 0.692708 0.203310 0.027778 0.037825
70 0.691840 0.159574 0.026042 0.037825
75 0.691840 0.125296 0.022569 0.030733
158 0.690972 0.085106 0.027778 0.037825
640 0.752604 0.926714 0.032986 0.033097
1083 0.750000 0.891253 0.026042 0.030733
1082 0.750000 0.856974 0.029514 0.030733
348 0.749132 0.815603 0.032986 0.040189
127 0.749132 0.776596 0.029514 0.033097
29 0.747396 0.742317 0.022569 0.028369
28 0.750000 0.709220 0.024306 0.026005
139 0.747396 0.640662 0.031250 0.044917
467 0.746528 0.594563 0.024306 0.035461
56 0.746528 0.557920 0.031250 0.033097
70 0.743924 0.522459 0.027778 0.035461
3 0.743924 0.485816 0.027778 0.037825
63 0.743056 0.403073 0.027778 0.035461
138 0.743056 0.362884 0.031250 0.033097
437 0.742188 0.321513 0.029514 0.042553
436 0.740451 0.278960 0.029514 0.037825
51 0.740451 0.236407 0.026042 0.040189
43 0.739583 0.193853 0.029514 0.037825
56 0.737847 0.153664 0.026042 0.035461
75 0.737847 0.117021 0.027778 0.035461
157 0.736979 0.080378 0.027778 0.030733
127 0.804688 0.930260 0.029514 0.033097
29 0.801215 0.900709 0.027778 0.028369
28 0.799479 0.871158 0.027778 0.030733
153 0.800347 0.838061 0.022569 0.030733
160 0.799479 0.807329 0.024306 0.028369
159 0.799479 0.771868 0.034722 0.033097
264 0.799479 0.737589 0.026042 0.028369
75 0.797743 0.702128 0.029514 0.035461
158 0.797743 0.669031 0.027778 0.030733
6 0.796875 0.633570 0.029514 0.028369
3 0.796007 0.598109 0.031250 0.035461
2 0.795139 0.554374 0.036458 0.042553
28 0.793403 0.509456 0.026042 0.035461
69 0.794271 0.471631 0.032986 0.040189
1 0.795139 0.431442 0.032986 0.030733
217 0.792535 0.393617 0.029514 0.040189
246 0.792535 0.354610 0.032986 0.030733
245 0.794271 0.321513 0.031250 0.030733
3 0.792535 0.284870 0.031250 0.037825
161 0.792535 0.245863 0.029514 0.030733
2 0.791667 0.213948 0.029514 0.028369
133 0.790799 0.178487 0.029514 0.033097
10 0.789062 0.144208 0.026042 0.033097
9 0.787326 0.111111 0.027778 0.028369
62 0.786458 0.078014 0.027778 0.033097
22 0.847222 0.639480 0.031250 0.042553
213 0.846354 0.595745 0.029514 0.033097
786 0.844618 0.557920 0.024306 0.037825
13 0.843750 0.518913 0.027778 0.037825
182 0.845486 0.484634 0.029514 0.026005
140 0.845486 0.443262 0.027778 0.044917
5 0.842882 0.400709 0.027778 0.037825
17 0.844618 0.359338 0.027778 0.035461
16 0.842882 0.321513 0.029514 0.035461
405 0.842882 0.286052 0.034722 0.028369
15 0.842014 0.260047 0.031250 0.028369
22 0.841146 0.225768 0.024306 0.033097
161 0.840278 0.186761 0.031250 0.037825
0 0.840278 0.145390 0.027778 0.035461
52 0.839410 0.111111 0.029514 0.028369
70 0.838542 0.076832 0.027778 0.030733
29 0.899306 0.933806 0.029514 0.026005
28 0.898438 0.907801 0.024306 0.026005
27 0.899306 0.880615 0.019097 0.026005
26 0.898438 0.852246 0.022569 0.028369
136 0.898438 0.810875 0.027778 0.040189
135 0.898438 0.774232 0.026042 0.028369
187 0.896701 0.734043 0.029514 0.037825
186 0.896701 0.691489 0.031250 0.040189
26 0.894965 0.650118 0.027778 0.035461
64 0.893229 0.606383 0.026042 0.037825
80 0.894965 0.572104 0.029514 0.026005
47 0.894965 0.542553 0.031250 0.026005
13 0.893229 0.508274 0.024306 0.035461
26 0.892361 0.470449 0.027778 0.035461
121 0.891493 0.433806 0.026042 0.028369
343 0.892361 0.394799 0.024306 0.040189
2 0.891493 0.358156 0.024306 0.030733
18 0.889757 0.320331 0.029514 0.040189
69 0.889757 0.283688 0.024306 0.035461
13 0.891493 0.252955 0.026042 0.023641
54 0.889757 0.223404 0.029514 0.033097
75 0.888889 0.186761 0.029514 0.037825
76 0.888021 0.145390 0.027778 0.035461
215 0.889757 0.112293 0.024306 0.026005
34 0.888889 0.078014 0.027778 0.035461
