0 0.064236 0.929078 0.026042 0.033097
0 0.064236 0.894799 0.027778 0.030733
0 0.065104 0.859338 0.026042 0.035461
0 0.064236 0.825059 0.022569 0.030733
0 0.063368 0.796690 0.027778 0.030733
0 0.063368 0.761229 0.027778 0.037825
0 0.063368 0.725768 0.024306 0.030733
0 0.062500 0.690307 0.026042 0.033097
0 0.061632 0.654846 0.029514 0.028369
0 0.060764 0.619385 0.026042 0.033097
0 0.064236 0.581560 0.029514 0.037825
0 0.063368 0.543735 0.032986 0.037825
0 0.064236 0.505910 0.031250 0.035461
0 0.064236 0.470449 0.027778 0.035461
0 0.063368 0.430260 0.031250 0.037825
0 0.062500 0.395981 0.026042 0.028369
0 0.064236 0.358156 0.029514 0.037825
0 0.063368 0.330969 0.026042 0.023641
0 0.064236 0.297872 0.027778 0.035461
0 0.065104 0.261229 0.026042 0.028369
0 0.065972 0.225768 0.029514 0.035461
0 0.067708 0.187943 0.029514 0.035461
0 0.067708 0.161939 0.029514 0.026005
0 0.065972 0.128842 0.026042 0.033097
0 0.109375 0.933806 0.029514 0.033097
0 0.109375 0.900709 0.029514 0.028369
0 0.107639 0.868794 0.027778 0.033097
0 0.109375 0.830969 0.027778 0.037825
0 0.107639 0.795508 0.026042 0.028369
0 0.109375 0.762411 0.024306 0.040189
0 0.110243 0.725768 0.027778 0.030733
0 0.109375 0.695035 0.024306 0.028369
0 0.111111 0.666667 0.029514 0.028369
0 0.111111 0.634752 0.027778 0.028369
0 0.111979 0.599291 0.027778 0.033097
0 0.111979 0.567376 0.020833 0.028369
0 0.111111 0.539007 0.022569 0.028369
0 0.112847 0.511820 0.029514 0.023641
0 0.111979 0.484634 0.031250 0.030733
0 0.112847 0.447991 0.029514 0.035461
0 0.111979 0.410165 0.027778 0.035461
0 0.111979 0.371158 0.027778 0.035461
0 0.113715 0.334515 0.026042 0.033097
0 0.114583 0.302600 0.031250 0.028369
0 0.114583 0.275414 0.026042 0.026005
0 0.116319 0.243499 0.027778 0.030733
0 0.115451 0.212766 0.024306 0.026005
0 0.117188 0.186761 0.022569 0.026005
0 0.116319 0.161939 0.024306 0.026005
0 0.118056 0.127660 0.027778 0.033097
0 0.153646 0.934988 0.026042 0.030733
0 0.155382 0.905437 0.026042 0.026005
0 0.156250 0.875887 0.027778 0.028369
0 0.156250 0.847518 0.020833 0.026005
0 0.156250 0.817967 0.026042 0.030733
0 0.157118 0.780142 0.027778 0.037825
0 0.157118 0.747045 0.024306 0.028369
0 0.157118 0.710402 0.029514 0.040189
0 0.157118 0.673759 0.027778 0.030733
0 0.157118 0.639480 0.026042 0.030733
0 0.158854 0.604019 0.029514 0.035461
0 0.159722 0.562648 0.026042 0.037825
0 0.160590 0.527187 0.026042 0.033097
0 0.159722 0.491726 0.026042 0.037825
0 0.161458 0.456265 0.022569 0.033097
0 0.162326 0.418440 0.027778 0.042553
0 0.161458 0.375887 0.029514 0.042553
0 0.160590 0.338061 0.026042 0.033097
0 0.161458 0.296690 0.027778 0.042553
0 0.159722 0.255319 0.026042 0.030733
0 0.162326 0.223404 0.024306 0.033097
0 0.164062 0.190307 0.020833 0.033097
0 0.165799 0.154846 0.024306 0.030733
0 0.167535 0.124113 0.022569 0.026005
0 0.202257 0.930260 0.024306 0.030733
0 0.202257 0.897163 0.026042 0.033097
0 0.203125 0.861702 0.029514 0.033097
0 0.204861 0.826241 0.026042 0.037825
0 0.204861 0.793144 0.027778 0.026005
0 0.203125 0.769504 0.024306 0.028369
0 0.204861 0.739953 0.027778 0.023641
0 0.204861 0.711584 0.024306 0.030733
0 0.207465 0.674941 0.027778 0.035461
0 0.206597 0.641844 0.029514 0.028369
0 0.208333 0.606383 0.024306 0.037825
0 0.207465 0.568558 0.029514 0.035461
0 0.207465 0.537825 0.027778 0.028369
0 0.209201 0.501182 0.029514 0.037825
0 0.209201 0.460993 0.029514 0.035461
0 0.209201 0.423168 0.031250 0.035461
0 0.210069 0.387707 0.029514 0.035461
0 0.210069 0.353428 0.029514 0.033097
0 0.212674 0.315603 0.029514 0.037825
0 0.211806 0.274232 0.026042 0.042553
0 0.211806 0.232861 0.026042 0.040189
0 0.214410 0.197400 0.029514 0.030733
0 0.214410 0.165485 0.027778 0.030733
0 0.215278 0.128842 0.029514 0.037825
266 0.248264 0.932624 0.024306 0.033097
902 0.250000 0.895981 0.027778 0.037825
387 0.249132 0.855792 0.024306 0.042553
30 0.250868 0.813239 0.026042 0.037825
1036 0.251736 0.774232 0.029514 0.030733
130 0.251736 0.742317 0.026042 0.033097
68 0.252604 0.705674 0.026042 0.037825
133 0.252604 0.666667 0.031250 0.035461
227 0.251736 0.630024 0.027778 0.033097
262 0.252604 0.588652 0.029514 0.042553
283 0.253472 0.548463 0.027778 0.030733
100 0.254340 0.516548 0.027778 0.033097
715 0.253472 0.477541 0.026042 0.035461
166 0.254340 0.442080 0.026042 0.033097
528 0.256076 0.408983 0.027778 0.035461
144 0.254340 0.369976 0.026042 0.040189
143 0.256944 0.330969 0.027778 0.035461
157 0.257812 0.294326 0.027778 0.035461
1183 0.258681 0.261229 0.029514 0.028369
934 0.258681 0.225768 0.026042 0.035461
38 0.258681 0.190307 0.024306 0.033097
37 0.258681 0.159574 0.026042 0.028369
45 0.259549 0.126478 0.032986 0.033097
586 0.298611 0.927896 0.027778 0.033097
43 0.298611 0.892435 0.027778 0.033097
30 0.299479 0.860520 0.027778 0.026005
66 0.299479 0.823877 0.026042 0.040189
178 0.300347 0.784870 0.029514 0.037825
192 0.300347 0.743499 0.029514 0.035461
932 0.300347 0.703310 0.031250 0.040189
266 0.299479 0.665485 0.026042 0.033097
875 0.300347 0.630024 0.020833 0.028369
388 0.301215 0.595745 0.027778 0.035461
1218 0.301215 0.561466 0.024306 0.030733
1217 0.302951 0.523641 0.024306 0.037825
21 0.302951 0.486998 0.027778 0.033097
949 0.302951 0.451537 0.026042 0.033097
150 0.304688 0.416076 0.027778 0.030733
158 0.304688 0.384161 0.032986 0.033097
30 0.304688 0.351064 0.027778 0.030733
82 0.305556 0.321513 0.026042 0.026005
385 0.304688 0.293144 0.024306 0.030733
250 0.304688 0.262411 0.024306 0.026005
249 0.305556 0.237589 0.026042 0.026005
459 0.309028 0.210402 0.027778 0.030733
21 0.309028 0.177305 0.031250 0.028369
23 0.308160 0.150118 0.032986 0.026005
163 0.307292 0.122931 0.029514 0.026005
261 0.345486 0.943262 0.024306 0.026005
261 0.347222 0.914894 0.027778 0.028369
261 0.346354 0.886525 0.020833 0.026005
178 0.347222 0.856974 0.022569 0.028369
192 0.348090 0.827423 0.024306 0.023641
1216 0.348958 0.794326 0.022569 0.033097
546 0.348090 0.764775 0.020833 0.021277
163 0.348958 0.735225 0.029514 0.030733
66 0.348958 0.700946 0.027778 0.033097
178 0.349826 0.669031 0.027778 0.030733
192 0.349826 0.633570 0.029514 0.035461
1215 0.348958 0.598109 0.029514 0.033097
163 0.348958 0.562648 0.027778 0.030733
875 0.349826 0.535461 0.026042 0.033097
596 0.348958 0.497636 0.029514 0.035461
54 0.349826 0.456265 0.029514 0.037825
215 0.350694 0.420804 0.027778 0.035461
163 0.352431 0.385343 0.029514 0.033097
932 0.352431 0.351064 0.026042 0.033097
266 0.352431 0.315603 0.024306 0.035461
761 0.351562 0.294326 0.026042 0.028369
1212 0.354167 0.262411 0.029514 0.028369
17 0.353299 0.231678 0.027778 0.030733
1212 0.352431 0.197400 0.029514 0.035461
163 0.353299 0.161939 0.027778 0.028369
1036 0.352431 0.128842 0.027778 0.035461
182 0.394965 0.936170 0.022569 0.023641
38 0.394965 0.905437 0.024306 0.030733
37 0.394965 0.875887 0.020833 0.026005
91 0.394097 0.847518 0.022569 0.028369
459 0.395833 0.808511 0.029514 0.042553
15 0.395833 0.764775 0.026042 0.037825
14 0.397569 0.724586 0.027778 0.037825
1212 0.396701 0.689125 0.020833 0.028369
17 0.398438 0.653664 0.024306 0.035461
1212 0.397569 0.619385 0.029514 0.028369
1214 0.396701 0.586288 0.024306 0.033097
1213 0.397569 0.550827 0.026042 0.030733
153 0.398438 0.510638 0.024306 0.040189
743 0.398438 0.471631 0.027778 0.035461
157 0.399306 0.434988 0.027778 0.037825
38 0.398438 0.397163 0.029514 0.033097
37 0.399306 0.360520 0.029514 0.035461
91 0.399306 0.325059 0.024306 0.030733
261 0.398438 0.286052 0.026042 0.042553
77 0.399306 0.248227 0.026042 0.028369
100 0.400174 0.218676 0.020833 0.028369
21 0.399306 0.191489 0.022569 0.026005
1133 0.400174 0.163121 0.026042 0.028369
657 0.400174 0.131206 0.026042 0.035461
203 0.440104 0.910165 0.020833 0.033097
203 0.439236 0.875887 0.020833 0.030733
203 0.440104 0.842790 0.020833 0.028369
203 0.440972 0.810875 0.019097 0.033097
203 0.440972 0.775414 0.017361 0.030733
128 0.440972 0.748227 0.017361 0.023641
1212 0.441840 0.716312 0.020833 0.033097
17 0.440972 0.684397 0.020833 0.028369
1212 0.440972 0.652482 0.019097 0.028369
1173 0.440972 0.619385 0.019097 0.033097
100 0.441840 0.586288 0.019097 0.026005
715 0.441840 0.555556 0.020833 0.033097
949 0.441840 0.521277 0.022569 0.033097
240 0.440972 0.491726 0.019097 0.023641
644 0.440104 0.460993 0.019097 0.033097
787 0.440104 0.426714 0.020833 0.035461
127 0.440104 0.392435 0.022569 0.028369
163 0.439236 0.359338 0.022569 0.033097
231 0.440972 0.327423 0.020833 0.030733
480 0.440104 0.297872 0.019097 0.028369
221 0.438368 0.267139 0.020833 0.030733
68 0.439236 0.234043 0.019097 0.033097
103 0.439236 0.200946 0.019097 0.030733
1211 0.439236 0.169031 0.020833 0.033097
107 0.439236 0.134752 0.020833 0.030733
23 0.502604 0.907801 0.026042 0.037825
648 0.500868 0.872340 0.026042 0.033097
163 0.500868 0.839243 0.027778 0.028369
681 0.500000 0.803783 0.027778 0.040189
1039 0.500000 0.765957 0.024306 0.033097
68 0.500000 0.732861 0.026042 0.030733
648 0.498264 0.699764 0.022569 0.030733
240 0.497396 0.670213 0.022569 0.028369
82 0.498264 0.634752 0.024306 0.037825
1210 0.496528 0.599291 0.022569 0.028369
209 0.496528 0.570922 0.022569 0.026005
163 0.496528 0.539007 0.026042 0.030733
1067 0.494792 0.502364 0.020833 0.037825
43 0.495660 0.465721 0.020833 0.033097
1209 0.493056 0.427896 0.020833 0.033097
68 0.491319 0.386525 0.020833 0.030733
23 0.489583 0.355792 0.019097 0.026005
648 0.488715 0.328605 0.022569 0.026005
163 0.489583 0.294326 0.024306 0.037825
27 0.487847 0.257683 0.024306 0.033097
38 0.488715 0.228132 0.020833 0.023641
37 0.486979 0.197400 0.020833 0.033097
410 0.486979 0.163121 0.022569 0.033097
0 0.548611 0.861702 0.027778 0.037825
0 0.547743 0.828605 0.026042 0.023641
0 0.546007 0.801418 0.026042 0.030733
0 0.546875 0.768322 0.027778 0.033097
0 0.546007 0.736407 0.027778 0.030733
0 0.542535 0.703310 0.029514 0.030733
0 0.541667 0.663121 0.026042 0.042553
0 0.539931 0.615839 0.029514 0.044917
0 0.540799 0.575650 0.026042 0.030733
0 0.539062 0.543735 0.024306 0.030733
0 0.537326 0.510638 0.022569 0.030733
0 0.537326 0.479905 0.027778 0.030733
0 0.537326 0.445626 0.027778 0.030733
0 0.535590 0.413712 0.024306 0.033097
0 0.533854 0.381797 0.022569 0.026005
0 0.534722 0.346336 0.027778 0.037825
0 0.532986 0.309693 0.027778 0.033097
0 0.530382 0.274232 0.022569 0.030733
0 0.529514 0.202128 0.026042 0.040189
0 0.592014 0.852246 0.029514 0.030733
0 0.592014 0.817967 0.022569 0.030733
0 0.591146 0.786052 0.026042 0.033097
0 0.591146 0.748227 0.029514 0.035461
0 0.589410 0.712766 0.029514 0.033097
0 0.587674 0.672577 0.024306 0.035461
0 0.587674 0.633570 0.026042 0.037825
0 0.585938 0.593381 0.027778 0.033097
0 0.583333 0.563830 0.027778 0.021277
0 0.585069 0.526005 0.026042 0.042553
0 0.583333 0.484634 0.022569 0.037825
0 0.581597 0.450355 0.024306 0.030733
0 0.579861 0.413712 0.022569 0.035461
0 0.579861 0.378251 0.029514 0.033097
0 0.578125 0.345154 0.024306 0.033097
0 0.575521 0.308511 0.029514 0.035461
0 0.577257 0.271868 0.022569 0.028369
0 0.575521 0.243499 0.020833 0.028369
0 0.575521 0.206856 0.026042 0.035461
0 0.573785 0.172577 0.026042 0.028369
0 0.634549 0.703310 0.031250 0.033097
0 0.633681 0.669031 0.031250 0.030733
0 0.630208 0.628842 0.024306 0.037825
0 0.630208 0.589835 0.026042 0.037825
0 0.627604 0.552009 0.027778 0.030733
0 0.627604 0.520095 0.027778 0.030733
0 0.625868 0.490544 0.022569 0.021277
0 0.626736 0.460993 0.027778 0.035461
0 0.625000 0.424350 0.027778 0.033097
0 0.623264 0.393617 0.026042 0.026005
0 0.619792 0.359338 0.024306 0.033097
0 0.620660 0.325059 0.027778 0.035461
0 0.620660 0.290780 0.027778 0.028369
0 0.618924 0.260047 0.024306 0.028369
0 0.619792 0.228132 0.027778 0.033097
0 0.618056 0.197400 0.022569 0.018913
0 0.617188 0.174941 0.027778 0.040189
107 0.683160 0.809693 0.031250 0.040189
384 0.682292 0.768322 0.026042 0.035461
28 0.681424 0.730496 0.031250 0.040189
21 0.680556 0.692671 0.027778 0.033097
89 0.677951 0.659574 0.024306 0.030733
38 0.677083 0.627660 0.026042 0.028369
37 0.677951 0.594563 0.027778 0.030733
88 0.675347 0.567376 0.022569 0.023641
87 0.674479 0.536643 0.026042 0.030733
0 0.672743 0.500000 0.024306 0.033097
0 0.669271 0.464539 0.026042 0.028369
0 0.669271 0.432624 0.022569 0.030733
0 0.669271 0.400709 0.020833 0.030733
0 0.667535 0.368794 0.024306 0.035461
0 0.668403 0.335697 0.020833 0.030733
0 0.665799 0.304965 0.027778 0.030733
0 0.664062 0.270686 0.024306 0.033097
0 0.664062 0.239953 0.022569 0.028369
78 0.728299 0.852246 0.026042 0.026005
464 0.728299 0.819149 0.022569 0.033097
16 0.729167 0.782506 0.027778 0.030733
77 0.728299 0.750591 0.024306 0.030733
23 0.727431 0.718676 0.026042 0.030733
67 0.725694 0.687943 0.027778 0.023641
1169 0.724826 0.657210 0.029514 0.030733
192 0.722222 0.620567 0.024306 0.033097
190 0.723090 0.585106 0.026042 0.028369
100 0.721354 0.553191 0.027778 0.033097
407 0.721354 0.516548 0.029514 0.033097
77 0.718750 0.483452 0.022569 0.021277
30 0.717014 0.452719 0.022569 0.033097
77 0.714410 0.416076 0.026042 0.035461
253 0.714410 0.372340 0.024306 0.040189
27 0.711806 0.335697 0.022569 0.030733
38 0.711806 0.299054 0.024306 0.035461
37 0.710938 0.232861 0.029514 0.033097
827 0.774306 0.787234 0.026042 0.033097
827 0.773438 0.755319 0.024306 0.023641
827 0.773438 0.718676 0.027778 0.040189
827 0.771701 0.683215 0.027778 0.028369
827 0.769965 0.651300 0.029514 0.023641
827 0.767361 0.621749 0.027778 0.030733
827 0.766493 0.587470 0.024306 0.035461
827 0.766493 0.552009 0.026042 0.030733
827 0.765625 0.517730 0.020833 0.033097
1208 0.766493 0.485816 0.020833 0.026005
1173 0.764757 0.452719 0.027778 0.037825
384 0.762153 0.412530 0.031250 0.033097
31 0.762153 0.371158 0.026042 0.040189
163 0.760417 0.336879 0.027778 0.028369
198 0.758681 0.303783 0.034722 0.035461
10 0.757812 0.268322 0.031250 0.033097
202 0.756944 0.230496 0.031250 0.033097
495 0.819444 0.862884 0.024306 0.026005
64 0.818576 0.807329 0.024306 0.028369
1203 0.818576 0.775414 0.029514 0.030733
1202 0.815972 0.736407 0.027778 0.033097
100 0.815104 0.709220 0.020833 0.023641
715 0.814236 0.678487 0.024306 0.035461
255 0.814236 0.643026 0.027778 0.035461
109 0.811632 0.608747 0.027778 0.033097
248 0.810764 0.578014 0.024306 0.026005
43 0.811632 0.546099 0.027778 0.035461
196 0.809896 0.507092 0.027778 0.033097
1207 0.809028 0.475177 0.027778 0.030733
163 0.807292 0.438534 0.024306 0.037825
1206 0.806424 0.399527 0.024306 0.037825
1005 0.806424 0.361702 0.026042 0.033097
1205 0.804688 0.325059 0.026042 0.035461
91 0.802083 0.289598 0.024306 0.030733
442 0.800347 0.251773 0.026042 0.035461
21 0.801215 0.215130 0.026042 0.033097
1204 0.800347 0.186761 0.029514 0.026005
64 0.863715 0.842790 0.022569 0.033097
30 0.861111 0.810875 0.022569 0.028369
644 0.861979 0.773050 0.024306 0.040189
267 0.861111 0.735225 0.026042 0.028369
737 0.861111 0.705674 0.026042 0.028369
577 0.859375 0.673759 0.026042 0.035461
23 0.859375 0.633570 0.024306 0.037825
648 0.856771 0.596927 0.024306 0.028369
111 0.854167 0.563830 0.024306 0.035461
230 0.853299 0.526005 0.027778 0.037825
100 0.852431 0.488180 0.027778 0.033097
32 0.854167 0.456265 0.026042 0.023641
1109 0.852431 0.430260 0.027778 0.023641
495 0.850694 0.399527 0.029514 0.030733
1039 0.849826 0.366430 0.024306 0.033097
64 0.848958 0.330969 0.026042 0.030733
165 0.848090 0.295508 0.022569 0.035461
1039 0.847222 0.255319 0.027778 0.042553
248 0.846354 0.213948 0.027778 0.033097
448 0.844618 0.179669 0.026042 0.033097
279 0.846354 0.139480 0.032986 0.035461
