0 0.093857 0.893462 0.030717 0.038741
0 0.094710 0.857143 0.030717 0.031477
0 0.093857 0.818402 0.027304 0.033898
0 0.095563 0.780872 0.032423 0.033898
0 0.096416 0.742131 0.027304 0.036320
0 0.098123 0.708232 0.020478 0.029056
0 0.098123 0.676755 0.022184 0.029056
0 0.100683 0.636804 0.029010 0.041162
0 0.099829 0.595642 0.025597 0.036320
0 0.101536 0.553269 0.027304 0.043584
0 0.104096 0.504843 0.030717 0.036320
0 0.103242 0.458838 0.034130 0.043584
0 0.105802 0.415254 0.030717 0.033898
0 0.104949 0.381356 0.023891 0.029056
0 0.106655 0.351090 0.022184 0.026634
0 0.107509 0.320823 0.025597 0.029056
0 0.109215 0.283293 0.030717 0.033898
0 0.109215 0.237288 0.027304 0.041162
0 0.110922 0.194915 0.029010 0.033898
0 0.112628 0.152542 0.025597 0.043584
0 0.111775 0.107748 0.027304 0.038741
0 0.141638 0.814770 0.032423 0.043584
0 0.141638 0.722760 0.027304 0.041162
0 0.145051 0.679177 0.027304 0.033898
0 0.144198 0.640436 0.027304 0.038741
0 0.145904 0.598063 0.027304 0.041162
0 0.148464 0.553269 0.030717 0.043584
0 0.148464 0.512107 0.032423 0.031477
0 0.147611 0.474576 0.032423 0.033898
0 0.152730 0.437046 0.027304 0.033898
0 0.151877 0.401937 0.029010 0.031477
0 0.151877 0.361985 0.027304 0.041162
0 0.155290 0.318402 0.032423 0.033898
0 0.155290 0.286925 0.029010 0.029056
0 0.155290 0.261501 0.025597 0.026634
0 0.158703 0.228814 0.032423 0.033898
0 0.159556 0.196126 0.027304 0.026634
0 0.160410 0.168281 0.022184 0.024213
0 0.191126 0.774818 0.027304 0.036320
0 0.192833 0.734867 0.025597 0.038741
0 0.191980 0.697337 0.029010 0.036320
0 0.195392 0.661017 0.029010 0.033898
0 0.195392 0.617433 0.029010 0.038741
0 0.197099 0.575061 0.022184 0.038741
0 0.198805 0.538741 0.030717 0.029056
0 0.198805 0.502421 0.025597 0.036320
0 0.201365 0.467312 0.023891 0.026634
0 0.200512 0.432203 0.027304 0.036320
0 0.202218 0.394673 0.023891 0.033898
0 0.203072 0.357143 0.030717 0.036320
0 0.204778 0.318402 0.030717 0.038741
0 0.205631 0.277240 0.029010 0.036320
0 0.207338 0.238499 0.020478 0.033898
0 0.209044 0.202179 0.032423 0.029056
0 0.209044 0.170702 0.029010 0.029056
0 0.239761 0.820823 0.027304 0.036320
0 0.241468 0.778450 0.025597 0.033898
0 0.242321 0.744552 0.029010 0.033898
0 0.242321 0.717918 0.025597 0.026634
0 0.243174 0.685230 0.029010 0.029056
0 0.244027 0.651332 0.023891 0.031477
0 0.244027 0.611380 0.032423 0.043584
0 0.248294 0.569007 0.029010 0.033898
0 0.248294 0.533898 0.032423 0.033898
0 0.247440 0.497579 0.023891 0.031477
0 0.249147 0.466102 0.018771 0.029056
0 0.249147 0.437046 0.022184 0.026634
0 0.250853 0.399516 0.029010 0.036320
0 0.253413 0.364407 0.022184 0.029056
0 0.253413 0.332930 0.025597 0.029056
0 0.255119 0.292978 0.032423 0.038741
0 0.255973 0.253027 0.030717 0.031477
0 0.255119 0.214286 0.030717 0.038741
0 0.287543 0.818402 0.027304 0.026634
0 0.287543 0.790557 0.023891 0.031477
0 0.290956 0.759080 0.025597 0.029056
0 0.290956 0.721550 0.029010 0.038741
0 0.291809 0.685230 0.030717 0.033898
0 0.291809 0.644068 0.025597 0.036320
0 0.293515 0.602906 0.020478 0.038741
0 0.296928 0.562954 0.030717 0.031477
0 0.296075 0.526634 0.029010 0.033898
0 0.295222 0.487893 0.034130 0.036320
0 0.296075 0.450363 0.027304 0.031477
494 0.297782 0.416465 0.025597 0.031477
136 0.299488 0.380145 0.030717 0.033898
448 0.300341 0.343826 0.023891 0.031477
93 0.301195 0.312349 0.022184 0.026634
540 0.298635 0.282082 0.030717 0.031477
500 0.303754 0.245763 0.027304 0.036320
500 0.303754 0.211864 0.032423 0.026634
68 0.303754 0.176755 0.030717 0.038741
16 0.337884 0.750605 0.027304 0.036320
641 0.338737 0.719128 0.030717 0.026634
179 0.339590 0.687651 0.029010 0.033898
16 0.341297 0.647700 0.023891 0.038741
513 0.342150 0.605327 0.023891 0.031477
639 0.343003 0.569007 0.025597 0.033898
407 0.344710 0.530266 0.022184 0.033898
43 0.344710 0.493947 0.030717 0.033898
66 0.344710 0.457627 0.025597 0.033898
554 0.346416 0.421308 0.027304 0.029056
255 0.347270 0.388620 0.030717 0.033898
16 0.348976 0.353511 0.027304 0.031477
21 0.349829 0.322034 0.020478 0.026634
92 0.350683 0.291768 0.020478 0.026634
37 0.352389 0.256659 0.027304 0.036320
91 0.352389 0.219128 0.027304 0.036320
90 0.354096 0.182809 0.029010 0.029056
163 0.382253 0.916465 0.025597 0.031477
391 0.383106 0.878935 0.022184 0.033898
136 0.383959 0.840194 0.029010 0.036320
193 0.383959 0.799031 0.027304 0.038741
112 0.384812 0.759080 0.025597 0.041162
727 0.384812 0.716707 0.025597 0.031477
716 0.386519 0.684019 0.022184 0.033898
178 0.388225 0.653753 0.030717 0.024213
214 0.387372 0.621065 0.023891 0.036320
213 0.389078 0.581114 0.020478 0.038741
91 0.391638 0.548426 0.025597 0.026634
16 0.391638 0.514528 0.020478 0.029056
726 0.394198 0.479419 0.025597 0.033898
136 0.393345 0.446731 0.023891 0.024213
157 0.395051 0.414044 0.025597 0.031477
38 0.394198 0.382567 0.029010 0.026634
37 0.395904 0.349879 0.025597 0.036320
17 0.394198 0.315981 0.023891 0.024213
371 0.394198 0.289346 0.029010 0.024213
31 0.396758 0.259080 0.025597 0.031477
163 0.398464 0.227603 0.029010 0.026634
11 0.399317 0.196126 0.029010 0.031477
10 0.399317 0.151332 0.025597 0.046005
202 0.400171 0.108959 0.027304 0.033898
639 0.428328 0.924939 0.023891 0.024213
639 0.429181 0.872881 0.020478 0.026634
639 0.430034 0.834140 0.025597 0.038741
639 0.432594 0.790557 0.023891 0.033898
407 0.430887 0.749395 0.029010 0.043584
157 0.432594 0.708232 0.025597 0.033898
38 0.432594 0.671913 0.025597 0.033898
37 0.433447 0.627119 0.025597 0.038741
151 0.435154 0.587167 0.020478 0.036320
17 0.437713 0.552058 0.029010 0.031477
14 0.436860 0.519370 0.027304 0.029056
197 0.437713 0.474576 0.029010 0.046005
37 0.439420 0.430993 0.025597 0.031477
142 0.441980 0.389831 0.030717 0.041162
232 0.441980 0.348668 0.029010 0.038741
78 0.441980 0.302663 0.032423 0.041162
44 0.444539 0.259080 0.032423 0.038741
77 0.444539 0.222760 0.030717 0.029056
42 0.445392 0.185230 0.025597 0.036320
50 0.447099 0.145278 0.030717 0.031477
345 0.447099 0.111380 0.025597 0.029056
112 0.447099 0.078692 0.027304 0.031477
175 0.475256 0.923729 0.023891 0.029056
17 0.476962 0.898305 0.023891 0.026634
25 0.476962 0.870460 0.023891 0.026634
24 0.478669 0.836562 0.025597 0.036320
221 0.477816 0.796610 0.032423 0.041162
133 0.479522 0.754237 0.027304 0.033898
30 0.479522 0.715496 0.023891 0.038741
163 0.483788 0.673123 0.023891 0.031477
84 0.484642 0.633172 0.025597 0.041162
203 0.483788 0.588378 0.023891 0.041162
12 0.484642 0.549637 0.027304 0.031477
77 0.487201 0.512107 0.023891 0.038741
218 0.486348 0.472155 0.027304 0.029056
157 0.487201 0.432203 0.029010 0.041162
38 0.488908 0.386199 0.023891 0.041162
37 0.489761 0.342615 0.022184 0.041162
231 0.487201 0.300242 0.027304 0.036320
725 0.490614 0.262712 0.025597 0.036320
44 0.490614 0.221550 0.023891 0.033898
82 0.490614 0.186441 0.018771 0.031477
42 0.489761 0.156174 0.020478 0.029056
77 0.490614 0.122276 0.023891 0.029056
115 0.490614 0.087167 0.025597 0.033898
0 0.572526 0.927361 0.020478 0.026634
0 0.570819 0.898305 0.029010 0.029056
0 0.571672 0.869249 0.027304 0.031477
0 0.570819 0.829298 0.023891 0.041162
0 0.571672 0.785714 0.027304 0.033898
0 0.569966 0.739709 0.023891 0.048426
0 0.570819 0.692494 0.027304 0.033898
0 0.570819 0.652542 0.025597 0.033898
0 0.569966 0.616223 0.020478 0.029056
0 0.570819 0.584746 0.023891 0.031477
0 0.569113 0.543584 0.023891 0.041162
0 0.568259 0.496368 0.025597 0.033898
0 0.569113 0.457627 0.030717 0.033898
0 0.566553 0.423729 0.020478 0.024213
0 0.567406 0.389831 0.023891 0.033898
0 0.565700 0.354722 0.018771 0.029056
0 0.565700 0.323245 0.023891 0.031477
0 0.565700 0.282082 0.029010 0.041162
0 0.563140 0.244552 0.023891 0.029056
0 0.563993 0.210654 0.025597 0.036320
0 0.561433 0.175545 0.025597 0.031477
0 0.563140 0.145278 0.023891 0.026634
0 0.563140 0.115012 0.022184 0.033898
0 0.562287 0.078692 0.022184 0.031477
0 0.621160 0.915254 0.025597 0.031477
0 0.621160 0.877724 0.027304 0.031477
0 0.620307 0.843826 0.020478 0.033898
0 0.619454 0.808717 0.023891 0.024213
0 0.618601 0.771186 0.032423 0.041162
0 0.619454 0.725182 0.032423 0.038741
0 0.617747 0.688862 0.029010 0.029056
0 0.616041 0.647700 0.029010 0.038741
0 0.615188 0.605327 0.029010 0.036320
0 0.617747 0.569007 0.027304 0.029056
0 0.617747 0.535109 0.029010 0.031477
0 0.616041 0.502421 0.025597 0.033898
0 0.616041 0.467312 0.030717 0.031477
0 0.614334 0.432203 0.027304 0.031477
0 0.615188 0.399516 0.022184 0.029056
0 0.613481 0.369249 0.022184 0.029056
0 0.613481 0.334140 0.027304 0.036320
0 0.610922 0.299031 0.029010 0.026634
0 0.613481 0.266344 0.030717 0.038741
0 0.610922 0.228814 0.032423 0.036320
0 0.610068 0.186441 0.029010 0.041162
0 0.610068 0.144068 0.020478 0.038741
0 0.610922 0.107748 0.029010 0.031477
0 0.610922 0.070218 0.030717 0.038741
0 0.668942 0.918886 0.027304 0.026634
0 0.667235 0.887409 0.023891 0.031477
0 0.666382 0.852300 0.023891 0.029056
0 0.665529 0.817191 0.023891 0.033898
0 0.666382 0.779661 0.023891 0.036320
0 0.663823 0.734867 0.032423 0.043584
0 0.662969 0.690073 0.029010 0.033898
0 0.662969 0.646489 0.027304 0.041162
0 0.662116 0.605327 0.029010 0.031477
0 0.659556 0.569007 0.022184 0.033898
0 0.658703 0.536320 0.023891 0.031477
0 0.659556 0.504843 0.023891 0.029056
0 0.659556 0.467312 0.025597 0.043584
0 0.658703 0.426150 0.027304 0.036320
0 0.656997 0.389831 0.025597 0.033898
0 0.657850 0.353511 0.022184 0.029056
0 0.656143 0.323245 0.022184 0.021792
0 0.655290 0.296610 0.027304 0.024213
0 0.654437 0.261501 0.029010 0.038741
0 0.656143 0.223971 0.027304 0.033898
0 0.654437 0.182809 0.023891 0.033898
0 0.654437 0.139225 0.027304 0.043584
0 0.655290 0.094431 0.029010 0.038741
0 0.655290 0.072639 0.027304 0.029056
0 0.711604 0.914044 0.023891 0.021792
0 0.711604 0.883777 0.023891 0.031477
0 0.712457 0.845036 0.022184 0.033898
0 0.709898 0.812349 0.022184 0.026634
0 0.710751 0.780872 0.025597 0.031477
0 0.709898 0.743341 0.027304 0.033898
0 0.709044 0.705811 0.030717 0.033898
0 0.709044 0.668281 0.030717 0.036320
0 0.707338 0.629540 0.023891 0.029056
0 0.704778 0.590799 0.023891 0.041162
0 0.704778 0.547215 0.030717 0.043584
0 0.703072 0.520581 0.027304 0.031477
0 0.703925 0.483051 0.025597 0.033898
0 0.703925 0.445521 0.030717 0.033898
0 0.703925 0.410412 0.025597 0.029056
0 0.704778 0.380145 0.029010 0.026634
0 0.703925 0.349879 0.023891 0.031477
0 0.703072 0.318402 0.022184 0.021792
0 0.701365 0.283293 0.025597 0.038741
0 0.700512 0.248184 0.025597 0.026634
0 0.698805 0.211864 0.027304 0.038741
0 0.698805 0.173123 0.032423 0.036320
0 0.698805 0.136804 0.029010 0.021792
0 0.697099 0.106538 0.027304 0.029056
0 0.697099 0.071429 0.027304 0.036320
281 0.758532 0.907990 0.027304 0.031477
35 0.757679 0.874092 0.020478 0.036320
639 0.755973 0.832930 0.022184 0.036320
407 0.756826 0.792978 0.022184 0.031477
157 0.756826 0.759080 0.027304 0.033898
38 0.755119 0.722760 0.029010 0.029056
37 0.755119 0.688862 0.032423 0.033898
142 0.755119 0.656174 0.029010 0.031477
232 0.753413 0.619855 0.029010 0.033898
78 0.750853 0.579903 0.027304 0.041162
127 0.750853 0.542373 0.030717 0.031477
44 0.750853 0.510896 0.030717 0.026634
221 0.749147 0.479419 0.027304 0.036320
0 0.748294 0.443099 0.032423 0.031477
0 0.746587 0.405569 0.029010 0.038741
0 0.746587 0.369249 0.023891 0.029056
0 0.746587 0.334140 0.029010 0.036320
0 0.745734 0.289346 0.027304 0.041162
0 0.746587 0.246973 0.022184 0.036320
0 0.745734 0.210654 0.030717 0.031477
0 0.744881 0.174334 0.029010 0.031477
0 0.744027 0.139225 0.029010 0.031477
0 0.742321 0.105327 0.029010 0.031477
0 0.740614 0.065375 0.027304 0.033898
91 0.806314 0.911622 0.025597 0.026634
16 0.806314 0.884988 0.030717 0.024213
45 0.804608 0.855932 0.025597 0.029056
15 0.803754 0.818402 0.027304 0.038741
163 0.802901 0.782082 0.025597 0.029056
584 0.802901 0.749395 0.025597 0.036320
170 0.802048 0.716707 0.022184 0.021792
214 0.802048 0.686441 0.022184 0.033898
213 0.800341 0.651332 0.030717 0.031477
91 0.800341 0.613801 0.030717 0.029056
16 0.798635 0.582324 0.027304 0.031477
77 0.797782 0.549637 0.022184 0.026634
115 0.798635 0.520581 0.022184 0.026634
716 0.797782 0.491525 0.025597 0.029056
380 0.797782 0.456416 0.025597 0.038741
724 0.795222 0.412833 0.025597 0.041162
43 0.794369 0.369249 0.025597 0.033898
135 0.792662 0.334140 0.027304 0.031477
44 0.791809 0.297821 0.025597 0.031477
77 0.791809 0.263923 0.027304 0.033898
437 0.790102 0.233656 0.023891 0.021792
100 0.790102 0.207022 0.023891 0.026634
157 0.790102 0.176755 0.029010 0.029056
38 0.787543 0.144068 0.025597 0.029056
37 0.788396 0.117433 0.022184 0.024213
36 0.788396 0.090799 0.023891 0.026634
35 0.786689 0.062954 0.025597 0.029056
214 0.848976 0.901937 0.029010 0.041162
213 0.849829 0.860775 0.027304 0.029056
91 0.848976 0.831719 0.023891 0.026634
16 0.848976 0.794189 0.027304 0.038741
77 0.848123 0.754237 0.022184 0.033898
34 0.847270 0.722760 0.027304 0.026634
218 0.847270 0.690073 0.022184 0.033898
136 0.846416 0.658596 0.023891 0.021792
157 0.846416 0.633172 0.025597 0.029056
38 0.844710 0.598063 0.023891 0.033898
37 0.845563 0.569007 0.022184 0.026634
203 0.843857 0.539952 0.023891 0.026634
166 0.845563 0.502421 0.025597 0.038741
135 0.844710 0.462470 0.025597 0.033898
134 0.841297 0.421308 0.029010 0.041162
554 0.839590 0.380145 0.030717 0.036320
255 0.840444 0.341404 0.025597 0.041162
723 0.837884 0.300242 0.029010 0.033898
722 0.836177 0.261501 0.025597 0.036320
292 0.837031 0.222760 0.020478 0.033898
153 0.837031 0.187651 0.029010 0.031477
210 0.836177 0.153753 0.025597 0.029056
77 0.834471 0.123487 0.020478 0.029056
554 0.834471 0.095642 0.020478 0.021792
255 0.834471 0.061743 0.023891 0.033898
231 0.892491 0.891041 0.029010 0.038741
149 0.893345 0.847458 0.027304 0.033898
67 0.892491 0.805085 0.023891 0.038741
165 0.890785 0.762712 0.029010 0.036320
83 0.891638 0.727603 0.025597 0.031477
227 0.892491 0.694915 0.027304 0.033898
226 0.891638 0.659806 0.025597 0.026634
167 0.890785 0.630751 0.029010 0.029056
129 0.890785 0.598063 0.022184 0.031477
100 0.889078 0.556901 0.027304 0.043584
30 0.887372 0.512107 0.030717 0.041162
166 0.888225 0.470944 0.029010 0.033898
129 0.887372 0.432203 0.025597 0.036320
100 0.887372 0.393462 0.022184 0.033898
350 0.885666 0.359564 0.029010 0.026634
77 0.885666 0.331719 0.025597 0.026634
721 0.884812 0.300242 0.027304 0.029056
653 0.883959 0.267554 0.023891 0.029056
720 0.883106 0.238499 0.020478 0.026634
59 0.883106 0.210654 0.023891 0.026634
224 0.883106 0.177966 0.025597 0.029056
64 0.880546 0.144068 0.023891 0.031477
137 0.881399 0.113801 0.023891 0.024213
83 0.882253 0.087167 0.029010 0.026634
129 0.880546 0.056901 0.027304 0.031477
719 0.936860 0.884988 0.032423 0.041162
718 0.936860 0.843826 0.025597 0.033898
380 0.936860 0.809927 0.027304 0.026634
295 0.936007 0.774818 0.027304 0.036320
77 0.935154 0.738499 0.027304 0.031477
178 0.935154 0.708232 0.020478 0.026634
295 0.936007 0.677966 0.018771 0.026634
21 0.934300 0.650121 0.020478 0.029056
281 0.933447 0.615012 0.027304 0.033898
251 0.932594 0.576271 0.027304 0.033898
717 0.932594 0.535109 0.020478 0.041162
43 0.929181 0.493947 0.027304 0.036320
295 0.930034 0.455206 0.025597 0.033898
457 0.930034 0.422518 0.025597 0.031477
281 0.929181 0.391041 0.030717 0.026634
89 0.928328 0.359564 0.029010 0.033898
130 0.926621 0.325666 0.027304 0.029056
38 0.927474 0.297821 0.023891 0.026634
37 0.928328 0.268765 0.029010 0.026634
251 0.927474 0.236077 0.025597 0.033898
54 0.928328 0.197337 0.023891 0.029056
166 0.925768 0.158596 0.025597 0.041162
203 0.926621 0.121065 0.025597 0.031477
150 0.925768 0.090799 0.025597 0.026634
136 0.924915 0.058111 0.027304 0.033898
