574 0.269558 0.885645 0.030612 0.038929
118 0.270408 0.844282 0.025510 0.034063
117 0.270408 0.811436 0.020408 0.021898
52 0.273810 0.778589 0.023810 0.036496
26 0.272959 0.742092 0.028912 0.034063
239 0.273810 0.708029 0.030612 0.026764
172 0.273810 0.670316 0.025510 0.038929
343 0.276361 0.635036 0.030612 0.026764
481 0.276361 0.599757 0.025510 0.038929
480 0.278061 0.562044 0.025510 0.034063
29 0.278912 0.529197 0.018707 0.026764
28 0.278912 0.501217 0.023810 0.024331
628 0.279762 0.470803 0.023810 0.031630
627 0.279762 0.441606 0.025510 0.026764
626 0.281463 0.411192 0.027211 0.034063
83 0.283163 0.378345 0.025510 0.029197
33 0.284014 0.349148 0.028912 0.031630
19 0.283163 0.317518 0.030612 0.026764
29 0.283163 0.281022 0.027211 0.041363
28 0.284014 0.244526 0.027211 0.029197
75 0.284864 0.212895 0.027211 0.031630
157 0.288265 0.178832 0.027211 0.036496
133 0.321429 0.890511 0.022109 0.021898
621 0.321429 0.867397 0.022109 0.029197
9 0.322279 0.835766 0.025510 0.029197
176 0.322279 0.798054 0.027211 0.036496
64 0.323129 0.765207 0.028912 0.026764
63 0.322279 0.729927 0.030612 0.036496
625 0.323980 0.693431 0.028912 0.034063
52 0.321429 0.664234 0.030612 0.026764
7 0.323129 0.628954 0.027211 0.034063
142 0.327381 0.591241 0.032313 0.034063
234 0.327381 0.557178 0.025510 0.029197
233 0.328231 0.529197 0.022109 0.021898
142 0.328231 0.506083 0.027211 0.029197
183 0.329082 0.474453 0.027211 0.031630
142 0.330782 0.439173 0.022109 0.031630
29 0.332483 0.407543 0.027211 0.029197
19 0.329082 0.373479 0.025510 0.031630
28 0.333333 0.338200 0.028912 0.031630
43 0.334184 0.307786 0.027211 0.026764
239 0.335034 0.282238 0.030612 0.024331
192 0.334184 0.250608 0.030612 0.029197
231 0.335034 0.218978 0.027211 0.029197
61 0.335034 0.184915 0.028912 0.034063
408 0.335034 0.152068 0.023810 0.029197
113 0.335884 0.124088 0.023810 0.026764
65 0.335884 0.092457 0.027211 0.036496
208 0.369048 0.934307 0.028912 0.026764
133 0.369048 0.908759 0.027211 0.021898
70 0.369898 0.880779 0.025510 0.034063
62 0.370748 0.844282 0.028912 0.034063
13 0.368197 0.799270 0.032313 0.041363
187 0.371599 0.754258 0.023810 0.038929
4 0.370748 0.717762 0.027211 0.026764
3 0.369898 0.684915 0.028912 0.034063
33 0.370748 0.647202 0.023810 0.034063
261 0.372449 0.611922 0.028912 0.026764
231 0.372449 0.576642 0.028912 0.034063
61 0.372449 0.538929 0.027211 0.034063
65 0.371599 0.502433 0.030612 0.038929
109 0.374150 0.458637 0.027211 0.038929
133 0.375850 0.423358 0.025510 0.026764
553 0.375850 0.392944 0.028912 0.029197
9 0.376701 0.357664 0.034014 0.036496
70 0.375850 0.315085 0.027211 0.046229
85 0.377551 0.273723 0.025510 0.036496
624 0.379252 0.237226 0.023810 0.034063
9 0.379252 0.203163 0.028912 0.031630
85 0.380952 0.166667 0.028912 0.036496
146 0.382653 0.124088 0.023810 0.041363
83 0.382653 0.085158 0.027211 0.029197
13 0.414966 0.933090 0.032313 0.031630
268 0.414966 0.899027 0.027211 0.031630
69 0.414966 0.869830 0.027211 0.026764
201 0.414966 0.838200 0.025510 0.029197
65 0.415816 0.801703 0.032313 0.041363
64 0.416667 0.755474 0.028912 0.041363
142 0.415816 0.717762 0.032313 0.029197
153 0.417517 0.681265 0.028912 0.041363
173 0.418367 0.635036 0.025510 0.036496
13 0.418367 0.597324 0.027211 0.034063
614 0.421769 0.555961 0.027211 0.034063
410 0.423469 0.517032 0.027211 0.036496
69 0.422619 0.480535 0.032313 0.034063
253 0.423469 0.448905 0.020408 0.026764
466 0.423469 0.420925 0.023810 0.026764
82 0.426871 0.390511 0.032313 0.029197
142 0.426020 0.352798 0.035714 0.038929
19 0.426020 0.311436 0.027211 0.038929
29 0.427721 0.274939 0.030612 0.031630
28 0.428571 0.238443 0.028912 0.034063
45 0.426871 0.199513 0.025510 0.036496
44 0.430272 0.161800 0.025510 0.029197
50 0.429422 0.124088 0.023810 0.034063
49 0.428571 0.088808 0.023810 0.031630
439 0.460884 0.855231 0.027211 0.029197
438 0.461735 0.817518 0.028912 0.041363
268 0.465136 0.778589 0.030612 0.034063
343 0.463435 0.745742 0.023810 0.031630
623 0.463435 0.715328 0.020408 0.021898
91 0.467687 0.686131 0.032313 0.031630
13 0.467687 0.647202 0.028912 0.038929
130 0.469388 0.502433 0.023810 0.021898
129 0.469388 0.473236 0.030612 0.029197
268 0.470238 0.437956 0.027211 0.036496
13 0.762755 0.917275 0.025510 0.031630
614 0.765306 0.884428 0.032313 0.031630
69 0.763605 0.852798 0.030612 0.029197
52 0.763605 0.821168 0.027211 0.029197
98 0.763605 0.783455 0.020408 0.036496
622 0.761905 0.748175 0.027211 0.029197
13 0.759354 0.715328 0.023810 0.024331
583 0.759354 0.682482 0.028912 0.034063
133 0.759354 0.644769 0.025510 0.034063
70 0.760204 0.613139 0.027211 0.029197
153 0.757653 0.577859 0.025510 0.031630
132 0.755952 0.542579 0.028912 0.029197
621 0.756803 0.507299 0.030612 0.034063
136 0.756803 0.475669 0.032313 0.029197
85 0.755102 0.445255 0.025510 0.026764
67 0.756803 0.412409 0.028912 0.034063
60 0.753401 0.377129 0.025510 0.034063
153 0.753401 0.261557 0.027211 0.031630
173 0.753401 0.227494 0.027211 0.029197
52 0.753401 0.125304 0.032313 0.026764
34 0.812075 0.907543 0.025510 0.029197
541 0.811224 0.874696 0.023810 0.019465
298 0.810374 0.844282 0.027211 0.034063
481 0.809524 0.802920 0.025510 0.034063
480 0.811224 0.763990 0.028912 0.038929
29 0.807823 0.726277 0.030612 0.036496
28 0.806973 0.686131 0.025510 0.036496
106 0.807823 0.647202 0.027211 0.031630
2 0.804422 0.608273 0.020408 0.036496
133 0.804422 0.570560 0.027211 0.034063
58 0.803571 0.532847 0.022109 0.031630
9 0.806973 0.492701 0.028912 0.038929
62 0.804422 0.453771 0.027211 0.029197
64 0.801871 0.418491 0.028912 0.031630
111 0.801020 0.388078 0.025510 0.026764
171 0.801871 0.350365 0.030612 0.034063
170 0.800170 0.315085 0.027211 0.029197
75 0.799320 0.279805 0.027211 0.034063
4 0.797619 0.245742 0.025510 0.031630
34 0.800170 0.205596 0.030612 0.043796
274 0.797619 0.169100 0.025510 0.029197
481 0.798469 0.131387 0.030612 0.036496
480 0.795918 0.096107 0.025510 0.026764
29 0.795068 0.065693 0.020408 0.021898
80 0.854592 0.913625 0.028912 0.031630
133 0.854592 0.883212 0.022109 0.026764
70 0.855442 0.852798 0.025510 0.029197
7 0.855442 0.816302 0.027211 0.034063
28 0.852891 0.776156 0.023810 0.036496
67 0.853741 0.739659 0.027211 0.031630
4 0.852041 0.704380 0.025510 0.031630
171 0.850340 0.664234 0.025510 0.034063
170 0.851190 0.626521 0.025510 0.031630
75 0.849490 0.593674 0.025510 0.029197
4 0.851190 0.554745 0.027211 0.046229
13 0.849490 0.508516 0.027211 0.038929
76 0.846939 0.468370 0.023810 0.034063
28 0.846939 0.429440 0.027211 0.034063
34 0.846939 0.394161 0.023810 0.031630
3 0.849490 0.354015 0.028912 0.043796
613 0.846088 0.310219 0.030612 0.036496
13 0.846088 0.278589 0.025510 0.021898
298 0.844388 0.250608 0.027211 0.026764
541 0.842687 0.217762 0.025510 0.034063
481 0.841837 0.180049 0.025510 0.031630
480 0.841837 0.141119 0.023810 0.036496
29 0.843537 0.104623 0.028912 0.029197
170 0.902211 0.919708 0.023810 0.021898
75 0.898810 0.890511 0.023810 0.034063
4 0.900510 0.854015 0.023810 0.036496
13 0.898810 0.818735 0.025510 0.029197
76 0.899660 0.782238 0.025510 0.031630
28 0.899660 0.744526 0.025510 0.034063
75 0.901361 0.711679 0.027211 0.024331
60 0.900510 0.684915 0.025510 0.024331
27 0.899660 0.655718 0.023810 0.031630
26 0.898810 0.619221 0.027211 0.034063
26 0.897959 0.576642 0.027211 0.036496
54 0.895408 0.541363 0.028912 0.029197
30 0.897109 0.503650 0.023810 0.036496
3 0.895408 0.464720 0.025510 0.029197
259 0.893707 0.424574 0.023810 0.034063
91 0.894558 0.388078 0.025510 0.034063
214 0.894558 0.351582 0.028912 0.026764
516 0.895408 0.316302 0.027211 0.036496
26 0.892857 0.276156 0.027211 0.034063
28 0.890306 0.243309 0.018707 0.024331
34 0.889456 0.214112 0.022109 0.029197
285 0.888605 0.177616 0.034014 0.034063
481 0.889456 0.139903 0.027211 0.031630
480 0.886905 0.100973 0.027211 0.029197
29 0.886054 0.068127 0.025510 0.034063
620 0.944728 0.908759 0.028912 0.029197
106 0.943878 0.879562 0.030612 0.026764
230 0.944728 0.845499 0.028912 0.038929
426 0.944728 0.805353 0.030612 0.034063
106 0.943027 0.771290 0.025510 0.029197
425 0.943027 0.739659 0.027211 0.029197
106 0.942177 0.706813 0.028912 0.031630
230 0.940476 0.672749 0.025510 0.031630
211 0.939626 0.636253 0.027211 0.031630
592 0.938776 0.598540 0.023810 0.031630
21 0.941327 0.562044 0.027211 0.031630
428 0.940476 0.540146 0.028912 0.031630
22 0.937925 0.503650 0.027211 0.034063
350 0.938776 0.467153 0.022109 0.036496
195 0.937925 0.431873 0.030612 0.034063
25 0.939626 0.397810 0.023810 0.031630
428 0.937925 0.362530 0.030612 0.034063
612 0.937075 0.328467 0.028912 0.024331
289 0.936224 0.298054 0.025510 0.036496
462 0.933673 0.260341 0.025510 0.036496
0 0.933673 0.225061 0.025510 0.031630
26 0.934524 0.189781 0.028912 0.029197
479 0.934524 0.160584 0.025510 0.024331
89 0.934524 0.131387 0.025510 0.029197
55 0.932823 0.099757 0.023810 0.026764
26 0.933673 0.064477 0.023810 0.036496
