518 0.091146 0.950355 0.031250 0.028369
518 0.088542 0.919622 0.027778 0.033097
893 0.090278 0.886525 0.022569 0.028369
1216 0.092014 0.852246 0.029514 0.035461
136 0.091146 0.816785 0.029514 0.030733
333 0.090278 0.780142 0.032986 0.040189
122 0.091146 0.738771 0.026042 0.037825
327 0.088542 0.697400 0.029514 0.042553
586 0.087674 0.658392 0.022569 0.033097
136 0.088542 0.624113 0.026042 0.033097
221 0.086806 0.592199 0.026042 0.028369
77 0.088542 0.563830 0.022569 0.028369
651 0.089410 0.533097 0.026042 0.030733
114 0.086806 0.496454 0.031250 0.040189
142 0.085938 0.458629 0.022569 0.030733
109 0.088542 0.424350 0.026042 0.035461
1618 0.086806 0.385343 0.029514 0.035461
276 0.086806 0.353428 0.029514 0.026005
83 0.086806 0.321513 0.024306 0.035461
275 0.087674 0.287234 0.022569 0.026005
1327 0.086806 0.249409 0.024306 0.037825
83 0.085938 0.210402 0.029514 0.035461
302 0.085938 0.174941 0.027778 0.033097
109 0.085069 0.134752 0.024306 0.040189
163 0.138021 0.945626 0.024306 0.030733
163 0.136285 0.907801 0.026042 0.037825
28 0.136285 0.867612 0.024306 0.040189
345 0.136285 0.825059 0.029514 0.040189
285 0.135417 0.784870 0.026042 0.033097
1617 0.134549 0.748227 0.026042 0.035461
77 0.133681 0.710402 0.032986 0.035461
253 0.135417 0.673759 0.022569 0.033097
109 0.135417 0.644208 0.020833 0.023641
997 0.137153 0.614657 0.029514 0.033097
570 0.135417 0.583924 0.024306 0.028369
303 0.136285 0.555556 0.020833 0.026005
159 0.135417 0.528369 0.024306 0.028369
1331 0.138021 0.494090 0.027778 0.035461
142 0.135417 0.462175 0.032986 0.028369
109 0.134549 0.423168 0.032986 0.040189
163 0.136285 0.384161 0.029514 0.033097
1616 0.133681 0.346336 0.031250 0.040189
157 0.134549 0.302600 0.029514 0.040189
38 0.132812 0.265957 0.029514 0.030733
37 0.132812 0.232861 0.024306 0.028369
1027 0.133681 0.195035 0.027778 0.040189
209 0.135417 0.158392 0.031250 0.030733
130 0.131944 0.126478 0.029514 0.030733
294 0.184028 0.934988 0.020833 0.040189
136 0.184896 0.892435 0.027778 0.037825
27 0.184028 0.853428 0.027778 0.035461
38 0.183160 0.812057 0.029514 0.040189
37 0.183160 0.771868 0.029514 0.037825
264 0.184896 0.734043 0.026042 0.035461
149 0.183160 0.695035 0.029514 0.042553
68 0.184896 0.647754 0.027778 0.042553
209 0.184028 0.612293 0.031250 0.028369
130 0.184028 0.578014 0.024306 0.037825
1615 0.184896 0.543735 0.029514 0.028369
479 0.184028 0.510638 0.026042 0.030733
266 0.181424 0.479905 0.024306 0.023641
64 0.181424 0.447991 0.027778 0.033097
478 0.184028 0.412530 0.026042 0.030733
1614 0.183160 0.375887 0.026042 0.037825
91 0.180556 0.340426 0.031250 0.035461
442 0.180556 0.302600 0.027778 0.035461
31 0.179688 0.270686 0.024306 0.023641
163 0.180556 0.236407 0.022569 0.037825
11 0.180556 0.198582 0.024306 0.033097
10 0.178819 0.163121 0.024306 0.033097
202 0.177083 0.125296 0.026042 0.035461
1613 0.230903 0.947991 0.026042 0.023641
1613 0.230035 0.918440 0.027778 0.035461
1613 0.231771 0.881797 0.031250 0.030733
1613 0.229167 0.845154 0.032986 0.040189
1613 0.232639 0.807329 0.024306 0.030733
1613 0.230035 0.773050 0.027778 0.035461
1613 0.229167 0.735225 0.026042 0.033097
1613 0.231771 0.702128 0.026042 0.026005
1613 0.230903 0.669031 0.024306 0.037825
1613 0.230035 0.628842 0.022569 0.033097
1613 0.230035 0.602837 0.022569 0.026005
1613 0.230035 0.567376 0.027778 0.033097
1613 0.228299 0.535461 0.027778 0.028369
1613 0.227431 0.504728 0.022569 0.030733
1613 0.229167 0.473995 0.027778 0.026005
1613 0.227431 0.444444 0.031250 0.030733
1613 0.227431 0.412530 0.026042 0.030733
1613 0.227431 0.379433 0.026042 0.028369
1613 0.226562 0.343972 0.031250 0.033097
1613 0.226562 0.312057 0.022569 0.028369
91 0.225694 0.286052 0.022569 0.026005
442 0.224826 0.252955 0.029514 0.037825
151 0.225694 0.215130 0.024306 0.030733
15 0.224826 0.185579 0.027778 0.028369
14 0.224826 0.152482 0.031250 0.030733
197 0.222222 0.121749 0.024306 0.028369
581 0.276910 0.939716 0.024306 0.026005
581 0.276042 0.913712 0.020833 0.026005
581 0.276910 0.885343 0.024306 0.028369
581 0.276910 0.853428 0.027778 0.030733
581 0.277778 0.819149 0.026042 0.030733
581 0.276042 0.787234 0.027778 0.028369
581 0.277778 0.751773 0.032986 0.033097
581 0.276910 0.715130 0.026042 0.033097
581 0.275174 0.684397 0.027778 0.026005
581 0.276042 0.652482 0.026042 0.030733
581 0.277778 0.614657 0.027778 0.035461
581 0.276042 0.581560 0.031250 0.030733
581 0.275174 0.548463 0.029514 0.033097
581 0.274306 0.515366 0.029514 0.028369
581 0.276042 0.483452 0.027778 0.030733
581 0.274306 0.447991 0.032986 0.040189
151 0.276042 0.410165 0.029514 0.035461
15 0.274306 0.371158 0.026042 0.035461
25 0.273438 0.334515 0.026042 0.033097
24 0.272569 0.303783 0.032986 0.028369
546 0.271701 0.274232 0.026042 0.028369
23 0.275174 0.242317 0.029514 0.033097
30 0.273438 0.212766 0.024306 0.021277
203 0.273438 0.184397 0.029514 0.033097
109 0.269965 0.148936 0.031250 0.033097
411 0.271701 0.120567 0.019097 0.023641
1612 0.324653 0.933806 0.020833 0.021277
1612 0.324653 0.910165 0.019097 0.023641
1612 0.322917 0.880615 0.022569 0.030733
1612 0.323785 0.847518 0.026042 0.033097
1612 0.322049 0.809693 0.022569 0.035461
1612 0.322917 0.773050 0.027778 0.037825
1612 0.324653 0.735225 0.029514 0.033097
1612 0.322049 0.700946 0.026042 0.030733
1612 0.322049 0.670213 0.027778 0.023641
1612 0.321181 0.644208 0.027778 0.026005
1612 0.322049 0.614657 0.024306 0.030733
1612 0.320312 0.580378 0.026042 0.028369
1612 0.319444 0.547281 0.027778 0.033097
1612 0.321181 0.514184 0.027778 0.030733
1612 0.320312 0.483452 0.024306 0.028369
1612 0.320312 0.455083 0.024306 0.026005
1612 0.317708 0.426714 0.026042 0.030733
1612 0.318576 0.393617 0.022569 0.030733
1612 0.317708 0.359338 0.026042 0.033097
1612 0.317708 0.325059 0.029514 0.035461
1612 0.317708 0.287234 0.029514 0.037825
1612 0.318576 0.250591 0.027778 0.030733
315 0.316840 0.217494 0.024306 0.028369
77 0.316840 0.191489 0.022569 0.030733
165 0.315972 0.157210 0.029514 0.030733
45 0.319444 0.122931 0.027778 0.028369
133 0.367188 0.918440 0.022569 0.028369
133 0.366319 0.884161 0.022569 0.035461
133 0.367188 0.851064 0.027778 0.030733
133 0.365451 0.819149 0.022569 0.028369
133 0.366319 0.790780 0.022569 0.026005
157 0.365451 0.762411 0.029514 0.028369
38 0.363715 0.734043 0.024306 0.028369
37 0.364583 0.705674 0.022569 0.026005
163 0.364583 0.679669 0.022569 0.026005
627 0.364583 0.646572 0.029514 0.030733
605 0.364583 0.615839 0.022569 0.028369
621 0.363715 0.581560 0.024306 0.033097
766 0.363715 0.549645 0.024306 0.033097
37 0.360243 0.517730 0.022569 0.026005
45 0.361111 0.488180 0.020833 0.028369
54 0.361979 0.457447 0.026042 0.033097
157 0.361111 0.420804 0.022569 0.037825
38 0.362847 0.385343 0.027778 0.037825
37 0.361979 0.348700 0.026042 0.033097
305 0.361111 0.315603 0.022569 0.033097
399 0.361111 0.283688 0.031250 0.028369
67 0.361979 0.251773 0.031250 0.035461
133 0.361111 0.217494 0.024306 0.030733
157 0.361111 0.187943 0.026042 0.026005
38 0.361111 0.159574 0.029514 0.028369
37 0.358507 0.126478 0.026042 0.030733
37 0.409722 0.888889 0.026042 0.037825
54 0.407118 0.848700 0.024306 0.030733
136 0.406250 0.819149 0.026042 0.028369
82 0.405382 0.788416 0.022569 0.026005
1082 0.406250 0.762411 0.022569 0.023641
67 0.404514 0.735225 0.020833 0.028369
133 0.407118 0.702128 0.026042 0.030733
163 0.405382 0.667849 0.026042 0.030733
76 0.405382 0.634752 0.024306 0.035461
170 0.405382 0.601655 0.026042 0.028369
889 0.405382 0.567376 0.026042 0.037825
1612 0.402778 0.530733 0.024306 0.033097
315 0.403646 0.494090 0.026042 0.040189
77 0.401910 0.456265 0.024306 0.035461
157 0.401910 0.419622 0.026042 0.033097
38 0.401042 0.382979 0.026042 0.035461
37 0.400174 0.342790 0.026042 0.040189
598 0.399306 0.303783 0.026042 0.033097
633 0.400174 0.268322 0.022569 0.035461
597 0.399306 0.231678 0.026042 0.037825
43 0.398438 0.195035 0.026042 0.028369
368 0.397569 0.166667 0.020833 0.028369
430 0.396701 0.133570 0.020833 0.033097
251 0.448785 0.903073 0.024306 0.028369
1611 0.447049 0.868794 0.022569 0.037825
172 0.447049 0.830969 0.024306 0.033097
171 0.446181 0.797872 0.020833 0.028369
75 0.445312 0.768322 0.020833 0.030733
150 0.445312 0.735225 0.019097 0.030733
21 0.443576 0.699764 0.022569 0.030733
531 0.442708 0.669031 0.020833 0.030733
1610 0.442708 0.633570 0.022569 0.037825
682 0.441840 0.598109 0.022569 0.030733
384 0.441840 0.567376 0.022569 0.028369
115 0.440104 0.541371 0.020833 0.026005
852 0.440972 0.513002 0.020833 0.028369
146 0.440104 0.485816 0.020833 0.028369
64 0.439236 0.453901 0.022569 0.033097
227 0.438368 0.416076 0.022569 0.030733
226 0.437500 0.381797 0.020833 0.030733
512 0.436632 0.346336 0.020833 0.040189
457 0.436632 0.307329 0.020833 0.033097
479 0.434896 0.275414 0.022569 0.028369
702 0.434028 0.243499 0.020833 0.033097
480 0.433160 0.206856 0.024306 0.035461
479 0.432292 0.171395 0.020833 0.028369
77 0.431424 0.140662 0.022569 0.028369
1252 0.690104 0.774232 0.024306 0.033097
167 0.688368 0.739953 0.026042 0.040189
166 0.684896 0.698582 0.027778 0.037825
237 0.683160 0.660757 0.027778 0.030733
236 0.683160 0.627660 0.031250 0.035461
109 0.679688 0.586288 0.026042 0.037825
25 0.678819 0.549645 0.027778 0.037825
24 0.675347 0.507092 0.029514 0.037825
546 0.676215 0.469267 0.029514 0.033097
