0 0.089286 0.738443 0.028912 0.041363
0 0.092687 0.695864 0.023810 0.041363
0 0.093537 0.658151 0.023810 0.036496
0 0.095238 0.620438 0.027211 0.029197
0 0.095238 0.583942 0.027211 0.029197
0 0.096939 0.548662 0.020408 0.029197
0 0.097789 0.508516 0.022109 0.038929
0 0.098639 0.465937 0.025510 0.034063
0 0.098639 0.425791 0.023810 0.034063
0 0.101190 0.390511 0.027211 0.029197
0 0.100340 0.354015 0.028912 0.031630
0 0.103741 0.321168 0.027211 0.029197
0 0.104592 0.284672 0.027211 0.041363
0 0.104592 0.248175 0.023810 0.026764
0 0.106293 0.214112 0.025510 0.031630
0 0.104592 0.178832 0.020408 0.026764
0 0.135204 0.701946 0.025510 0.041363
0 0.136054 0.658151 0.028912 0.041363
0 0.136905 0.609489 0.027211 0.043796
0 0.139456 0.563260 0.022109 0.038929
0 0.141156 0.523114 0.030612 0.031630
0 0.142007 0.490268 0.030612 0.031630
0 0.142857 0.452555 0.028912 0.034063
0 0.143707 0.416058 0.023810 0.031630
0 0.146259 0.379562 0.028912 0.031630
0 0.147959 0.344282 0.028912 0.031630
0 0.150510 0.311436 0.020408 0.029197
0 0.149660 0.279805 0.023810 0.029197
0 0.152211 0.240876 0.025510 0.036496
0 0.152211 0.206813 0.028912 0.026764
0 0.152211 0.108273 0.025510 0.036496
0 0.178571 0.760341 0.025510 0.031630
0 0.180272 0.726277 0.025510 0.026764
0 0.181122 0.693431 0.028912 0.036496
0 0.181122 0.658151 0.022109 0.029197
0 0.182823 0.627737 0.020408 0.029197
0 0.181122 0.593674 0.030612 0.034063
0 0.185374 0.557178 0.027211 0.034063
0 0.188776 0.520681 0.028912 0.041363
0 0.188776 0.480535 0.028912 0.034063
0 0.188776 0.446472 0.028912 0.029197
0 0.191327 0.413625 0.023810 0.034063
0 0.192177 0.374696 0.025510 0.036496
0 0.193878 0.338200 0.027211 0.031630
0 0.194728 0.296837 0.030612 0.041363
0 0.228741 0.667883 0.020408 0.031630
0 0.230442 0.633820 0.020408 0.026764
0 0.232143 0.596107 0.023810 0.036496
0 0.235544 0.559611 0.032313 0.029197
0 0.236395 0.525547 0.028912 0.031630
407 0.239796 0.489051 0.034014 0.036496
136 0.239796 0.446472 0.032313 0.041363
21 0.244048 0.403893 0.028912 0.031630
42 0.244048 0.364964 0.028912 0.038929
77 0.245748 0.326034 0.027211 0.029197
78 0.246599 0.290754 0.030612 0.036496
428 0.245748 0.250608 0.027211 0.036496
112 0.277211 0.697080 0.027211 0.036496
724 0.279762 0.659367 0.032313 0.034063
224 0.279762 0.627737 0.028912 0.029197
38 0.280612 0.593674 0.025510 0.034063
37 0.283163 0.553528 0.023810 0.038929
77 0.284014 0.513382 0.025510 0.034063
164 0.286565 0.475669 0.025510 0.038929
37 0.288265 0.437956 0.028912 0.034063
480 0.289116 0.401460 0.023810 0.034063
437 0.291667 0.363747 0.025510 0.034063
771 0.292517 0.324818 0.027211 0.041363
21 0.293367 0.289538 0.028912 0.026764
42 0.293367 0.251825 0.034014 0.043796
38 0.324830 0.731144 0.025510 0.041363
37 0.323980 0.686131 0.025510 0.036496
162 0.325680 0.648418 0.022109 0.034063
36 0.326531 0.611922 0.022109 0.031630
35 0.330782 0.574209 0.022109 0.041363
331 0.331633 0.535280 0.030612 0.031630
207 0.331633 0.502433 0.023810 0.026764
77 0.334184 0.474453 0.025510 0.029197
29 0.334184 0.444039 0.025510 0.026764
83 0.338435 0.408759 0.025510 0.036496
750 0.340136 0.371046 0.022109 0.036496
78 0.341837 0.324818 0.027211 0.046229
307 0.340986 0.281022 0.023810 0.034063
199 0.374150 0.753041 0.028912 0.036496
371 0.373299 0.711679 0.025510 0.038929
449 0.374150 0.670316 0.025510 0.029197
23 0.376701 0.628954 0.022109 0.038929
136 0.377551 0.582725 0.025510 0.036496
677 0.379252 0.543796 0.028912 0.029197
154 0.379252 0.508516 0.027211 0.031630
770 0.380102 0.479319 0.025510 0.021898
268 0.382653 0.445255 0.030612 0.034063
100 0.384354 0.400243 0.023810 0.046229
110 0.386905 0.352798 0.025510 0.038929
769 0.387755 0.316302 0.027211 0.026764
114 0.391156 0.278589 0.028912 0.036496
327 0.390306 0.236010 0.025510 0.038929
68 0.391156 0.198297 0.022109 0.036496
154 0.420068 0.767640 0.030612 0.031630
64 0.420918 0.738443 0.023810 0.026764
165 0.421769 0.701946 0.027211 0.038929
768 0.421769 0.663017 0.028912 0.034063
281 0.421769 0.626521 0.028912 0.034063
726 0.427721 0.587591 0.027211 0.038929
136 0.427721 0.542579 0.025510 0.041363
146 0.428571 0.500000 0.027211 0.036496
226 0.431122 0.459854 0.023810 0.036496
267 0.432823 0.422141 0.027211 0.034063
767 0.434524 0.381995 0.032313 0.034063
0 0.470238 0.774939 0.028912 0.031630
0 0.468537 0.743309 0.027211 0.026764
0 0.471939 0.709246 0.025510 0.036496
0 0.473639 0.672749 0.027211 0.036496
0 0.476190 0.627737 0.028912 0.046229
0 0.476190 0.587591 0.027211 0.026764
0 0.477041 0.555961 0.027211 0.034063
0 0.478741 0.517032 0.027211 0.036496
0 0.478741 0.480535 0.027211 0.034063
0 0.479592 0.445255 0.027211 0.031630
0 0.481293 0.407543 0.028912 0.038929
0 0.483844 0.366180 0.030612 0.036496
0 0.484694 0.326034 0.027211 0.034063
0 0.484694 0.293187 0.023810 0.026764
0 0.486395 0.256691 0.025510 0.038929
0 0.567177 0.951338 0.023810 0.021898
0 0.567177 0.922141 0.023810 0.034063
0 0.568878 0.885645 0.027211 0.034063
0 0.565476 0.851582 0.030612 0.031630
0 0.564626 0.815085 0.022109 0.031630
0 0.566327 0.781022 0.025510 0.029197
0 0.567177 0.745742 0.025510 0.034063
0 0.567177 0.716545 0.023810 0.026764
0 0.563776 0.683698 0.025510 0.031630
0 0.564626 0.647202 0.027211 0.034063
0 0.562925 0.609489 0.027211 0.031630
0 0.565476 0.571776 0.034014 0.034063
0 0.566327 0.536496 0.027211 0.029197
0 0.567177 0.506083 0.022109 0.029197
0 0.567177 0.475669 0.023810 0.029197
0 0.565476 0.435523 0.027211 0.041363
0 0.565476 0.391727 0.025510 0.029197
0 0.566327 0.351582 0.028912 0.036496
0 0.565476 0.305353 0.025510 0.038929
0 0.566327 0.266423 0.030612 0.034063
0 0.564626 0.226277 0.022109 0.036496
0 0.564626 0.184915 0.023810 0.038929
0 0.562925 0.139903 0.023810 0.041363
0 0.562075 0.099757 0.028912 0.031630
0 0.620748 0.937956 0.020408 0.029197
0 0.621599 0.903893 0.018707 0.029197
0 0.621599 0.872263 0.020408 0.029197
0 0.623299 0.834550 0.027211 0.036496
0 0.620748 0.789538 0.030612 0.036496
0 0.621599 0.750608 0.025510 0.036496
0 0.618197 0.711679 0.028912 0.034063
0 0.617347 0.675182 0.027211 0.034063
0 0.619048 0.635036 0.025510 0.038929
0 0.619048 0.590024 0.023810 0.038929
0 0.615646 0.548662 0.028912 0.036496
0 0.617347 0.507299 0.025510 0.038929
0 0.615646 0.468370 0.023810 0.034063
0 0.616497 0.433090 0.027211 0.029197
0 0.615646 0.400243 0.030612 0.031630
0 0.613095 0.362530 0.023810 0.034063
0 0.612245 0.328467 0.022109 0.029197
0 0.612245 0.299270 0.027211 0.029197
0 0.613946 0.267640 0.030612 0.029197
0 0.613946 0.234793 0.030612 0.034063
0 0.610544 0.195864 0.023810 0.036496
0 0.610544 0.159367 0.028912 0.038929
0 0.610544 0.119221 0.028912 0.034063
0 0.612245 0.092457 0.028912 0.024331
0 0.669218 0.941606 0.020408 0.024331
0 0.667517 0.916058 0.020408 0.021898
0 0.668367 0.888078 0.022109 0.029197
0 0.667517 0.855231 0.022109 0.031630
0 0.666667 0.813869 0.028912 0.036496
0 0.667517 0.770073 0.028912 0.041363
0 0.667517 0.728710 0.025510 0.036496
0 0.666667 0.686131 0.023810 0.036496
0 0.664966 0.644769 0.025510 0.038929
0 0.664966 0.599757 0.032313 0.038929
0 0.662415 0.559611 0.023810 0.031630
0 0.662415 0.526764 0.028912 0.029197
0 0.663265 0.492701 0.025510 0.036496
0 0.661565 0.454988 0.022109 0.036496
0 0.659864 0.411192 0.025510 0.038929
0 0.660714 0.373479 0.028912 0.029197
0 0.659864 0.338200 0.023810 0.031630
0 0.659864 0.306569 0.018707 0.029197
0 0.659864 0.277372 0.020408 0.026764
0 0.661565 0.244526 0.030612 0.031630
0 0.659864 0.205596 0.027211 0.036496
0 0.660714 0.167883 0.025510 0.038929
0 0.657313 0.126521 0.027211 0.038929
0 0.656463 0.088808 0.027211 0.026764
716 0.715136 0.934307 0.023810 0.026764
43 0.715986 0.900243 0.025510 0.031630
281 0.715986 0.862530 0.028912 0.034063
28 0.714286 0.823601 0.023810 0.029197
766 0.715136 0.789538 0.028912 0.034063
37 0.711735 0.746959 0.028912 0.036496
91 0.712585 0.708029 0.027211 0.031630
90 0.710034 0.670316 0.023810 0.034063
349 0.712585 0.635036 0.027211 0.029197
136 0.710034 0.594891 0.034014 0.043796
133 0.710884 0.555961 0.023810 0.031630
765 0.709184 0.518248 0.025510 0.034063
185 0.710034 0.482968 0.025510 0.029197
764 0.709184 0.445255 0.023810 0.041363
763 0.708333 0.403893 0.027211 0.038929
315 0.708333 0.355231 0.030612 0.041363
77 0.705782 0.316302 0.023810 0.029197
17 0.707483 0.284672 0.025510 0.026764
112 0.706633 0.253041 0.028912 0.031630
0 0.704082 0.218978 0.025510 0.029197
0 0.704932 0.187348 0.020408 0.026764
0 0.703231 0.158151 0.022109 0.029197
0 0.702381 0.125304 0.025510 0.029197
0 0.701531 0.090024 0.022109 0.031630
45 0.761054 0.911192 0.023810 0.041363
15 0.761054 0.873479 0.025510 0.029197
281 0.760204 0.836983 0.027211 0.031630
28 0.760204 0.801703 0.023810 0.029197
136 0.760204 0.770073 0.020408 0.026764
157 0.759354 0.739659 0.023810 0.031630
38 0.759354 0.701946 0.025510 0.038929
37 0.759354 0.660584 0.023810 0.038929
163 0.757653 0.620438 0.025510 0.036496
185 0.756803 0.582725 0.022109 0.029197
762 0.754252 0.551095 0.023810 0.021898
133 0.754252 0.517032 0.022109 0.036496
163 0.754252 0.476886 0.025510 0.038929
761 0.753401 0.435523 0.032313 0.034063
253 0.752551 0.392944 0.022109 0.043796
196 0.751701 0.345499 0.027211 0.038929
310 0.750850 0.306569 0.028912 0.031630
474 0.752551 0.273723 0.027211 0.026764
16 0.752551 0.243309 0.030612 0.029197
64 0.751701 0.205596 0.034014 0.038929
196 0.750000 0.160584 0.032313 0.038929
714 0.752551 0.120438 0.028912 0.031630
474 0.750000 0.090024 0.032313 0.031630
34 0.806122 0.927007 0.022109 0.026764
157 0.806122 0.896594 0.017007 0.026764
38 0.806122 0.867397 0.020408 0.026764
37 0.804422 0.830900 0.025510 0.031630
240 0.806973 0.794404 0.030612 0.031630
82 0.806973 0.757908 0.025510 0.036496
758 0.805272 0.721411 0.028912 0.031630
498 0.802721 0.686131 0.023810 0.031630
91 0.803571 0.653285 0.028912 0.026764
284 0.804422 0.618005 0.030612 0.034063
68 0.802721 0.583942 0.025510 0.024331
67 0.801871 0.552311 0.027211 0.029197
155 0.799320 0.514599 0.028912 0.034063
154 0.801020 0.478102 0.030612 0.031630
407 0.800170 0.446472 0.028912 0.024331
157 0.799320 0.412409 0.027211 0.036496
38 0.800170 0.373479 0.030612 0.034063
37 0.799320 0.334550 0.025510 0.034063
80 0.799320 0.301703 0.027211 0.029197
677 0.798469 0.268856 0.028912 0.029197
760 0.795918 0.231144 0.030612 0.036496
759 0.795918 0.195864 0.028912 0.026764
657 0.793367 0.163017 0.023810 0.034063
136 0.792517 0.126521 0.023810 0.031630
163 0.792517 0.088808 0.025510 0.034063
233 0.853741 0.930657 0.032313 0.026764
77 0.852891 0.902676 0.028912 0.029197
88 0.852891 0.874696 0.023810 0.026764
44 0.852891 0.836983 0.022109 0.038929
77 0.852891 0.796837 0.030612 0.031630
495 0.853741 0.759124 0.027211 0.031630
44 0.851190 0.722628 0.028912 0.031630
77 0.851190 0.689781 0.027211 0.031630
230 0.851190 0.655718 0.032313 0.031630
100 0.850340 0.622871 0.032313 0.034063
115 0.848639 0.582725 0.030612 0.041363
757 0.847789 0.537713 0.025510 0.038929
83 0.848639 0.495134 0.028912 0.036496
109 0.848639 0.454988 0.028912 0.034063
704 0.847789 0.417275 0.030612 0.031630
82 0.846088 0.383212 0.023810 0.029197
584 0.846939 0.351582 0.025510 0.031630
170 0.845238 0.318735 0.022109 0.029197
495 0.844388 0.284672 0.022109 0.031630
64 0.844388 0.249392 0.030612 0.029197
31 0.841837 0.221411 0.025510 0.019465
163 0.842687 0.192214 0.027211 0.034063
198 0.840986 0.158151 0.028912 0.029197
10 0.839286 0.121655 0.028912 0.034063
202 0.840136 0.085158 0.030612 0.031630
44 0.900510 0.929440 0.032313 0.034063
77 0.901361 0.895377 0.030612 0.034063
230 0.900510 0.858881 0.028912 0.029197
100 0.899660 0.821168 0.030612 0.036496
157 0.898810 0.782238 0.025510 0.034063
38 0.898810 0.743309 0.032313 0.038929
37 0.900510 0.701946 0.030612 0.031630
82 0.897959 0.667883 0.023810 0.029197
249 0.898810 0.635036 0.018707 0.031630
50 0.897109 0.603406 0.023810 0.031630
83 0.897959 0.566910 0.028912 0.029197
756 0.896259 0.536496 0.027211 0.026764
755 0.897959 0.504866 0.032313 0.024331
83 0.896259 0.475669 0.027211 0.029197
574 0.895408 0.446472 0.023810 0.026764
457 0.893707 0.413625 0.028912 0.031630
83 0.897109 0.375912 0.030612 0.031630
64 0.895408 0.338200 0.030612 0.034063
528 0.896259 0.301703 0.028912 0.031630
129 0.894558 0.266423 0.028912 0.029197
231 0.892857 0.238443 0.023810 0.024331
725 0.892857 0.206813 0.023810 0.029197
44 0.892007 0.178832 0.022109 0.026764
421 0.892857 0.145985 0.025510 0.029197
754 0.891156 0.114355 0.023810 0.029197
252 0.892007 0.082725 0.025510 0.024331
157 0.942177 0.924574 0.023810 0.024331
157 0.942177 0.900243 0.020408 0.024331
157 0.944728 0.868613 0.025510 0.026764
157 0.944728 0.838200 0.025510 0.029197
157 0.942177 0.801703 0.023810 0.036496
38 0.941327 0.762774 0.025510 0.034063
37 0.943027 0.725061 0.025510 0.031630
162 0.939626 0.689781 0.023810 0.029197
503 0.941327 0.655718 0.023810 0.031630
21 0.940476 0.625304 0.020408 0.021898
424 0.942177 0.599757 0.027211 0.024331
44 0.940476 0.570560 0.022109 0.029197
232 0.940476 0.542579 0.020408 0.026764
136 0.942177 0.506083 0.027211 0.036496
753 0.942177 0.470803 0.025510 0.026764
23 0.940476 0.435523 0.028912 0.031630
749 0.939626 0.397810 0.028912 0.036496
163 0.939626 0.360097 0.030612 0.034063
21 0.937925 0.326034 0.023810 0.026764
134 0.937075 0.299270 0.020408 0.021898
726 0.938776 0.270073 0.023810 0.026764
21 0.937925 0.238443 0.028912 0.031630
752 0.936224 0.206813 0.023810 0.029197
192 0.936224 0.173966 0.027211 0.031630
260 0.934524 0.141119 0.023810 0.031630
157 0.935374 0.108273 0.023810 0.026764
38 0.934524 0.079075 0.027211 0.024331
