585 0.114583 0.904255 0.026042 0.030733
585 0.115451 0.875887 0.022569 0.021277
585 0.114583 0.851064 0.026042 0.030733
585 0.114583 0.816785 0.031250 0.035461
585 0.115451 0.776596 0.024306 0.035461
585 0.115451 0.741135 0.029514 0.033097
203 0.114583 0.703310 0.027778 0.035461
436 0.115451 0.665485 0.031250 0.033097
59 0.114583 0.632388 0.027778 0.033097
346 0.115451 0.596927 0.027778 0.030733
43 0.114583 0.569740 0.027778 0.026005
114 0.113715 0.539007 0.027778 0.033097
129 0.114583 0.501182 0.026042 0.037825
152 0.112847 0.463357 0.027778 0.030733
59 0.113715 0.427896 0.026042 0.033097
44 0.113715 0.390071 0.029514 0.035461
207 0.113715 0.352246 0.029514 0.035461
862 0.116319 0.317967 0.029514 0.033097
498 0.117188 0.281324 0.027778 0.035461
178 0.116319 0.247045 0.024306 0.026005
192 0.117188 0.212766 0.029514 0.033097
77 0.116319 0.177305 0.031250 0.030733
45 0.115451 0.140662 0.020833 0.037825
268 0.116319 0.101655 0.029514 0.037825
163 0.157118 0.903073 0.029514 0.026005
163 0.158854 0.871158 0.026042 0.028369
1174 0.157986 0.842790 0.027778 0.026005
722 0.156250 0.810875 0.031250 0.030733
861 0.157986 0.776596 0.027778 0.030733
204 0.158854 0.744681 0.029514 0.030733
91 0.159722 0.708038 0.026042 0.037825
178 0.160590 0.673759 0.032986 0.030733
192 0.159722 0.638298 0.031250 0.030733
150 0.161458 0.601655 0.027778 0.035461
1459 0.160590 0.561466 0.029514 0.040189
21 0.159722 0.517730 0.029514 0.044917
455 0.159722 0.476359 0.026042 0.033097
77 0.162326 0.439716 0.032986 0.037825
281 0.160590 0.408983 0.031250 0.033097
1180 0.158854 0.369976 0.027778 0.035461
279 0.160590 0.332151 0.031250 0.035461
1396 0.161458 0.295508 0.027778 0.033097
1021 0.162326 0.264775 0.026042 0.028369
91 0.160590 0.235225 0.031250 0.026005
37 0.160590 0.204492 0.027778 0.033097
16 0.161458 0.172577 0.026042 0.030733
21 0.162326 0.137116 0.024306 0.035461
289 0.164062 0.100473 0.026042 0.037825
677 0.205729 0.903073 0.029514 0.030733
154 0.203125 0.862884 0.031250 0.037825
1442 0.201389 0.826241 0.027778 0.035461
1441 0.203125 0.789598 0.024306 0.023641
1362 0.203993 0.761229 0.027778 0.028369
136 0.203993 0.729314 0.031250 0.033097
157 0.202257 0.695035 0.027778 0.030733
38 0.203993 0.663121 0.027778 0.028369
37 0.203993 0.634752 0.027778 0.028369
36 0.204861 0.600473 0.029514 0.033097
35 0.206597 0.565012 0.029514 0.035461
172 0.205729 0.531915 0.026042 0.026005
171 0.206597 0.500000 0.027778 0.028369
64 0.207465 0.468085 0.027778 0.033097
108 0.207465 0.426714 0.032986 0.042553
229 0.206597 0.386525 0.027778 0.037825
175 0.208333 0.349882 0.031250 0.033097
25 0.207465 0.317967 0.024306 0.030733
24 0.208333 0.277778 0.027778 0.040189
546 0.210069 0.239953 0.029514 0.033097
23 0.210938 0.206856 0.027778 0.033097
30 0.210938 0.166667 0.032986 0.040189
203 0.211806 0.128842 0.029514 0.033097
411 0.210938 0.095745 0.029514 0.030733
363 0.254340 0.911348 0.027778 0.023641
363 0.253472 0.884161 0.031250 0.028369
363 0.252604 0.852246 0.027778 0.033097
363 0.252604 0.813239 0.029514 0.040189
363 0.251736 0.771868 0.027778 0.037825
363 0.252604 0.738771 0.031250 0.026005
363 0.254340 0.710402 0.029514 0.028369
153 0.254340 0.680851 0.027778 0.030733
21 0.255208 0.645390 0.031250 0.033097
134 0.254340 0.614657 0.024306 0.030733
818 0.256076 0.576832 0.029514 0.037825
276 0.256076 0.540189 0.032986 0.028369
781 0.257812 0.505910 0.034722 0.035461
726 0.256076 0.469267 0.034722 0.033097
1238 0.256076 0.445626 0.031250 0.030733
266 0.257812 0.412530 0.031250 0.030733
16 0.258681 0.379433 0.029514 0.033097
77 0.259549 0.347518 0.029514 0.033097
330 0.259549 0.317967 0.024306 0.023641
157 0.258681 0.291962 0.031250 0.035461
38 0.258681 0.258865 0.029514 0.033097
37 0.260417 0.229314 0.029514 0.026005
129 0.261285 0.198582 0.031250 0.033097
126 0.259549 0.165485 0.032986 0.033097
143 0.258681 0.130024 0.032986 0.035461
82 0.258681 0.094563 0.027778 0.028369
182 0.302951 0.907801 0.027778 0.026005
182 0.301215 0.880615 0.027778 0.026005
182 0.302083 0.851064 0.022569 0.028369
182 0.302083 0.820331 0.022569 0.030733
182 0.302951 0.784870 0.024306 0.035461
182 0.303819 0.750591 0.026042 0.030733
38 0.302083 0.713948 0.022569 0.035461
37 0.302951 0.680851 0.026042 0.028369
64 0.303819 0.648936 0.029514 0.030733
1459 0.303819 0.617021 0.027778 0.028369
715 0.303819 0.580378 0.029514 0.040189
129 0.305556 0.540189 0.032986 0.035461
110 0.303819 0.504728 0.031250 0.030733
704 0.303819 0.470449 0.026042 0.035461
330 0.305556 0.431442 0.034722 0.035461
1459 0.306424 0.395981 0.031250 0.033097
715 0.306424 0.361702 0.034722 0.033097
16 0.309896 0.328605 0.029514 0.030733
43 0.309896 0.288416 0.029514 0.040189
1471 0.310764 0.251773 0.031250 0.033097
78 0.311632 0.215130 0.026042 0.040189
1237 0.311632 0.174941 0.027778 0.037825
64 0.311632 0.135934 0.027778 0.035461
498 0.309896 0.100473 0.031250 0.035461
129 0.350694 0.891253 0.031250 0.040189
110 0.348958 0.858156 0.029514 0.026005
704 0.350694 0.827423 0.032986 0.033097
330 0.348090 0.794326 0.027778 0.030733
303 0.349826 0.761229 0.024306 0.028369
159 0.348958 0.732861 0.027778 0.030733
870 0.351562 0.697400 0.029514 0.035461
28 0.351562 0.657210 0.027778 0.037825
259 0.351562 0.618203 0.026042 0.037825
1237 0.352431 0.581560 0.029514 0.030733
16 0.352431 0.548463 0.027778 0.030733
64 0.352431 0.514184 0.027778 0.030733
679 0.353299 0.482270 0.026042 0.028369
1470 0.355035 0.447991 0.024306 0.037825
715 0.355903 0.412530 0.029514 0.033097
129 0.355035 0.384161 0.024306 0.023641
21 0.357639 0.352246 0.029514 0.035461
732 0.357639 0.316785 0.031250 0.030733
129 0.358507 0.284870 0.032986 0.030733
84 0.361111 0.247045 0.036458 0.037825
221 0.357639 0.209220 0.031250 0.035461
1469 0.358507 0.171395 0.031250 0.035461
172 0.356771 0.134752 0.027778 0.033097
171 0.355903 0.102837 0.027778 0.030733
44 0.396701 0.895981 0.027778 0.026005
77 0.396701 0.866430 0.031250 0.028369
99 0.397569 0.838061 0.029514 0.030733
504 0.396701 0.796690 0.029514 0.042553
419 0.397569 0.760047 0.026042 0.023641
38 0.395833 0.732861 0.029514 0.028369
37 0.397569 0.699764 0.027778 0.033097
266 0.395833 0.667849 0.029514 0.028369
1238 0.396701 0.631206 0.024306 0.037825
266 0.397569 0.593381 0.026042 0.033097
1468 0.398438 0.560284 0.027778 0.030733
100 0.398438 0.523641 0.029514 0.037825
78 0.400174 0.490544 0.027778 0.023641
77 0.400174 0.464539 0.027778 0.026005
441 0.399306 0.432624 0.026042 0.033097
1238 0.400174 0.399527 0.024306 0.030733
376 0.401042 0.366430 0.026042 0.030733
997 0.401042 0.334515 0.026042 0.033097
350 0.400174 0.297872 0.029514 0.040189
1239 0.401910 0.264775 0.026042 0.021277
1231 0.401910 0.238771 0.027778 0.030733
130 0.401042 0.208038 0.029514 0.028369
68 0.400174 0.180851 0.029514 0.030733
1271 0.401910 0.144208 0.024306 0.035461
222 0.400174 0.105201 0.026042 0.035461
38 0.440104 0.868794 0.029514 0.037825
37 0.440104 0.839243 0.026042 0.023641
203 0.439236 0.812057 0.026042 0.033097
68 0.440104 0.776596 0.022569 0.037825
82 0.439236 0.743499 0.026042 0.028369
346 0.438368 0.712766 0.029514 0.033097
43 0.437500 0.676123 0.024306 0.035461
44 0.440972 0.646572 0.026042 0.023641
1459 0.440104 0.619385 0.026042 0.028369
715 0.440104 0.587470 0.026042 0.030733
16 0.439236 0.554374 0.026042 0.030733
231 0.440972 0.517730 0.024306 0.037825
149 0.440972 0.481087 0.022569 0.033097
64 0.440104 0.445626 0.029514 0.035461
11 0.439236 0.408983 0.022569 0.033097
504 0.441840 0.380615 0.024306 0.023641
1358 0.440972 0.352246 0.024306 0.033097
157 0.441840 0.317967 0.024306 0.035461
38 0.440972 0.282506 0.026042 0.033097
37 0.442708 0.247045 0.022569 0.033097
203 0.442708 0.213948 0.024306 0.030733
166 0.443576 0.177305 0.020833 0.033097
1012 0.442708 0.144208 0.022569 0.028369
103 0.440972 0.113475 0.024306 0.030733
77 0.477431 0.871158 0.022569 0.030733
28 0.477431 0.834515 0.017361 0.035461
44 0.476562 0.796690 0.020833 0.033097
77 0.476562 0.761229 0.020833 0.030733
45 0.477431 0.726950 0.019097 0.033097
268 0.475694 0.691489 0.019097 0.033097
157 0.476562 0.657210 0.019097 0.030733
38 0.476562 0.625296 0.019097 0.028369
37 0.476562 0.594563 0.017361 0.028369
86 0.475694 0.565012 0.017361 0.026005
281 0.476562 0.496454 0.020833 0.028369
44 0.474826 0.468085 0.017361 0.023641
227 0.476562 0.438534 0.020833 0.028369
226 0.475694 0.404255 0.020833 0.028369
502 0.475694 0.372340 0.019097 0.026005
501 0.473958 0.307329 0.017361 0.026005
162 0.473090 0.268322 0.017361 0.028369
162 0.656250 0.860520 0.026042 0.026005
36 0.654514 0.825059 0.029514 0.035461
35 0.654514 0.788416 0.026042 0.033097
1467 0.651042 0.752955 0.029514 0.033097
129 0.646701 0.717494 0.026042 0.030733
1021 0.644097 0.684397 0.024306 0.033097
91 0.643229 0.650118 0.022569 0.035461
37 0.641493 0.611111 0.022569 0.035461
16 0.640625 0.580378 0.026042 0.026005
21 0.638889 0.547281 0.026042 0.037825
21 0.878472 0.660757 0.029514 0.037825
122 0.877604 0.624113 0.027778 0.033097
1024 0.876736 0.595745 0.031250 0.023641
78 0.873264 0.565012 0.026042 0.033097
1466 0.871528 0.528369 0.031250 0.037825
1465 0.868924 0.485816 0.029514 0.040189
351 0.866319 0.452719 0.026042 0.026005
68 0.865451 0.419622 0.027778 0.033097
44 0.864583 0.384161 0.027778 0.035461
207 0.863715 0.349882 0.026042 0.028369
54 0.862847 0.320331 0.022569 0.028369
