552 0.684896 0.731678 0.026042 0.035461
13 0.684028 0.695035 0.031250 0.030733
54 0.683160 0.657210 0.034722 0.040189
64 0.678819 0.614657 0.031250 0.037825
373 0.679688 0.586288 0.031250 0.033097
75 0.677083 0.549645 0.027778 0.035461
146 0.677951 0.513002 0.032986 0.033097
83 0.735243 0.830969 0.022569 0.030733
106 0.734375 0.796690 0.027778 0.033097
70 0.731771 0.763593 0.027778 0.026005
92 0.730903 0.734043 0.024306 0.023641
56 0.732639 0.700946 0.031250 0.033097
773 0.730035 0.669031 0.032986 0.028369
153 0.730035 0.632388 0.027778 0.035461
152 0.730903 0.595745 0.032986 0.033097
13 0.730035 0.561466 0.031250 0.033097
127 0.726562 0.518913 0.027778 0.037825
58 0.724826 0.477541 0.031250 0.035461
132 0.724826 0.440898 0.031250 0.037825
316 0.723958 0.404255 0.032986 0.030733
52 0.721354 0.373522 0.027778 0.028369
51 0.721354 0.346336 0.024306 0.023641
45 0.718750 0.321513 0.022569 0.026005
44 0.717882 0.288416 0.026042 0.033097
52 0.717882 0.255319 0.031250 0.028369
773 0.786458 0.853428 0.032986 0.040189
153 0.786458 0.815603 0.029514 0.030733
152 0.785590 0.776596 0.026042 0.037825
26 0.785590 0.742317 0.032986 0.030733
165 0.783854 0.706856 0.029514 0.035461
68 0.782986 0.676123 0.024306 0.026005
201 0.781250 0.644208 0.031250 0.033097
127 0.779514 0.612293 0.026042 0.026005
29 0.780382 0.589835 0.026042 0.023641
28 0.779514 0.556738 0.024306 0.037825
469 0.777778 0.521277 0.031250 0.030733
26 0.774306 0.486998 0.032986 0.033097
165 0.774306 0.449173 0.027778 0.037825
64 0.774306 0.413712 0.027778 0.033097
244 0.771701 0.377069 0.026042 0.040189
83 0.771701 0.339243 0.029514 0.030733
65 0.770833 0.306147 0.031250 0.037825
64 0.768229 0.267139 0.026042 0.033097
19 0.769097 0.234043 0.031250 0.028369
29 0.769097 0.205674 0.027778 0.030733
28 0.768229 0.171395 0.032986 0.030733
99 0.834201 0.903073 0.026042 0.023641
14 0.835069 0.878251 0.024306 0.030733
104 0.835069 0.841608 0.027778 0.035461
256 0.835069 0.804965 0.022569 0.026005
6 0.834201 0.775414 0.027778 0.033097
172 0.832465 0.742317 0.026042 0.028369
776 0.833333 0.706856 0.022569 0.033097
13 0.830729 0.671395 0.031250 0.030733
172 0.828993 0.637116 0.027778 0.030733
33 0.828125 0.601655 0.029514 0.035461
349 0.828993 0.565012 0.024306 0.035461
239 0.824653 0.526005 0.027778 0.035461
313 0.825521 0.491726 0.027778 0.030733
206 0.823785 0.463357 0.022569 0.026005
198 0.822049 0.437352 0.029514 0.028369
29 0.823785 0.405437 0.029514 0.033097
28 0.820312 0.369976 0.029514 0.030733
69 0.820312 0.342790 0.024306 0.023641
2 0.821181 0.315603 0.024306 0.033097
6 0.820312 0.283688 0.026042 0.028369
172 0.818576 0.252955 0.029514 0.030733
776 0.817708 0.221040 0.026042 0.028369
83 0.817708 0.189125 0.026042 0.030733
102 0.879340 0.906619 0.027778 0.033097
372 0.880208 0.875887 0.031250 0.026005
136 0.880208 0.848700 0.029514 0.026005
83 0.881944 0.817967 0.027778 0.030733
110 0.881944 0.784870 0.029514 0.033097
7 0.879340 0.748227 0.029514 0.033097
6 0.879340 0.709220 0.026042 0.037825
601 0.876736 0.677305 0.024306 0.026005
109 0.875868 0.653664 0.024306 0.023641
127 0.875000 0.626478 0.026042 0.028369
29 0.874132 0.596927 0.027778 0.028369
28 0.874132 0.566194 0.029514 0.028369
2 0.872396 0.534279 0.024306 0.030733
133 0.873264 0.495272 0.024306 0.040189
58 0.873264 0.459811 0.027778 0.030733
9 0.873264 0.429078 0.029514 0.033097
62 0.869792 0.392435 0.029514 0.030733
70 0.868056 0.356974 0.031250 0.035461
62 0.868056 0.317967 0.029514 0.035461
572 0.866319 0.244681 0.026042 0.033097
70 0.865451 0.208038 0.029514 0.033097
6 0.863715 0.173759 0.031250 0.033097
280 0.866319 0.135934 0.029514 0.035461
244 0.865451 0.099291 0.027778 0.035461
