127 0.310169 0.476773 0.025424 0.034230
29 0.310169 0.443765 0.022034 0.017115
28 0.311017 0.411980 0.025424 0.031785
68 0.311017 0.343521 0.016949 0.026895
594 0.311864 0.314181 0.018644 0.026895
18 0.311017 0.288509 0.020339 0.026895
80 0.311864 0.255501 0.027119 0.039120
52 0.313559 0.220049 0.027119 0.034230
136 0.314407 0.182152 0.028814 0.036675
171 0.315254 0.140587 0.022034 0.039120
170 0.317797 0.106357 0.028814 0.029340
75 0.316949 0.070905 0.027119 0.036675
437 0.347458 0.930318 0.030508 0.026895
436 0.348305 0.899756 0.030508 0.029340
13 0.348305 0.867971 0.025424 0.031785
92 0.349153 0.830073 0.023729 0.036675
105 0.350000 0.789731 0.025424 0.039120
156 0.348305 0.745721 0.027119 0.039120
143 0.349153 0.704156 0.028814 0.034230
105 0.350000 0.669927 0.035593 0.031785
34 0.351695 0.630807 0.023729 0.036675
105 0.351695 0.595355 0.027119 0.031785
20 0.351695 0.557457 0.032203 0.031785
33 0.355085 0.517115 0.033898 0.039120
136 0.354237 0.477995 0.030508 0.031785
22 0.355085 0.444988 0.027119 0.026895
463 0.354237 0.408313 0.025424 0.039120
109 0.355932 0.366748 0.025424 0.039120
343 0.355932 0.332518 0.020339 0.029340
109 0.355932 0.297066 0.025424 0.034230
15 0.358475 0.257946 0.025424 0.036675
33 0.359322 0.218826 0.025424 0.039120
348 0.359322 0.182152 0.022034 0.036675
70 0.361864 0.146699 0.027119 0.026895
34 0.360169 0.111247 0.025424 0.039120
216 0.359322 0.070905 0.023729 0.034230
133 0.396610 0.931540 0.030508 0.026895
178 0.395763 0.892421 0.025424 0.039120
583 0.398305 0.852078 0.033898 0.034230
593 0.398305 0.812958 0.027119 0.036675
56 0.399153 0.773839 0.027119 0.034230
440 0.398305 0.742054 0.020339 0.019560
56 0.400000 0.712714 0.027119 0.031785
428 0.398305 0.674817 0.027119 0.031785
22 0.399153 0.640587 0.020339 0.024450
34 0.399153 0.612469 0.018644 0.029340
172 0.396610 0.579462 0.028814 0.031785
214 0.399153 0.536675 0.028814 0.044010
22 0.399153 0.493888 0.027119 0.034230
54 0.402542 0.458435 0.027119 0.029340
248 0.403390 0.422983 0.028814 0.031785
15 0.403390 0.389976 0.023729 0.031785
22 0.403390 0.354523 0.020339 0.029340
136 0.403390 0.325183 0.025424 0.026895
262 0.404237 0.289731 0.027119 0.039120
64 0.405085 0.253056 0.028814 0.031785
70 0.405085 0.218826 0.030508 0.034230
69 0.403390 0.178484 0.025424 0.034230
83 0.403390 0.140587 0.023729 0.031785
161 0.406780 0.107579 0.030508 0.029340
251 0.405085 0.073350 0.028814 0.039120
324 0.439831 0.931540 0.028814 0.029340
298 0.441525 0.900978 0.028814 0.029340
541 0.441525 0.863081 0.025424 0.034230
481 0.442373 0.823961 0.020339 0.031785
480 0.441525 0.782396 0.023729 0.036675
29 0.441525 0.740831 0.023729 0.031785
28 0.443220 0.709046 0.027119 0.031785
65 0.444068 0.672372 0.022034 0.034230
64 0.444915 0.630807 0.025424 0.036675
72 0.444068 0.590465 0.027119 0.044010
18 0.444068 0.545232 0.028814 0.039120
80 0.446610 0.504890 0.032203 0.036675
33 0.446610 0.471883 0.023729 0.022005
541 0.450000 0.442543 0.028814 0.031785
205 0.446610 0.405868 0.025424 0.039120
13 0.448305 0.371638 0.020339 0.026895
298 0.450000 0.341076 0.023729 0.024450
92 0.447458 0.315403 0.025424 0.024450
481 0.450847 0.283619 0.028814 0.034230
480 0.450000 0.249389 0.028814 0.029340
29 0.450847 0.215159 0.025424 0.034230
28 0.452542 0.177262 0.025424 0.034230
64 0.453390 0.140587 0.028814 0.029340
18 0.451695 0.107579 0.023729 0.029340
80 0.452542 0.074572 0.027119 0.031785
592 0.483898 0.931540 0.020339 0.017115
21 0.484746 0.904645 0.022034 0.031785
274 0.484746 0.870416 0.027119 0.026895
127 0.487288 0.838631 0.020339 0.026895
29 0.487288 0.808068 0.022034 0.024450
28 0.485593 0.778729 0.027119 0.029340
171 0.487288 0.742054 0.025424 0.039120
170 0.488136 0.704156 0.025424 0.026895
75 0.488136 0.673594 0.023729 0.031785
4 0.489831 0.636919 0.023729 0.029340
2 0.490678 0.602689 0.025424 0.031785
133 0.490678 0.567237 0.025424 0.034230
58 0.491525 0.533007 0.027119 0.029340
9 0.491525 0.500000 0.027119 0.034230
62 0.493220 0.466993 0.022034 0.031785
481 0.494915 0.429095 0.022034 0.036675
480 0.494915 0.388753 0.022034 0.036675
29 0.494915 0.348411 0.022034 0.036675
28 0.494915 0.316626 0.023729 0.024450
75 0.494915 0.283619 0.028814 0.034230
591 0.494915 0.251834 0.027119 0.029340
176 0.496610 0.213936 0.022034 0.039120
26 0.496610 0.183374 0.020339 0.019560
34 0.496610 0.149144 0.022034 0.044010
64 0.495763 0.110024 0.022034 0.034230
26 0.496610 0.077017 0.018644 0.024450
91 0.750847 0.925428 0.028814 0.022005
148 0.750000 0.899756 0.025424 0.026895
590 0.749153 0.865526 0.028814 0.039120
33 0.748305 0.828851 0.027119 0.029340
70 0.748305 0.793399 0.030508 0.034230
74 0.749153 0.761614 0.025424 0.026895
73 0.748305 0.727384 0.022034 0.036675
589 0.748305 0.693154 0.023729 0.031785
298 0.749153 0.660147 0.022034 0.031785
214 0.748305 0.621027 0.025424 0.036675
133 0.748305 0.585575 0.027119 0.031785
127 0.747458 0.551345 0.027119 0.034230
29 0.746610 0.514670 0.028814 0.031785
28 0.747458 0.480440 0.030508 0.029340
171 0.746610 0.443765 0.030508 0.031785
170 0.744068 0.403423 0.032203 0.036675
75 0.742373 0.367971 0.028814 0.029340
98 0.800000 0.913203 0.028814 0.036675
580 0.799153 0.876528 0.023729 0.026895
425 0.799153 0.841076 0.030508 0.029340
440 0.795763 0.801956 0.032203 0.039120
87 0.794915 0.759169 0.023729 0.036675
26 0.796610 0.723716 0.025424 0.034230
64 0.796610 0.684597 0.023729 0.036675
52 0.796610 0.649144 0.028814 0.029340
26 0.795763 0.613692 0.028814 0.034230
34 0.795763 0.574572 0.032203 0.034230
473 0.794068 0.536675 0.027119 0.034230
214 0.794915 0.503667 0.027119 0.029340
481 0.793220 0.471883 0.027119 0.026895
480 0.793220 0.441320 0.028814 0.026895
29 0.791525 0.408313 0.028814 0.031785
28 0.790678 0.375306 0.027119 0.031785
72 0.791525 0.342298 0.030508 0.029340
554 0.791525 0.306846 0.028814 0.036675
28 0.788983 0.267726 0.027119 0.031785
72 0.785593 0.237164 0.030508 0.026895
214 0.786441 0.201711 0.028814 0.036675
26 0.786441 0.162592 0.023729 0.036675
26 0.786441 0.129584 0.030508 0.026895
229 0.787288 0.102689 0.030508 0.026895
98 0.784746 0.068460 0.028814 0.031785
85 0.848305 0.920538 0.028814 0.026895
146 0.849153 0.893643 0.027119 0.022005
91 0.848305 0.865526 0.025424 0.034230
588 0.845763 0.825183 0.027119 0.034230
587 0.846610 0.787286 0.023729 0.029340
52 0.843220 0.750611 0.025424 0.034230
481 0.844915 0.717604 0.028814 0.026895
480 0.842373 0.684597 0.028814 0.034230
29 0.844068 0.645477 0.027119 0.036675
28 0.842373 0.608802 0.025424 0.026895
183 0.843220 0.577017 0.027119 0.034230
530 0.843220 0.541565 0.030508 0.034230
26 0.843220 0.504890 0.030508 0.031785
180 0.842373 0.468215 0.032203 0.031785
179 0.838983 0.436430 0.030508 0.031785
56 0.838136 0.404645 0.025424 0.029340
55 0.836441 0.369193 0.030508 0.036675
196 0.838983 0.333741 0.030508 0.031785
106 0.837288 0.305623 0.030508 0.026895
85 0.836441 0.271394 0.027119 0.039120
35 0.835593 0.234719 0.028814 0.036675
146 0.834746 0.195599 0.025424 0.036675
65 0.833898 0.160147 0.027119 0.026895
83 0.833898 0.125917 0.025424 0.034230
178 0.833051 0.094132 0.028814 0.024450
56 0.833898 0.066015 0.030508 0.031785
480 0.896610 0.916870 0.027119 0.036675
29 0.894068 0.885086 0.025424 0.026895
28 0.894915 0.847188 0.025424 0.041565
92 0.894068 0.810513 0.025424 0.024450
75 0.893220 0.775061 0.025424 0.036675
263 0.893220 0.742054 0.028814 0.026895
0 0.892373 0.709046 0.030508 0.029340
459 0.891525 0.673594 0.023729 0.029340
586 0.890678 0.641809 0.027119 0.026895
0 0.889831 0.607579 0.027119 0.031785
26 0.888983 0.567237 0.028814 0.036675
133 0.889831 0.534230 0.030508 0.026895
28 0.890678 0.500000 0.027119 0.036675
88 0.888983 0.459658 0.030508 0.031785
154 0.888136 0.431540 0.025424 0.022005
74 0.888983 0.400978 0.030508 0.029340
98 0.887288 0.365526 0.027119 0.031785
33 0.886441 0.331296 0.027119 0.029340
118 0.886441 0.299511 0.030508 0.029340
69 0.885593 0.266504 0.025424 0.026895
68 0.884746 0.240831 0.028814 0.024450
196 0.883898 0.213936 0.028814 0.029340
229 0.883051 0.178484 0.025424 0.036675
109 0.883051 0.138142 0.023729 0.034230
26 0.883051 0.101467 0.028814 0.031785
133 0.882203 0.066015 0.028814 0.031785
109 0.942373 0.908313 0.025424 0.029340
26 0.940678 0.871638 0.022034 0.031785
176 0.938983 0.836186 0.027119 0.029340
64 0.938136 0.800733 0.025424 0.034230
98 0.938983 0.755501 0.020339 0.044010
435 0.938983 0.715159 0.027119 0.026895
214 0.938983 0.684597 0.023729 0.029340
109 0.936441 0.634474 0.030508 0.034230
26 0.936441 0.601467 0.027119 0.024450
280 0.936441 0.568460 0.023729 0.029340
180 0.935593 0.539120 0.027119 0.026895
179 0.937288 0.506112 0.027119 0.034230
349 0.937288 0.473105 0.028814 0.029340
541 0.935593 0.441320 0.025424 0.019560
481 0.936441 0.414425 0.027119 0.031785
480 0.933051 0.376528 0.027119 0.031785
29 0.932203 0.347188 0.020339 0.024450
28 0.931356 0.319071 0.022034 0.022005
106 0.929661 0.294621 0.022034 0.026895
13 0.929661 0.261614 0.023729 0.031785
26 0.929661 0.190709 0.022034 0.029340
34 0.929661 0.157702 0.023729 0.034230
253 0.929661 0.124694 0.025424 0.029340
224 0.928814 0.091687 0.027119 0.029340
584 0.927966 0.062347 0.027119 0.029340
