220 0.290799 0.358156 0.029514 0.026005
75 0.290799 0.325059 0.027778 0.037825
158 0.291667 0.286052 0.029514 0.037825
64 0.292535 0.250591 0.031250 0.030733
174 0.294271 0.216312 0.031250 0.033097
337 0.293403 0.178487 0.032986 0.040189
127 0.296875 0.139480 0.032986 0.033097
161 0.328993 0.874704 0.031250 0.033097
52 0.328125 0.839243 0.026042 0.035461
182 0.328993 0.803783 0.029514 0.030733
140 0.328125 0.770686 0.029514 0.026005
724 0.328993 0.735225 0.026042 0.037825
6 0.328993 0.697400 0.027778 0.033097
3 0.328993 0.665485 0.029514 0.028369
104 0.329861 0.630024 0.027778 0.035461
373 0.333333 0.592199 0.029514 0.033097
75 0.333333 0.556738 0.031250 0.030733
246 0.333333 0.523641 0.027778 0.035461
911 0.335938 0.486998 0.029514 0.033097
161 0.335938 0.447991 0.032986 0.040189
0 0.335938 0.406619 0.034722 0.035461
2 0.335938 0.367612 0.027778 0.037825
133 0.338542 0.333333 0.029514 0.028369
10 0.337674 0.306147 0.032986 0.028369
9 0.338542 0.273050 0.031250 0.033097
62 0.338542 0.239953 0.027778 0.030733
2 0.340278 0.208038 0.027778 0.030733
251 0.340278 0.173759 0.029514 0.033097
475 0.339410 0.135934 0.029514 0.040189
33 0.341146 0.098109 0.029514 0.033097
158 0.373264 0.879433 0.026042 0.021277
73 0.373264 0.846336 0.026042 0.035461
90 0.374132 0.813239 0.026042 0.030733
200 0.374132 0.783688 0.027778 0.030733
69 0.374132 0.747045 0.027778 0.035461
2 0.375000 0.713948 0.027778 0.028369
251 0.375000 0.685579 0.029514 0.026005
182 0.375868 0.651300 0.029514 0.037825
140 0.375868 0.615839 0.029514 0.030733
5 0.375868 0.580378 0.029514 0.033097
52 0.376736 0.542553 0.022569 0.040189
70 0.379340 0.503546 0.026042 0.035461
11 0.378472 0.466903 0.024306 0.037825
694 0.379340 0.429078 0.026042 0.033097
251 0.380208 0.393617 0.026042 0.033097
22 0.378472 0.353428 0.029514 0.040189
133 0.381076 0.315603 0.026042 0.035461
538 0.383681 0.277778 0.027778 0.035461
910 0.382812 0.239953 0.026042 0.033097
20 0.381944 0.206856 0.026042 0.028369
82 0.383681 0.173759 0.027778 0.030733
136 0.382812 0.143026 0.024306 0.028369
180 0.383681 0.107565 0.026042 0.037825
179 0.414931 0.869976 0.027778 0.030733
179 0.415799 0.840426 0.027778 0.030733
179 0.415799 0.809693 0.024306 0.028369
179 0.415799 0.789598 0.022569 0.023641
179 0.415799 0.760047 0.024306 0.033097
179 0.414931 0.728132 0.022569 0.030733
110 0.414931 0.699764 0.022569 0.028369
344 0.415799 0.670213 0.027778 0.028369
170 0.415799 0.641844 0.026042 0.028369
75 0.416667 0.607565 0.026042 0.037825
158 0.417535 0.574468 0.027778 0.028369
51 0.416667 0.541371 0.024306 0.035461
73 0.417535 0.504728 0.026042 0.035461
90 0.418403 0.466903 0.022569 0.033097
12 0.417535 0.434988 0.022569 0.030733
576 0.417535 0.405437 0.022569 0.028369
14 0.418403 0.377069 0.019097 0.028369
105 0.419271 0.348700 0.019097 0.026005
56 0.418403 0.322695 0.019097 0.026005
133 0.420139 0.293144 0.020833 0.028369
104 0.420139 0.267139 0.020833 0.023641
163 0.421007 0.237589 0.020833 0.028369
373 0.421007 0.205674 0.019097 0.028369
75 0.421875 0.176123 0.020833 0.023641
153 0.421875 0.147754 0.022569 0.030733
14 0.421875 0.113475 0.024306 0.033097
220 0.450521 0.710402 0.019097 0.037825
75 0.450521 0.674941 0.017361 0.028369
158 0.449653 0.641844 0.020833 0.033097
6 0.449653 0.612293 0.019097 0.023641
5 0.449653 0.582742 0.017361 0.026005
3 0.451389 0.549645 0.019097 0.028369
2 0.451389 0.518913 0.019097 0.026005
1 0.449653 0.304965 0.015625 0.021277
13 0.506944 0.854610 0.027778 0.030733
157 0.506076 0.827423 0.027778 0.026005
65 0.504340 0.799054 0.022569 0.028369
26 0.504340 0.767139 0.020833 0.030733
165 0.502604 0.731678 0.022569 0.035461
64 0.502604 0.696217 0.022569 0.028369
19 0.502604 0.656028 0.024306 0.040189
29 0.502604 0.618203 0.022569 0.028369
28 0.503472 0.583924 0.024306 0.035461
13 0.501736 0.552009 0.024306 0.023641
80 0.500868 0.522459 0.022569 0.033097
109 0.500868 0.490544 0.022569 0.026005
468 0.500000 0.462175 0.022569 0.030733
75 0.499132 0.430260 0.020833 0.026005
158 0.498264 0.401891 0.017361 0.023641
13 0.497396 0.377069 0.019097 0.026005
881 0.497396 0.340426 0.022569 0.035461
238 0.496528 0.302600 0.020833 0.033097
20 0.495660 0.265957 0.020833 0.033097
373 0.495660 0.232861 0.024306 0.028369
75 0.493924 0.199764 0.020833 0.033097
146 0.493924 0.164303 0.020833 0.033097
317 0.490451 0.121749 0.026042 0.040189
909 0.673611 0.806147 0.022569 0.026005
51 0.673611 0.773050 0.026042 0.028369
13 0.673611 0.744681 0.027778 0.028369
17 0.673611 0.712766 0.029514 0.030733
908 0.671875 0.674941 0.026042 0.040189
405 0.670139 0.638298 0.031250 0.028369
15 0.670139 0.606383 0.031250 0.030733
22 0.667535 0.569740 0.024306 0.033097
161 0.667535 0.533097 0.032986 0.035461
52 0.665799 0.496454 0.027778 0.033097
70 0.664931 0.458629 0.026042 0.035461
178 0.717882 0.721040 0.026042 0.033097
72 0.718750 0.685579 0.029514 0.035461
133 0.717014 0.648936 0.027778 0.030733
516 0.715278 0.613475 0.024306 0.037825
522 0.714410 0.570922 0.032986 0.040189
604 0.712674 0.531915 0.024306 0.030733
373 0.711806 0.496454 0.032986 0.037825
75 0.710938 0.455083 0.032986 0.040189
146 0.708333 0.418440 0.032986 0.030733
64 0.707465 0.385343 0.032986 0.030733
70 0.704861 0.354610 0.029514 0.026005
117 0.704861 0.325059 0.027778 0.033097
187 0.701389 0.284870 0.027778 0.037825
4 0.701389 0.242317 0.027778 0.040189
116 0.763889 0.736407 0.026042 0.033097
278 0.763889 0.703310 0.027778 0.033097
64 0.762153 0.665485 0.026042 0.035461
13 0.760417 0.624113 0.027778 0.040189
129 0.758681 0.588652 0.031250 0.028369
550 0.757812 0.552009 0.022569 0.035461
239 0.756944 0.513002 0.027778 0.037825
64 0.755208 0.472813 0.029514 0.037825
893 0.753472 0.436170 0.031250 0.030733
3 0.751736 0.398345 0.027778 0.035461
231 0.750868 0.361702 0.031250 0.035461
61 0.750000 0.319149 0.020833 0.037825
556 0.748264 0.284870 0.029514 0.028369
83 0.748264 0.257683 0.024306 0.018913
109 0.746528 0.229314 0.029514 0.033097
75 0.745660 0.192671 0.022569 0.033097
29 0.809896 0.823877 0.027778 0.028369
28 0.809028 0.793144 0.027778 0.026005
13 0.809028 0.763593 0.027778 0.026005
80 0.807292 0.726950 0.027778 0.037825
47 0.807292 0.689125 0.029514 0.030733
75 0.806424 0.657210 0.029514 0.026005
158 0.803819 0.625296 0.027778 0.030733
51 0.803819 0.589835 0.024306 0.035461
72 0.802083 0.552009 0.027778 0.035461
26 0.800347 0.511820 0.024306 0.037825
133 0.801215 0.468085 0.031250 0.042553
604 0.797743 0.425532 0.029514 0.035461
907 0.798611 0.390071 0.026042 0.030733
3 0.798611 0.359338 0.026042 0.030733
110 0.796875 0.322695 0.032986 0.037825
893 0.795139 0.283688 0.029514 0.033097
479 0.793403 0.242317 0.026042 0.040189
527 0.792535 0.206856 0.029514 0.026005
47 0.792535 0.171395 0.024306 0.035461
133 0.792535 0.132388 0.027778 0.035461
110 0.791667 0.098109 0.031250 0.026005
158 0.855035 0.864066 0.026042 0.033097
132 0.855903 0.826241 0.029514 0.040189
377 0.855035 0.782506 0.029514 0.040189
26 0.855035 0.743499 0.024306 0.033097
374 0.853299 0.709220 0.032986 0.035461
217 0.852431 0.676123 0.027778 0.023641
375 0.851562 0.646572 0.027778 0.030733
904 0.851562 0.611111 0.026042 0.037825
133 0.849826 0.573286 0.027778 0.035461
110 0.848958 0.537825 0.024306 0.035461
75 0.848090 0.495272 0.032986 0.042553
157 0.845486 0.452719 0.029514 0.035461
68 0.845486 0.420804 0.027778 0.028369
291 0.846354 0.388889 0.031250 0.028369
117 0.845486 0.352246 0.029514 0.040189
111 0.845486 0.315603 0.031250 0.023641
528 0.846354 0.284870 0.029514 0.033097
195 0.843750 0.247045 0.031250 0.035461
25 0.843750 0.208038 0.029514 0.037825
906 0.842014 0.167849 0.024306 0.035461
109 0.840278 0.131206 0.024306 0.033097
905 0.840278 0.096927 0.024306 0.030733
