15 0.196095 0.212195 0.027165 0.041463
22 0.196944 0.167073 0.030560 0.039024
161 0.194397 0.134146 0.027165 0.021951
0 0.194397 0.102439 0.025467 0.034146
70 0.192699 0.067073 0.030560 0.029268
176 0.234295 0.928049 0.027165 0.029268
176 0.234295 0.896341 0.023769 0.026829
176 0.235144 0.856098 0.025467 0.036585
176 0.235993 0.813415 0.028862 0.039024
176 0.235993 0.769512 0.025467 0.039024
64 0.237691 0.730488 0.027165 0.031707
127 0.237691 0.692683 0.030560 0.034146
29 0.236842 0.656098 0.027165 0.031707
28 0.236842 0.618293 0.025467 0.031707
120 0.238540 0.579268 0.023769 0.031707
26 0.240238 0.545122 0.030560 0.034146
64 0.241087 0.506098 0.030560 0.034146
141 0.241087 0.465854 0.030560 0.036585
46 0.241087 0.424390 0.027165 0.036585
310 0.241087 0.376829 0.037351 0.046341
13 0.241935 0.315854 0.023769 0.041463
34 0.241935 0.270732 0.028862 0.041463
203 0.241935 0.230488 0.032258 0.034146
70 0.242784 0.189024 0.027165 0.041463
75 0.242784 0.148780 0.030560 0.036585
309 0.244482 0.104878 0.030560 0.039024
20 0.245331 0.064634 0.020374 0.031707
55 0.282683 0.921951 0.025467 0.031707
74 0.284380 0.881707 0.027165 0.043902
55 0.283531 0.836585 0.032258 0.039024
243 0.283531 0.796341 0.028862 0.036585
127 0.285229 0.752439 0.030560 0.039024
29 0.286078 0.709756 0.030560 0.039024
28 0.286078 0.657317 0.028862 0.048780
120 0.286927 0.607317 0.025467 0.036585
109 0.290323 0.564634 0.030560 0.034146
26 0.289474 0.525610 0.027165 0.029268
43 0.289474 0.491463 0.025467 0.029268
133 0.287776 0.454878 0.025467 0.031707
281 0.291171 0.418293 0.030560 0.036585
101 0.291171 0.374390 0.027165 0.039024
26 0.292020 0.329268 0.030560 0.039024
54 0.292020 0.284146 0.028862 0.029268
26 0.293718 0.245122 0.032258 0.034146
64 0.293718 0.200000 0.025467 0.041463
80 0.293718 0.157317 0.028862 0.039024
264 0.294567 0.115854 0.027165 0.031707
248 0.292020 0.071951 0.030560 0.041463
164 0.329372 0.926829 0.028862 0.039024
75 0.332767 0.891463 0.030560 0.026829
158 0.331070 0.851220 0.027165 0.039024
71 0.336163 0.803659 0.032258 0.039024
254 0.334465 0.760976 0.039049 0.034146
26 0.333616 0.723171 0.032258 0.026829
176 0.335314 0.680488 0.022071 0.041463
64 0.335314 0.630488 0.033956 0.039024
115 0.336163 0.585366 0.028862 0.034146
187 0.337012 0.545122 0.033956 0.029268
186 0.337861 0.504878 0.022071 0.036585
142 0.338710 0.462195 0.028862 0.039024
74 0.337861 0.415854 0.030560 0.036585
142 0.337861 0.369512 0.033956 0.043902
34 0.340407 0.325610 0.023769 0.031707
120 0.338710 0.289024 0.028862 0.034146
203 0.340407 0.243902 0.028862 0.039024
127 0.342105 0.202439 0.028862 0.034146
29 0.342105 0.164634 0.030560 0.039024
28 0.342105 0.119512 0.028862 0.039024
27 0.344652 0.073171 0.027165 0.036585
308 0.385399 0.923171 0.027165 0.034146
29 0.383701 0.879268 0.028862 0.043902
52 0.382852 0.831707 0.032258 0.041463
70 0.382003 0.784146 0.033956 0.039024
139 0.382003 0.709756 0.022071 0.031707
293 0.384550 0.668293 0.028862 0.041463
33 0.386248 0.628049 0.028862 0.034146
70 0.384550 0.591463 0.025467 0.029268
75 0.385399 0.556098 0.025467 0.031707
158 0.385399 0.520732 0.025467 0.029268
121 0.387946 0.486585 0.030560 0.036585
117 0.385399 0.445122 0.035654 0.043902
56 0.386248 0.402439 0.025467 0.024390
176 0.385399 0.370732 0.025467 0.024390
64 0.387097 0.335366 0.028862 0.034146
196 0.387097 0.292683 0.032258 0.039024
307 0.387946 0.247561 0.027165 0.034146
115 0.389643 0.206098 0.027165 0.039024
187 0.389643 0.160976 0.030560 0.036585
186 0.389643 0.120732 0.030560 0.043902
109 0.387946 0.073171 0.030560 0.036585
107 0.428693 0.926829 0.027165 0.029268
107 0.429542 0.887805 0.030560 0.036585
107 0.426146 0.847561 0.025467 0.026829
107 0.428693 0.815854 0.030560 0.026829
136 0.428693 0.774390 0.022071 0.039024
83 0.429542 0.725610 0.027165 0.043902
127 0.431239 0.678049 0.030560 0.039024
29 0.433786 0.629268 0.027165 0.048780
28 0.430390 0.584146 0.023769 0.024390
65 0.432088 0.546341 0.030560 0.034146
120 0.431239 0.506098 0.030560 0.034146
109 0.431239 0.468293 0.023769 0.031707
185 0.431239 0.429268 0.023769 0.034146
109 0.432088 0.392683 0.023769 0.034146
70 0.432937 0.348780 0.023769 0.039024
75 0.432937 0.312195 0.027165 0.021951
158 0.433786 0.274390 0.022071 0.041463
306 0.435484 0.231707 0.022071 0.041463
148 0.436333 0.191463 0.032258 0.031707
239 0.436333 0.156098 0.025467 0.031707
64 0.434635 0.114634 0.028862 0.039024
70 0.434635 0.074390 0.027165 0.036585
304 0.721562 0.924390 0.025467 0.043902
0 0.720713 0.879268 0.022071 0.039024
70 0.720713 0.835366 0.027165 0.034146
75 0.720713 0.791463 0.030560 0.034146
158 0.718166 0.748780 0.028862 0.034146
224 0.719015 0.701220 0.025467 0.048780
283 0.716469 0.652439 0.023769 0.039024
303 0.718166 0.606098 0.023769 0.041463
239 0.716469 0.562195 0.023769 0.036585
64 0.716469 0.514634 0.025467 0.041463
302 0.716469 0.465854 0.023769 0.041463
301 0.717317 0.424390 0.025467 0.036585
300 0.715620 0.379268 0.028862 0.034146
133 0.717317 0.334146 0.032258 0.039024
299 0.715620 0.290244 0.023769 0.036585
298 0.716469 0.246341 0.025467 0.036585
297 0.713922 0.201220 0.028862 0.036585
33 0.712224 0.160976 0.022071 0.031707
305 0.709677 0.125610 0.025467 0.031707
44 0.712224 0.082927 0.022071 0.041463
288 0.767402 0.918293 0.032258 0.048780
15 0.769100 0.863415 0.025467 0.046341
109 0.766553 0.809756 0.027165 0.039024
296 0.764007 0.760976 0.028862 0.041463
295 0.765705 0.715854 0.027165 0.043902
176 0.765705 0.668293 0.028862 0.036585
64 0.762309 0.621951 0.028862 0.039024
264 0.762309 0.576829 0.027165 0.031707
75 0.760611 0.540244 0.025467 0.031707
158 0.760611 0.502439 0.023769 0.031707
294 0.761460 0.465854 0.022071 0.031707
68 0.759762 0.431707 0.023769 0.026829
280 0.759762 0.397561 0.030560 0.029268
139 0.760611 0.357317 0.028862 0.039024
293 0.758065 0.319512 0.018676 0.026829
33 0.757216 0.281707 0.022071 0.039024
139 0.756367 0.195122 0.025467 0.043902
117 0.756367 0.154878 0.027165 0.036585
56 0.755518 0.114634 0.028862 0.031707
107 0.753820 0.075610 0.027165 0.034146
291 0.812394 0.936585 0.025467 0.029268
201 0.812394 0.909756 0.018676 0.026829
264 0.811545 0.879268 0.020374 0.029268
75 0.811545 0.837805 0.025467 0.036585
158 0.809847 0.795122 0.025467 0.031707
13 0.808998 0.750000 0.028862 0.046341
70 0.812394 0.708537 0.027165 0.026829
75 0.809847 0.671951 0.027165 0.041463
158 0.810696 0.618293 0.032258 0.041463
290 0.807301 0.570732 0.020374 0.036585
289 0.806452 0.529268 0.028862 0.039024
239 0.804754 0.491463 0.028862 0.026829
288 0.804754 0.458537 0.030560 0.026829
65 0.805603 0.418293 0.030560 0.039024
64 0.803056 0.380488 0.022071 0.029268
55 0.802207 0.341463 0.022071 0.041463
205 0.803056 0.293902 0.032258 0.043902
287 0.803056 0.237805 0.030560 0.043902
292 0.800509 0.190244 0.025467 0.036585
176 0.803056 0.148780 0.028862 0.029268
109 0.802207 0.112195 0.030560 0.031707
157 0.799660 0.074390 0.027165 0.034146
208 0.853141 0.291463 0.030560 0.043902
109 0.851443 0.241463 0.023769 0.036585
176 0.848896 0.193902 0.032258 0.036585
64 0.847199 0.151220 0.022071 0.036585
196 0.848896 0.112195 0.018676 0.034146
28 0.847199 0.074390 0.023769 0.034146
67 0.904075 0.910976 0.032258 0.026829
67 0.904075 0.880488 0.028862 0.031707
264 0.905772 0.839024 0.030560 0.043902
75 0.902377 0.789024 0.027165 0.043902
158 0.902377 0.747561 0.030560 0.029268
43 0.901528 0.704878 0.032258 0.043902
105 0.903226 0.656098 0.028862 0.039024
83 0.902377 0.610976 0.028862 0.043902
122 0.901528 0.560976 0.023769 0.039024
127 0.903226 0.518293 0.025467 0.036585
29 0.899830 0.470732 0.030560 0.043902
28 0.900679 0.434146 0.025467 0.026829
153 0.899830 0.386585 0.028862 0.053659
160 0.899830 0.332927 0.020374 0.041463
159 0.898132 0.287805 0.028862 0.034146
75 0.898981 0.245122 0.030560 0.029268
4 0.898132 0.202439 0.027165 0.041463
136 0.898132 0.158537 0.023769 0.041463
286 0.897284 0.109756 0.028862 0.041463
282 0.899830 0.068293 0.030560 0.026829
285 0.948217 0.919512 0.027165 0.041463
285 0.947368 0.873171 0.025467 0.041463
284 0.946520 0.828049 0.025467 0.034146
224 0.948217 0.785366 0.027165 0.041463
109 0.947368 0.736585 0.023769 0.036585
150 0.946520 0.691463 0.022071 0.036585
283 0.945671 0.646341 0.025467 0.043902
21 0.945671 0.596341 0.025467 0.036585
282 0.946520 0.557317 0.028862 0.031707
176 0.946520 0.519512 0.023769 0.029268
64 0.946520 0.480488 0.025467 0.036585
281 0.944822 0.435366 0.032258 0.043902
2 0.943124 0.390244 0.027165 0.031707
18 0.942275 0.348780 0.027165 0.041463
68 0.943973 0.302439 0.030560 0.034146
280 0.943124 0.267073 0.025467 0.029268
279 0.943973 0.234146 0.028862 0.029268
102 0.941426 0.202439 0.023769 0.034146
278 0.941426 0.168293 0.022071 0.029268
56 0.941426 0.129268 0.028862 0.041463
55 0.940577 0.078049 0.027165 0.043902
