0 0.108507 0.865248 0.024306 0.023641
0 0.108507 0.840426 0.020833 0.023641
0 0.108507 0.813239 0.019097 0.028369
0 0.110243 0.783688 0.022569 0.028369
0 0.110243 0.748227 0.029514 0.037825
0 0.111111 0.712766 0.027778 0.033097
0 0.110243 0.680851 0.024306 0.028369
0 0.112847 0.648936 0.022569 0.030733
0 0.111979 0.618203 0.022569 0.028369
0 0.113715 0.585106 0.031250 0.035461
0 0.114583 0.544917 0.029514 0.040189
0 0.113715 0.508274 0.024306 0.030733
0 0.113715 0.483452 0.026042 0.026005
0 0.115451 0.445626 0.026042 0.042553
0 0.116319 0.406619 0.029514 0.035461
0 0.116319 0.368794 0.031250 0.035461
0 0.117188 0.334515 0.026042 0.028369
0 0.118056 0.300236 0.027778 0.035461
0 0.117188 0.267139 0.026042 0.028369
0 0.118924 0.235225 0.024306 0.033097
0 0.119792 0.200946 0.027778 0.030733
0 0.118924 0.165485 0.022569 0.033097
0 0.121528 0.126478 0.026042 0.037825
0 0.120660 0.089835 0.026042 0.026005
0 0.119792 0.055556 0.026042 0.037825
0 0.153646 0.865248 0.026042 0.026005
0 0.152778 0.840426 0.027778 0.026005
0 0.152778 0.813239 0.029514 0.026005
0 0.152778 0.783688 0.029514 0.026005
0 0.152778 0.754137 0.027778 0.028369
0 0.154514 0.717494 0.026042 0.037825
0 0.153646 0.676123 0.027778 0.035461
0 0.153646 0.637116 0.029514 0.040189
0 0.155382 0.599291 0.027778 0.035461
0 0.157986 0.560284 0.029514 0.033097
0 0.157118 0.523641 0.026042 0.035461
0 0.158854 0.486998 0.026042 0.037825
0 0.158854 0.444444 0.026042 0.040189
0 0.159722 0.405437 0.029514 0.037825
0 0.160590 0.375887 0.026042 0.021277
0 0.163194 0.345154 0.027778 0.035461
0 0.163194 0.309693 0.029514 0.035461
0 0.165799 0.273050 0.026042 0.035461
0 0.164931 0.239953 0.029514 0.030733
0 0.164931 0.204492 0.024306 0.033097
0 0.163194 0.166667 0.029514 0.040189
0 0.165799 0.127660 0.024306 0.033097
0 0.165799 0.092199 0.029514 0.028369
0 0.165799 0.055556 0.032986 0.040189
0 0.199653 0.839243 0.026042 0.023641
0 0.199653 0.808511 0.029514 0.033097
0 0.197917 0.776596 0.024306 0.023641
0 0.198785 0.748227 0.027778 0.028369
0 0.200521 0.716312 0.027778 0.030733
0 0.199653 0.684397 0.031250 0.033097
0 0.200521 0.650118 0.031250 0.033097
0 0.202257 0.614657 0.027778 0.033097
0 0.203993 0.576832 0.027778 0.037825
0 0.203125 0.540189 0.026042 0.028369
0 0.205729 0.502364 0.027778 0.040189
0 0.205729 0.466903 0.031250 0.028369
0 0.206597 0.434988 0.026042 0.033097
0 0.207465 0.398345 0.029514 0.037825
0 0.207465 0.358156 0.029514 0.035461
0 0.208333 0.322695 0.024306 0.028369
0 0.210938 0.287234 0.027778 0.035461
0 0.211806 0.254137 0.020833 0.028369
0 0.212674 0.223404 0.027778 0.035461
0 0.213542 0.187943 0.029514 0.035461
0 0.215278 0.150118 0.026042 0.035461
0 0.215278 0.114657 0.027778 0.028369
0 0.216146 0.086288 0.029514 0.028369
0 0.216146 0.054374 0.031250 0.033097
0 0.254340 0.450355 0.026042 0.033097
0 0.253472 0.417258 0.029514 0.028369
0 0.254340 0.377069 0.031250 0.040189
0 0.255208 0.338061 0.026042 0.033097
0 0.257812 0.301418 0.031250 0.037825
0 0.257812 0.262411 0.031250 0.037825
0 0.260417 0.221040 0.026042 0.042553
0 0.260417 0.177305 0.024306 0.035461
0 0.261285 0.139480 0.029514 0.042553
0 0.262153 0.095745 0.029514 0.040189
0 0.263021 0.056738 0.027778 0.033097
140 0.292535 0.810875 0.029514 0.028369
15 0.292535 0.774232 0.024306 0.035461
1329 0.294271 0.731678 0.029514 0.040189
1095 0.294271 0.693853 0.022569 0.030733
562 0.294271 0.658392 0.024306 0.033097
302 0.295139 0.624113 0.029514 0.030733
294 0.295139 0.594563 0.027778 0.028369
44 0.295139 0.559102 0.029514 0.037825
221 0.296007 0.520095 0.027778 0.040189
77 0.297743 0.482270 0.027778 0.030733
89 0.299479 0.449173 0.029514 0.035461
38 0.300347 0.414894 0.027778 0.030733
37 0.300347 0.381797 0.026042 0.030733
62 0.302083 0.342790 0.026042 0.035461
83 0.302951 0.308511 0.022569 0.030733
327 0.303819 0.276596 0.022569 0.028369
100 0.306424 0.238771 0.024306 0.037825
136 0.307292 0.200946 0.031250 0.035461
44 0.307292 0.165485 0.029514 0.028369
221 0.307292 0.131206 0.024306 0.037825
77 0.306424 0.091017 0.026042 0.040189
277 0.304688 0.055556 0.026042 0.030733
82 0.339410 0.865248 0.026042 0.035461
374 0.337674 0.828605 0.031250 0.037825
329 0.338542 0.790780 0.024306 0.033097
641 0.340278 0.751773 0.026042 0.040189
179 0.339410 0.715130 0.029514 0.028369
194 0.341146 0.677305 0.022569 0.037825
110 0.341146 0.644208 0.026042 0.026005
421 0.342014 0.613475 0.026042 0.033097
180 0.342882 0.576832 0.026042 0.033097
78 0.342014 0.543735 0.022569 0.030733
859 0.343750 0.510638 0.024306 0.030733
209 0.344618 0.478723 0.024306 0.033097
43 0.347222 0.442080 0.026042 0.033097
511 0.348090 0.408983 0.027778 0.028369
315 0.347222 0.374704 0.031250 0.035461
77 0.348090 0.338061 0.026042 0.033097
221 0.350694 0.296690 0.027778 0.044917
77 0.352431 0.249409 0.029514 0.040189
596 0.351562 0.211584 0.029514 0.030733
1328 0.350694 0.174941 0.027778 0.040189
1327 0.351562 0.132388 0.026042 0.035461
43 0.351562 0.095745 0.027778 0.033097
676 0.353299 0.059102 0.027778 0.035461
464 0.388021 0.864066 0.022569 0.026005
464 0.387153 0.832151 0.026042 0.037825
21 0.389757 0.790780 0.029514 0.028369
1326 0.388021 0.758865 0.031250 0.028369
631 0.388889 0.718676 0.026042 0.040189
702 0.388889 0.678487 0.029514 0.037825
13 0.388021 0.643026 0.029514 0.030733
1027 0.389757 0.607565 0.027778 0.033097
145 0.390625 0.574468 0.024306 0.028369
83 0.390625 0.546099 0.024306 0.030733
215 0.391493 0.514184 0.027778 0.033097
253 0.390625 0.476359 0.029514 0.035461
109 0.393229 0.437352 0.029514 0.035461
44 0.394097 0.403073 0.029514 0.030733
82 0.392361 0.369976 0.026042 0.030733
385 0.395833 0.333333 0.024306 0.033097
51 0.395833 0.293144 0.029514 0.042553
269 0.395833 0.250591 0.024306 0.035461
28 0.395833 0.213948 0.027778 0.030733
44 0.395833 0.176123 0.024306 0.040189
54 0.396701 0.135934 0.029514 0.040189
163 0.397569 0.096927 0.027778 0.033097
243 0.396701 0.061466 0.027778 0.037825
38 0.430556 0.867612 0.022569 0.028369
37 0.431424 0.838061 0.022569 0.028369
162 0.429688 0.804965 0.019097 0.028369
1045 0.429688 0.774232 0.020833 0.028369
973 0.430556 0.742317 0.024306 0.030733
179 0.432292 0.710402 0.027778 0.028369
194 0.433160 0.676123 0.029514 0.033097
78 0.434028 0.641844 0.031250 0.033097
77 0.433160 0.599291 0.020833 0.037825
84 0.434028 0.560284 0.029514 0.040189
1325 0.434028 0.523641 0.024306 0.030733
30 0.436632 0.485816 0.031250 0.040189
464 0.435764 0.450355 0.031250 0.028369
58 0.437500 0.416076 0.024306 0.037825
23 0.439236 0.373522 0.029514 0.042553
100 0.440972 0.330969 0.027778 0.037825
14 0.441840 0.286052 0.027778 0.042553
26 0.441840 0.244681 0.026042 0.037825
59 0.441840 0.205674 0.027778 0.040189
243 0.442708 0.164303 0.026042 0.035461
91 0.441840 0.127660 0.027778 0.035461
199 0.442708 0.093381 0.027778 0.028369
393 0.441840 0.062648 0.024306 0.033097
281 0.472222 0.861702 0.024306 0.023641
281 0.472222 0.833333 0.022569 0.026005
281 0.471354 0.802600 0.022569 0.033097
257 0.473090 0.763593 0.024306 0.037825
157 0.473958 0.729314 0.022569 0.030733
38 0.474826 0.699764 0.022569 0.026005
37 0.474826 0.672577 0.019097 0.026005
1324 0.475694 0.641844 0.022569 0.033097
542 0.474826 0.605201 0.024306 0.037825
1264 0.474826 0.565012 0.024306 0.033097
232 0.477431 0.531915 0.020833 0.028369
67 0.477431 0.500000 0.020833 0.033097
320 0.479167 0.463357 0.020833 0.033097
313 0.479167 0.425532 0.019097 0.033097
64 0.479167 0.390071 0.022569 0.035461
66 0.479167 0.356974 0.019097 0.028369
65 0.478299 0.321513 0.019097 0.037825
109 0.480903 0.284870 0.020833 0.037825
243 0.481771 0.249409 0.022569 0.033097
91 0.481771 0.212766 0.020833 0.030733
199 0.480903 0.180851 0.019097 0.030733
221 0.480903 0.145390 0.019097 0.033097
414 0.480903 0.113475 0.019097 0.028369
934 0.481771 0.076832 0.022569 0.033097
0 0.546007 0.774232 0.022569 0.037825
0 0.545139 0.729314 0.026042 0.040189
0 0.545139 0.685579 0.022569 0.037825
0 0.542535 0.640662 0.026042 0.042553
0 0.540799 0.602837 0.020833 0.030733
0 0.540799 0.563830 0.024306 0.040189
0 0.539931 0.527187 0.022569 0.028369
0 0.539062 0.490544 0.026042 0.040189
0 0.537326 0.449173 0.024306 0.040189
0 0.536458 0.412530 0.026042 0.030733
221 0.534722 0.375887 0.022569 0.037825
77 0.534722 0.341608 0.022569 0.030733
165 0.534722 0.309693 0.024306 0.030733
14 0.532986 0.273050 0.020833 0.035461
26 0.532118 0.234043 0.020833 0.035461
393 0.532986 0.198582 0.020833 0.026005
855 0.532118 0.165485 0.020833 0.035461
962 0.530382 0.134752 0.022569 0.023641
154 0.529514 0.101655 0.026042 0.033097
0 0.587674 0.802600 0.022569 0.035461
0 0.585938 0.763593 0.024306 0.035461
0 0.585069 0.726950 0.020833 0.035461
0 0.585938 0.691489 0.026042 0.033097
0 0.584201 0.657210 0.024306 0.033097
0 0.583333 0.626478 0.020833 0.028369
0 0.582465 0.599291 0.020833 0.026005
0 0.581597 0.565012 0.026042 0.037825
0 0.579861 0.524823 0.026042 0.037825
0 0.578993 0.488180 0.027778 0.033097
0 0.578125 0.458629 0.027778 0.028369
0 0.576389 0.426714 0.020833 0.035461
0 0.577257 0.386525 0.027778 0.037825
0 0.575521 0.351064 0.022569 0.028369
0 0.574653 0.317967 0.026042 0.033097
0 0.574653 0.287234 0.022569 0.023641
0 0.573785 0.257683 0.027778 0.026005
0 0.572049 0.226950 0.026042 0.030733
0 0.571181 0.193853 0.024306 0.033097
0 0.570312 0.158392 0.024306 0.030733
0 0.569444 0.122931 0.020833 0.033097
0 0.569444 0.089835 0.024306 0.028369
0 0.631944 0.808511 0.024306 0.040189
0 0.631944 0.763593 0.024306 0.037825
0 0.631944 0.726950 0.022569 0.030733
0 0.630208 0.695035 0.029514 0.030733
0 0.629340 0.656028 0.024306 0.037825
0 0.628472 0.613475 0.027778 0.040189
0 0.626736 0.573286 0.026042 0.028369
0 0.625000 0.539007 0.026042 0.033097
0 0.623264 0.503546 0.027778 0.037825
0 0.621528 0.460993 0.029514 0.037825
0 0.622396 0.424350 0.029514 0.033097
0 0.620660 0.390071 0.024306 0.030733
0 0.620660 0.354610 0.026042 0.035461
0 0.618056 0.317967 0.031250 0.037825
0 0.617188 0.278960 0.027778 0.035461
0 0.616319 0.244681 0.027778 0.030733
0 0.614583 0.209220 0.026042 0.033097
0 0.614583 0.166667 0.027778 0.042553
0 0.612847 0.122931 0.027778 0.037825
0 0.612847 0.085106 0.027778 0.030733
0 0.677083 0.739953 0.027778 0.040189
0 0.674479 0.693853 0.029514 0.040189
0 0.675347 0.658392 0.026042 0.033097
0 0.674479 0.626478 0.026042 0.028369
0 0.672743 0.596927 0.029514 0.026005
0 0.672743 0.565012 0.029514 0.030733
0 0.670139 0.527187 0.022569 0.035461
0 0.669271 0.490544 0.027778 0.037825
0 0.668403 0.451537 0.026042 0.026005
0 0.665799 0.417258 0.031250 0.033097
0 0.664931 0.382979 0.027778 0.026005
0 0.664931 0.351064 0.027778 0.033097
0 0.663194 0.321513 0.024306 0.028369
0 0.664062 0.294326 0.022569 0.026005
0 0.663194 0.265957 0.026042 0.028369
0 0.663194 0.231678 0.027778 0.037825
0 0.660590 0.195035 0.022569 0.035461
0 0.658854 0.160757 0.027778 0.028369
0 0.658854 0.122931 0.029514 0.037825
0 0.658854 0.086288 0.027778 0.035461
192 0.724826 0.769504 0.031250 0.040189
21 0.723090 0.699764 0.026042 0.035461
113 0.721354 0.658392 0.026042 0.037825
201 0.720486 0.620567 0.026042 0.028369
200 0.718750 0.583924 0.024306 0.035461
983 0.719618 0.547281 0.027778 0.035461
59 0.717882 0.513002 0.024306 0.026005
1179 0.717014 0.477541 0.026042 0.035461
59 0.716146 0.442080 0.029514 0.033097
243 0.715278 0.403073 0.027778 0.035461
0 0.713542 0.368794 0.027778 0.030733
0 0.712674 0.335697 0.029514 0.033097
0 0.710938 0.299054 0.029514 0.040189
0 0.709201 0.252955 0.031250 0.042553
0 0.708333 0.211584 0.026042 0.035461
0 0.706597 0.176123 0.027778 0.030733
0 0.705729 0.143026 0.026042 0.026005
27 0.773438 0.657210 0.029514 0.035461
38 0.771701 0.620567 0.027778 0.026005
37 0.769965 0.585106 0.031250 0.035461
78 0.768229 0.546099 0.031250 0.037825
235 0.767361 0.504728 0.020833 0.035461
136 0.767361 0.471631 0.029514 0.030733
243 0.765625 0.443262 0.029514 0.023641
91 0.763889 0.418440 0.029514 0.035461
499 0.763021 0.380615 0.026042 0.035461
374 0.760417 0.348700 0.024306 0.028369
1257 0.760417 0.310875 0.027778 0.037825
186 0.757812 0.274232 0.031250 0.030733
27 0.756944 0.242317 0.031250 0.030733
38 0.754340 0.208038 0.024306 0.028369
297 0.822049 0.786052 0.026042 0.035461
78 0.822049 0.751773 0.024306 0.030733
236 0.822049 0.722222 0.026042 0.026005
136 0.821181 0.691489 0.026042 0.033097
303 0.821181 0.656028 0.027778 0.028369
159 0.818576 0.625296 0.029514 0.023641
534 0.815972 0.595745 0.027778 0.028369
533 0.815104 0.562648 0.024306 0.033097
83 0.814236 0.524823 0.029514 0.033097
112 0.813368 0.490544 0.022569 0.033097
335 0.813368 0.452719 0.029514 0.040189
109 0.809896 0.410165 0.027778 0.035461
1308 0.809028 0.371158 0.024306 0.033097
153 0.807292 0.336879 0.032986 0.035461
28 0.808160 0.300236 0.026042 0.028369
243 0.811632 0.268322 0.019097 0.028369
91 0.805556 0.232861 0.032986 0.040189
199 0.804688 0.192671 0.027778 0.037825
44 0.871528 0.847518 0.031250 0.030733
1323 0.871528 0.815603 0.026042 0.030733
937 0.870660 0.748227 0.027778 0.028369
712 0.868924 0.716312 0.022569 0.028369
122 0.868056 0.679669 0.024306 0.033097
68 0.868924 0.647754 0.027778 0.028369
209 0.868056 0.627660 0.026042 0.026005
1139 0.868056 0.599291 0.029514 0.030733
163 0.866319 0.567376 0.027778 0.030733
84 0.863715 0.531915 0.024306 0.033097
122 0.863715 0.495272 0.034722 0.035461
66 0.860243 0.440898 0.029514 0.030733
178 0.859375 0.408983 0.026042 0.030733
192 0.858507 0.374704 0.027778 0.030733
278 0.858507 0.336879 0.031250 0.037825
77 0.858507 0.300236 0.029514 0.028369
28 0.856771 0.269504 0.029514 0.028369
253 0.858507 0.239953 0.029514 0.030733
109 0.857639 0.210402 0.029514 0.026005
42 0.854167 0.184397 0.024306 0.023641
122 0.853299 0.157210 0.026042 0.028369
1319 0.916667 0.851064 0.024306 0.021277
1318 0.916667 0.829787 0.026042 0.026005
163 0.915799 0.802600 0.022569 0.028369
28 0.913194 0.773050 0.026042 0.026005
1317 0.914931 0.739953 0.027778 0.030733
777 0.914062 0.703310 0.027778 0.033097
43 0.914931 0.667849 0.029514 0.030733
689 0.914062 0.633570 0.027778 0.033097
314 0.914062 0.598109 0.027778 0.028369
571 0.912326 0.563830 0.027778 0.035461
21 0.912326 0.527187 0.029514 0.033097
1316 0.909722 0.496454 0.022569 0.026005
153 0.908854 0.466903 0.024306 0.028369
1291 0.908854 0.432624 0.024306 0.030733
1277 0.907118 0.397163 0.027778 0.037825
23 0.906250 0.360520 0.026042 0.030733
129 0.907986 0.328605 0.027778 0.028369
1315 0.907986 0.297872 0.029514 0.028369
59 0.906250 0.269504 0.026042 0.026005
1314 0.907118 0.238771 0.027778 0.030733
982 0.901910 0.205674 0.031250 0.030733
1322 0.901910 0.172577 0.026042 0.033097
1321 0.901910 0.138298 0.031250 0.035461
476 0.900174 0.104019 0.026042 0.030733
1320 0.900174 0.068558 0.029514 0.033097
