0 0.093322 0.914458 0.027397 0.024096
0 0.093322 0.851807 0.022260 0.031325
0 0.095034 0.819277 0.029110 0.031325
0 0.092466 0.785542 0.023973 0.028916
0 0.095890 0.751807 0.022260 0.028916
0 0.095034 0.719277 0.025685 0.028916
0 0.095890 0.685542 0.027397 0.033735
0 0.097603 0.645783 0.025685 0.036145
0 0.099315 0.607229 0.029110 0.031325
0 0.100171 0.568675 0.027397 0.040964
0 0.101884 0.524096 0.027397 0.036145
0 0.103596 0.475904 0.027397 0.043373
0 0.106164 0.432530 0.029110 0.038554
0 0.107021 0.392771 0.029110 0.033735
0 0.106164 0.357831 0.023973 0.031325
0 0.108733 0.316867 0.020548 0.038554
0 0.110445 0.277108 0.029110 0.031325
0 0.110445 0.237349 0.030822 0.040964
0 0.140411 0.813253 0.022260 0.031325
0 0.141267 0.775904 0.029110 0.036145
0 0.141267 0.739759 0.025685 0.028916
0 0.144692 0.708434 0.030822 0.033735
0 0.144692 0.665060 0.025685 0.043373
0 0.146404 0.621687 0.025685 0.038554
0 0.148116 0.581928 0.020548 0.038554
0 0.148973 0.542169 0.027397 0.036145
0 0.150685 0.500000 0.022260 0.038554
0 0.151541 0.462651 0.025685 0.033735
0 0.149829 0.425301 0.027397 0.031325
0 0.150685 0.392771 0.023973 0.028916
0 0.152397 0.361446 0.020548 0.026506
0 0.152397 0.331325 0.025685 0.031325
0 0.153253 0.292771 0.025685 0.040964
0 0.155822 0.249398 0.027397 0.038554
0 0.154966 0.207229 0.025685 0.033735
0 0.155822 0.172289 0.023973 0.028916
0 0.182363 0.868675 0.023973 0.028916
0 0.183219 0.832530 0.023973 0.033735
0 0.183219 0.795181 0.023973 0.036145
0 0.183219 0.757831 0.030822 0.036145
0 0.183219 0.721687 0.025685 0.031325
0 0.187500 0.683133 0.025685 0.038554
0 0.188356 0.642169 0.025685 0.033735
0 0.188356 0.609639 0.023973 0.031325
0 0.190068 0.574699 0.023973 0.033735
0 0.190925 0.544578 0.022260 0.024096
0 0.191781 0.514458 0.029110 0.036145
0 0.192637 0.478313 0.025685 0.036145
0 0.194349 0.432530 0.022260 0.038554
0 0.194349 0.400000 0.018836 0.021687
0 0.196918 0.367470 0.023973 0.036145
0 0.198630 0.332530 0.029110 0.028916
0 0.196918 0.300000 0.027397 0.026506
0 0.200342 0.260241 0.023973 0.043373
0 0.199486 0.221687 0.029110 0.028916
0 0.228596 0.745783 0.023973 0.033735
0 0.231164 0.708434 0.027397 0.040964
0 0.232021 0.660241 0.027397 0.043373
0 0.232021 0.615663 0.027397 0.040964
0 0.232877 0.575904 0.029110 0.031325
0 0.235445 0.542169 0.027397 0.031325
0 0.236301 0.509639 0.029110 0.028916
0 0.238014 0.480723 0.023973 0.028916
0 0.238870 0.449398 0.025685 0.028916
0 0.238014 0.421687 0.023973 0.026506
0 0.240582 0.385542 0.030822 0.038554
0 0.241438 0.345783 0.025685 0.036145
0 0.242295 0.308434 0.022260 0.033735
0 0.243151 0.271084 0.030822 0.036145
0 0.244863 0.231325 0.025685 0.038554
0 0.245719 0.192771 0.027397 0.031325
0 0.245719 0.160241 0.023973 0.026506
1083 0.273116 0.746988 0.023973 0.036145
760 0.274829 0.708434 0.025685 0.036145
759 0.274829 0.668675 0.023973 0.038554
151 0.273973 0.633735 0.027397 0.028916
34 0.278253 0.602410 0.029110 0.028916
17 0.279110 0.562651 0.027397 0.038554
14 0.280822 0.525301 0.030822 0.028916
197 0.282534 0.491566 0.029110 0.031325
24 0.284247 0.455422 0.025685 0.036145
26 0.285103 0.418072 0.029110 0.033735
96 0.286815 0.378313 0.032534 0.036145
546 0.286815 0.339759 0.025685 0.033735
30 0.287671 0.304819 0.023973 0.033735
203 0.288527 0.269880 0.027397 0.036145
109 0.289384 0.237349 0.027397 0.026506
411 0.290240 0.203614 0.025685 0.033735
168 0.317637 0.914458 0.030822 0.043373
168 0.320205 0.848193 0.027397 0.031325
168 0.319349 0.809639 0.030822 0.036145
168 0.320205 0.774699 0.027397 0.026506
168 0.321062 0.738554 0.027397 0.038554
782 0.321062 0.702410 0.027397 0.028916
67 0.321918 0.669880 0.025685 0.033735
279 0.321918 0.636145 0.027397 0.026506
279 0.322774 0.598795 0.029110 0.038554
44 0.325342 0.560241 0.027397 0.028916
641 0.325342 0.528916 0.030822 0.028916
179 0.326199 0.498795 0.027397 0.028916
163 0.327911 0.472289 0.025685 0.021687
42 0.328767 0.446988 0.022260 0.024096
641 0.330479 0.416867 0.022260 0.031325
179 0.332192 0.380723 0.025685 0.033735
129 0.333904 0.345783 0.027397 0.031325
255 0.332192 0.306024 0.030822 0.040964
101 0.333904 0.265060 0.029110 0.038554
164 0.333904 0.225301 0.029110 0.031325
44 0.335616 0.195181 0.023973 0.026506
43 0.363014 0.808434 0.029110 0.031325
333 0.363870 0.778313 0.030822 0.028916
122 0.363870 0.745783 0.025685 0.033735
112 0.365582 0.702410 0.029110 0.040964
955 0.369007 0.660241 0.027397 0.036145
183 0.368151 0.619277 0.027397 0.038554
112 0.371575 0.573494 0.030822 0.043373
823 0.371575 0.530120 0.029110 0.038554
44 0.372432 0.492771 0.027397 0.031325
655 0.374144 0.455422 0.029110 0.038554
38 0.375000 0.414458 0.025685 0.036145
37 0.377568 0.378313 0.029110 0.031325
85 0.376712 0.345783 0.025685 0.026506
340 0.377568 0.316867 0.022260 0.026506
43 0.375856 0.287952 0.027397 0.031325
253 0.377568 0.251807 0.025685 0.031325
114 0.379281 0.210843 0.027397 0.036145
64 0.380993 0.172289 0.022260 0.033735
71 0.410959 0.848193 0.023973 0.036145
64 0.410959 0.813253 0.020548 0.031325
795 0.412671 0.778313 0.029110 0.033735
655 0.411815 0.744578 0.025685 0.031325
38 0.412671 0.715663 0.020548 0.026506
37 0.411815 0.686747 0.027397 0.028916
36 0.416096 0.651807 0.027397 0.036145
35 0.416952 0.615663 0.022260 0.033735
329 0.417808 0.572289 0.025685 0.038554
207 0.419521 0.530120 0.029110 0.036145
309 0.421233 0.492771 0.032534 0.026506
151 0.422089 0.462651 0.027397 0.028916
16 0.422089 0.430120 0.025685 0.028916
869 0.423801 0.387952 0.029110 0.043373
281 0.423801 0.349398 0.023973 0.031325
583 0.422945 0.316867 0.029110 0.026506
78 0.425514 0.278313 0.022260 0.038554
549 0.426370 0.245783 0.029110 0.026506
140 0.427226 0.213253 0.025685 0.031325
77 0.427226 0.173494 0.029110 0.033735
160 0.428938 0.138554 0.029110 0.031325
159 0.428938 0.108434 0.030822 0.028916
340 0.455479 0.937349 0.029110 0.021687
133 0.456336 0.910843 0.027397 0.028916
35 0.458048 0.884337 0.023973 0.026506
329 0.458048 0.850602 0.029110 0.031325
641 0.457192 0.816867 0.023973 0.031325
179 0.459760 0.785542 0.018836 0.028916
198 0.459760 0.754217 0.023973 0.028916
10 0.462329 0.724096 0.027397 0.026506
255 0.462329 0.692771 0.025685 0.033735
64 0.464897 0.657831 0.029110 0.033735
549 0.464041 0.616867 0.025685 0.038554
140 0.464897 0.580723 0.027397 0.026506
164 0.464041 0.548193 0.022260 0.031325
0 0.466610 0.512048 0.025685 0.031325
35 0.464897 0.478313 0.023973 0.033735
0 0.468322 0.443373 0.030822 0.033735
0 0.469178 0.408434 0.032534 0.033735
0 0.470034 0.371084 0.030822 0.036145
0 0.471747 0.334940 0.027397 0.033735
0 0.471747 0.293976 0.025685 0.038554
0 0.471747 0.257831 0.027397 0.028916
0 0.471747 0.225301 0.023973 0.028916
0 0.472603 0.189157 0.029110 0.038554
0 0.471747 0.153012 0.030822 0.031325
0 0.475171 0.119277 0.030822 0.036145
0 0.566781 0.915663 0.029110 0.026506
0 0.565068 0.886747 0.025685 0.028916
0 0.565925 0.848193 0.030822 0.036145
0 0.565925 0.808434 0.029110 0.038554
0 0.563356 0.769880 0.029110 0.031325
0 0.562500 0.731325 0.027397 0.036145
0 0.559932 0.691566 0.023973 0.036145
0 0.559932 0.655422 0.029110 0.028916
0 0.559075 0.625301 0.025685 0.026506
0 0.558219 0.592771 0.023973 0.031325
0 0.557363 0.561446 0.022260 0.031325
0 0.557363 0.528916 0.023973 0.028916
0 0.556507 0.495181 0.022260 0.033735
0 0.553938 0.454217 0.027397 0.038554
0 0.554795 0.412048 0.030822 0.036145
0 0.554795 0.374699 0.029110 0.031325
0 0.552226 0.340964 0.023973 0.028916
0 0.553082 0.309639 0.022260 0.028916
0 0.552226 0.281928 0.022260 0.026506
0 0.552226 0.246988 0.027397 0.038554
0 0.551370 0.209639 0.022260 0.028916
0 0.551370 0.179518 0.023973 0.024096
0 0.550514 0.151807 0.023973 0.028916
0 0.548801 0.118072 0.023973 0.031325
0 0.597603 0.298795 0.027397 0.043373
0 0.595034 0.251807 0.023973 0.040964
0 0.594178 0.210843 0.032534 0.036145
0 0.595034 0.171084 0.030822 0.031325
0 0.592466 0.137349 0.025685 0.028916
0 0.589897 0.107229 0.020548 0.024096
0 0.658390 0.793976 0.029110 0.036145
0 0.659247 0.756627 0.025685 0.036145
0 0.656678 0.716867 0.034247 0.038554
0 0.656678 0.678313 0.027397 0.031325
0 0.656678 0.642169 0.029110 0.038554
0 0.654110 0.598795 0.027397 0.038554
0 0.652397 0.561446 0.030822 0.028916
0 0.650685 0.522892 0.023973 0.038554
0 0.652397 0.481928 0.025685 0.036145
0 0.650685 0.445783 0.030822 0.033735
0 0.647260 0.408434 0.027397 0.031325
0 0.648116 0.373494 0.032534 0.033735
0 0.645548 0.336145 0.029110 0.031325
0 0.642979 0.304819 0.023973 0.028916
0 0.641267 0.274699 0.027397 0.031325
0 0.640411 0.239759 0.022260 0.033735
0 0.641267 0.200000 0.034247 0.033735
0 0.705479 0.773494 0.030822 0.036145
0 0.703767 0.728916 0.029110 0.043373
0 0.703767 0.685542 0.023973 0.031325
0 0.702055 0.645783 0.027397 0.043373
0 0.702911 0.602410 0.029110 0.031325
0 0.699486 0.565060 0.025685 0.036145
0 0.699486 0.522892 0.029110 0.038554
0 0.696918 0.481928 0.029110 0.031325
0 0.696918 0.442169 0.030822 0.038554
0 0.693493 0.402410 0.030822 0.036145
0 0.692637 0.361446 0.025685 0.033735
0 0.691781 0.324096 0.025685 0.033735
0 0.689212 0.287952 0.027397 0.036145
0 0.688356 0.256627 0.022260 0.021687
0 0.688356 0.226506 0.032534 0.028916
264 0.754281 0.755422 0.027397 0.038554
38 0.752568 0.718072 0.029110 0.028916
37 0.751712 0.681928 0.025685 0.033735
36 0.751712 0.642169 0.029110 0.031325
35 0.750000 0.609639 0.034247 0.026506
630 0.748288 0.583133 0.025685 0.026506
44 0.746575 0.546988 0.025685 0.033735
251 0.747432 0.507229 0.027397 0.036145
34 0.745719 0.467470 0.023973 0.036145
0 0.742295 0.430120 0.030822 0.036145
0 0.742295 0.393976 0.023973 0.033735
0 0.740582 0.356627 0.029110 0.033735
0 0.740582 0.321687 0.030822 0.033735
0 0.738014 0.290361 0.020548 0.021687
0 0.738014 0.257831 0.032534 0.033735
641 0.801370 0.722892 0.027397 0.038554
179 0.803082 0.683133 0.029110 0.036145
11 0.799658 0.643373 0.027397 0.028916
255 0.799658 0.608434 0.025685 0.031325
64 0.798801 0.573494 0.032534 0.031325
456 0.796233 0.534940 0.030822 0.031325
255 0.792808 0.498795 0.025685 0.028916
164 0.792808 0.467470 0.020548 0.026506
268 0.789384 0.438554 0.027397 0.028916
281 0.789384 0.401205 0.023973 0.036145
257 0.789384 0.361446 0.032534 0.033735
765 0.786815 0.324096 0.027397 0.033735
160 0.785959 0.285542 0.029110 0.033735
159 0.785103 0.249398 0.023973 0.028916
23 0.851884 0.831325 0.027397 0.040964
1082 0.851884 0.787952 0.030822 0.031325
23 0.850171 0.744578 0.032534 0.040964
163 0.851884 0.703614 0.029110 0.036145
1081 0.849315 0.663855 0.029110 0.031325
475 0.846747 0.627711 0.025685 0.031325
221 0.845034 0.590361 0.029110 0.033735
253 0.845034 0.549398 0.027397 0.040964
114 0.844178 0.508434 0.030822 0.031325
64 0.843322 0.473494 0.025685 0.028916
676 0.843322 0.443373 0.020548 0.028916
257 0.841610 0.415663 0.022260 0.026506
823 0.840753 0.381928 0.030822 0.031325
91 0.838185 0.343373 0.029110 0.038554
16 0.838185 0.304819 0.022260 0.028916
21 0.834760 0.268675 0.025685 0.038554
71 0.834760 0.232530 0.025685 0.031325
821 0.893836 0.678313 0.027397 0.031325
122 0.892123 0.640964 0.023973 0.036145
820 0.889555 0.602410 0.025685 0.031325
570 0.888699 0.569880 0.029110 0.028916
621 0.886130 0.534940 0.027397 0.031325
338 0.884418 0.506024 0.029110 0.021687
991 0.885274 0.474699 0.027397 0.036145
360 0.886130 0.439759 0.025685 0.031325
223 0.884418 0.403614 0.023973 0.031325
21 0.882705 0.367470 0.029110 0.038554
725 0.883562 0.325301 0.030822 0.031325
68 0.881849 0.290361 0.029110 0.031325
76 0.878425 0.254217 0.030822 0.038554
549 0.878425 0.210843 0.027397 0.036145
28 0.942637 0.855422 0.025685 0.026506
146 0.941781 0.822892 0.027397 0.031325
280 0.940925 0.793976 0.023973 0.024096
279 0.939212 0.761446 0.027397 0.033735
28 0.940068 0.724096 0.025685 0.033735
495 0.939212 0.687952 0.020548 0.031325
318 0.937500 0.650602 0.025685 0.038554
1079 0.938356 0.614458 0.020548 0.024096
1078 0.934932 0.580723 0.030822 0.036145
146 0.934075 0.545783 0.023973 0.026506
37 0.931507 0.506024 0.029110 0.038554
203 0.931507 0.468675 0.025685 0.033735
150 0.930651 0.433735 0.029110 0.031325
43 0.928938 0.395181 0.032534 0.036145
303 0.928082 0.357831 0.029110 0.028916
159 0.927226 0.324096 0.025685 0.028916
1080 0.927226 0.292771 0.022260 0.028916
967 0.925514 0.263855 0.025685 0.026506
83 0.925514 0.232530 0.029110 0.033735
112 0.923801 0.192771 0.025685 0.036145
