0 0.094068 0.940098 0.030508 0.026895
0 0.094915 0.911980 0.028814 0.026895
0 0.094915 0.882641 0.030508 0.031785
0 0.093220 0.845966 0.022034 0.029340
0 0.094915 0.811736 0.018644 0.031785
0 0.094915 0.777506 0.020339 0.031785
0 0.098305 0.734719 0.028814 0.041565
0 0.098305 0.694377 0.027119 0.034230
0 0.098305 0.657702 0.027119 0.034230
0 0.096610 0.612469 0.032203 0.041565
0 0.100000 0.570905 0.030508 0.031785
0 0.098305 0.535452 0.023729 0.031785
0 0.099153 0.500000 0.020339 0.029340
0 0.097458 0.468215 0.027119 0.031785
0 0.099153 0.430318 0.027119 0.029340
0 0.100000 0.391198 0.027119 0.041565
0 0.100847 0.344743 0.028814 0.036675
0 0.103390 0.308068 0.030508 0.036675
0 0.105085 0.264059 0.020339 0.039120
0 0.109322 0.224939 0.028814 0.031785
0 0.109322 0.189487 0.023729 0.034230
0 0.109322 0.151589 0.030508 0.036675
0 0.110169 0.112469 0.025424 0.034230
0 0.110169 0.079462 0.025424 0.029340
0 0.139831 0.937653 0.032203 0.034230
0 0.138136 0.899756 0.030508 0.036675
0 0.141525 0.860636 0.027119 0.029340
0 0.141525 0.823961 0.027119 0.036675
0 0.141525 0.784841 0.023729 0.031785
0 0.142373 0.745721 0.027119 0.031785
0 0.142373 0.706601 0.027119 0.031785
0 0.144068 0.667482 0.027119 0.034230
0 0.145763 0.632029 0.023729 0.029340
0 0.146610 0.596577 0.028814 0.034230
0 0.147458 0.561125 0.030508 0.031785
0 0.146610 0.524450 0.023729 0.031785
0 0.149153 0.491443 0.018644 0.031785
0 0.149153 0.458435 0.023729 0.029340
0 0.148305 0.425428 0.028814 0.029340
0 0.153390 0.386308 0.027119 0.034230
0 0.152542 0.338631 0.027119 0.048900
0 0.151695 0.284841 0.030508 0.046455
0 0.152542 0.234719 0.027119 0.041565
0 0.152542 0.195599 0.025424 0.031785
0 0.155932 0.156479 0.020339 0.036675
0 0.156780 0.083130 0.030508 0.034230
0 0.183898 0.888753 0.028814 0.034230
0 0.185593 0.808068 0.027119 0.031785
0 0.186441 0.771394 0.028814 0.029340
0 0.186441 0.737164 0.022034 0.029340
0 0.187288 0.704156 0.018644 0.034230
0 0.188136 0.669927 0.020339 0.029340
0 0.191525 0.630807 0.033898 0.031785
0 0.192373 0.594132 0.027119 0.039120
0 0.194068 0.552567 0.030508 0.029340
0 0.193220 0.513447 0.030508 0.041565
0 0.194915 0.464548 0.030508 0.046455
0 0.195763 0.421760 0.028814 0.031785
0 0.195763 0.386308 0.023729 0.031785
0 0.198305 0.352078 0.023729 0.034230
0 0.199153 0.315403 0.027119 0.034230
0 0.199153 0.279951 0.028814 0.029340
0 0.200847 0.244499 0.025424 0.034230
0 0.201695 0.207824 0.028814 0.031785
0 0.233051 0.946210 0.028814 0.026895
0 0.233051 0.913203 0.030508 0.039120
0 0.232203 0.869193 0.022034 0.036675
0 0.233898 0.825183 0.030508 0.044010
0 0.234746 0.778729 0.028814 0.036675
0 0.235593 0.744499 0.022034 0.019560
0 0.235593 0.712714 0.027119 0.036675
0 0.233898 0.672372 0.027119 0.036675
0 0.237288 0.636919 0.020339 0.026895
0 0.238136 0.603912 0.020339 0.034230
0 0.238136 0.569682 0.022034 0.029340
0 0.238983 0.533007 0.025424 0.036675
0 0.240678 0.498778 0.022034 0.031785
38 0.243220 0.463325 0.027119 0.029340
0 0.242373 0.425428 0.033898 0.036675
37 0.244915 0.381418 0.028814 0.041565
671 0.246610 0.341076 0.030508 0.036675
236 0.245763 0.298289 0.030508 0.041565
315 0.247458 0.257946 0.028814 0.031785
564 0.245763 0.224939 0.023729 0.031785
316 0.246610 0.189487 0.025424 0.031785
670 0.246610 0.156479 0.027119 0.029340
669 0.248305 0.125917 0.030508 0.029340
598 0.248305 0.088020 0.030508 0.041565
21 0.277119 0.941320 0.027119 0.026895
463 0.277119 0.913203 0.030508 0.031785
224 0.277966 0.877751 0.027119 0.031785
38 0.277966 0.842298 0.030508 0.031785
37 0.277966 0.805623 0.022034 0.029340
21 0.279661 0.771394 0.020339 0.029340
26 0.278814 0.739609 0.023729 0.029340
96 0.279661 0.700489 0.030508 0.034230
315 0.283051 0.658924 0.023729 0.031785
546 0.283051 0.622249 0.023729 0.031785
136 0.283898 0.581907 0.030508 0.041565
116 0.287288 0.535452 0.027119 0.044010
29 0.288136 0.492665 0.030508 0.034230
28 0.287288 0.452323 0.032203 0.041565
668 0.291525 0.404645 0.025424 0.044010
667 0.291525 0.365526 0.027119 0.034230
317 0.292373 0.331296 0.025424 0.029340
153 0.293220 0.297066 0.023729 0.031785
407 0.294068 0.260391 0.028814 0.034230
214 0.295763 0.223716 0.025424 0.036675
213 0.296610 0.184597 0.027119 0.036675
91 0.294915 0.149144 0.028814 0.031785
16 0.296610 0.113692 0.023729 0.029340
316 0.294915 0.081907 0.023729 0.031785
214 0.327119 0.932763 0.027119 0.041565
213 0.324576 0.887531 0.023729 0.029340
91 0.326271 0.842298 0.025424 0.044010
16 0.327966 0.797066 0.025424 0.031785
316 0.328814 0.759169 0.027119 0.034230
64 0.327966 0.720049 0.023729 0.034230
109 0.327966 0.683374 0.020339 0.031785
67 0.327966 0.650367 0.023729 0.029340
157 0.330508 0.613692 0.023729 0.034230
38 0.330508 0.572127 0.028814 0.034230
37 0.331356 0.533007 0.022034 0.034230
31 0.333051 0.496333 0.023729 0.034230
163 0.333898 0.452323 0.023729 0.039120
198 0.334746 0.411980 0.018644 0.031785
10 0.334746 0.378973 0.020339 0.031785
639 0.337288 0.334963 0.027119 0.044010
202 0.336441 0.286064 0.020339 0.039120
639 0.337288 0.242054 0.027119 0.044010
639 0.339831 0.194377 0.022034 0.044010
639 0.339831 0.157702 0.022034 0.029340
407 0.338983 0.122249 0.022034 0.034230
157 0.338983 0.088020 0.023729 0.036675
44 0.373729 0.942543 0.028814 0.031785
353 0.373729 0.905868 0.027119 0.034230
165 0.375424 0.869193 0.023729 0.031785
58 0.377966 0.830073 0.027119 0.041565
64 0.376271 0.789731 0.025424 0.031785
157 0.374576 0.750611 0.027119 0.036675
38 0.374576 0.709046 0.028814 0.036675
37 0.375424 0.665037 0.030508 0.031785
86 0.377966 0.630807 0.028814 0.024450
45 0.379661 0.592910 0.027119 0.041565
192 0.379661 0.545232 0.030508 0.041565
44 0.379661 0.502445 0.025424 0.036675
163 0.380508 0.460880 0.028814 0.036675
138 0.380508 0.419315 0.027119 0.041565
294 0.381356 0.381418 0.030508 0.034230
77 0.382203 0.342298 0.028814 0.034230
84 0.384746 0.301956 0.025424 0.039120
183 0.384746 0.261614 0.023729 0.034230
666 0.384746 0.222494 0.030508 0.034230
67 0.385593 0.188264 0.030508 0.031785
665 0.385593 0.151589 0.027119 0.031785
664 0.384746 0.121027 0.027119 0.026895
174 0.385593 0.086797 0.025424 0.034230
233 0.417797 0.936430 0.030508 0.044010
121 0.416949 0.896088 0.030508 0.031785
68 0.416102 0.859413 0.020339 0.031785
209 0.417797 0.823961 0.018644 0.034230
229 0.418644 0.790954 0.022034 0.029340
448 0.421186 0.754279 0.027119 0.034230
23 0.421186 0.718826 0.025424 0.026895
663 0.422881 0.682152 0.027119 0.036675
44 0.422034 0.649144 0.027119 0.029340
50 0.421186 0.614914 0.020339 0.031785
345 0.423729 0.585575 0.027119 0.026895
112 0.424576 0.552567 0.027119 0.034230
64 0.426271 0.512225 0.027119 0.031785
42 0.425424 0.474328 0.027119 0.036675
662 0.426271 0.440098 0.028814 0.031785
335 0.427119 0.402200 0.030508 0.036675
661 0.429661 0.364303 0.027119 0.031785
660 0.428814 0.328851 0.028814 0.031785
395 0.427966 0.292176 0.027119 0.034230
335 0.427966 0.253056 0.027119 0.034230
294 0.428814 0.216381 0.020339 0.034230
214 0.430508 0.183374 0.032203 0.029340
213 0.431356 0.152812 0.027119 0.029340
91 0.431356 0.119804 0.025424 0.026895
16 0.431356 0.088020 0.027119 0.031785
0 0.461864 0.955990 0.028814 0.026895
0 0.462712 0.931540 0.023729 0.026895
0 0.461864 0.903423 0.025424 0.031785
0 0.464407 0.869193 0.025424 0.031785
0 0.466102 0.825183 0.030508 0.039120
0 0.467797 0.786064 0.023729 0.031785
0 0.466949 0.754279 0.027119 0.024450
0 0.466949 0.721271 0.025424 0.031785
0 0.466949 0.685819 0.028814 0.031785
0 0.466949 0.649144 0.027119 0.034230
0 0.468644 0.611247 0.023729 0.031785
0 0.471186 0.574572 0.023729 0.031785
0 0.470339 0.542787 0.028814 0.026895
0 0.471186 0.509780 0.028814 0.031785
0 0.472881 0.477995 0.027119 0.029340
0 0.472034 0.442543 0.023729 0.034230
0 0.470339 0.403423 0.030508 0.034230
0 0.472034 0.364303 0.028814 0.036675
0 0.472881 0.320293 0.023729 0.041565
0 0.474576 0.278729 0.020339 0.036675
0 0.476271 0.244499 0.027119 0.029340
0 0.475424 0.210269 0.025424 0.034230
0 0.474576 0.169927 0.028814 0.039120
0 0.476271 0.132029 0.022034 0.026895
0 0.477119 0.097800 0.028814 0.034230
0 0.565254 0.954768 0.023729 0.026895
0 0.566102 0.925428 0.018644 0.026895
0 0.565254 0.897311 0.022034 0.029340
0 0.563559 0.854523 0.033898 0.046455
0 0.562712 0.800733 0.027119 0.044010
0 0.564407 0.759169 0.027119 0.036675
0 0.564407 0.721271 0.028814 0.031785
0 0.564407 0.687042 0.025424 0.034230
0 0.563559 0.647922 0.030508 0.034230
0 0.561864 0.606357 0.025424 0.031785
0 0.562712 0.573350 0.020339 0.031785
0 0.561017 0.536675 0.023729 0.039120
0 0.561864 0.492665 0.023729 0.041565
0 0.563559 0.454768 0.035593 0.031785
0 0.565254 0.419315 0.027119 0.031785
0 0.564407 0.375306 0.027119 0.044010
0 0.561864 0.331296 0.025424 0.036675
0 0.561864 0.292176 0.025424 0.036675
0 0.561864 0.250611 0.028814 0.036675
0 0.560169 0.210269 0.023729 0.044010
0 0.558475 0.165037 0.027119 0.039120
0 0.559322 0.124694 0.027119 0.041565
0 0.558475 0.083130 0.027119 0.036675
0 0.615254 0.958435 0.027119 0.024450
0 0.615254 0.927873 0.025424 0.031785
0 0.614407 0.892421 0.027119 0.034230
0 0.614407 0.848411 0.022034 0.039120
0 0.613559 0.810513 0.028814 0.029340
0 0.611864 0.771394 0.025424 0.036675
0 0.611017 0.729829 0.023729 0.036675
0 0.609322 0.693154 0.025424 0.034230
0 0.610169 0.655257 0.027119 0.036675
0 0.610169 0.619804 0.030508 0.029340
0 0.610169 0.590465 0.030508 0.029340
0 0.609322 0.553790 0.025424 0.034230
0 0.609322 0.514670 0.028814 0.036675
0 0.607627 0.475550 0.027119 0.039120
0 0.606780 0.431540 0.032203 0.041565
0 0.608475 0.382641 0.025424 0.041565
0 0.605932 0.342298 0.028814 0.036675
0 0.605932 0.300733 0.028814 0.034230
0 0.605932 0.265281 0.028814 0.036675
0 0.605085 0.224939 0.030508 0.041565
0 0.605085 0.184597 0.030508 0.034230
0 0.603390 0.146699 0.025424 0.031785
0 0.603390 0.112469 0.022034 0.031785
0 0.602542 0.079462 0.022034 0.031785
0 0.659322 0.935208 0.022034 0.034230
0 0.659322 0.896088 0.023729 0.039120
0 0.661864 0.850856 0.020339 0.041565
0 0.661017 0.806846 0.030508 0.034230
0 0.659322 0.770171 0.028814 0.031785
0 0.660169 0.738386 0.030508 0.026895
0 0.658475 0.698044 0.030508 0.048900
0 0.661017 0.651589 0.033898 0.034230
0 0.658475 0.612469 0.028814 0.036675
0 0.659322 0.572127 0.028814 0.036675
0 0.657627 0.524450 0.030508 0.044010
0 0.657627 0.480440 0.030508 0.036675
0 0.657627 0.437653 0.027119 0.034230
0 0.657627 0.399756 0.022034 0.034230
0 0.660169 0.356968 0.027119 0.044010
0 0.658475 0.314181 0.028814 0.036675
0 0.655932 0.268949 0.032203 0.044010
0 0.655932 0.226161 0.032203 0.034230
0 0.654237 0.188264 0.027119 0.031785
0 0.654237 0.155257 0.022034 0.026895
0 0.653390 0.122249 0.022034 0.029340
0 0.653390 0.081907 0.032203 0.039120
0 0.711017 0.931540 0.023729 0.039120
0 0.711017 0.893643 0.032203 0.039120
0 0.711864 0.852078 0.032203 0.031785
0 0.709322 0.815403 0.032203 0.031785
0 0.711864 0.776284 0.030508 0.039120
0 0.711864 0.733496 0.028814 0.034230
0 0.710169 0.694377 0.028814 0.036675
0 0.709322 0.657702 0.023729 0.024450
0 0.707627 0.624694 0.033898 0.034230
0 0.705932 0.588020 0.023729 0.029340
0 0.707627 0.555012 0.020339 0.029340
0 0.705932 0.519560 0.022034 0.034230
0 0.705932 0.479218 0.028814 0.036675
0 0.705085 0.431540 0.032203 0.044010
0 0.705085 0.381418 0.030508 0.039120
0 0.703390 0.339853 0.027119 0.034230
0 0.702542 0.303178 0.028814 0.034230
0 0.701695 0.266504 0.030508 0.031785
0 0.702542 0.232274 0.030508 0.039120
0 0.700000 0.191932 0.028814 0.034230
0 0.698305 0.152812 0.027119 0.034230
0 0.697458 0.116137 0.028814 0.034230
0 0.698305 0.075795 0.027119 0.036675
136 0.760169 0.932763 0.027119 0.036675
163 0.761017 0.893643 0.025424 0.031785
182 0.759322 0.855746 0.028814 0.034230
38 0.760169 0.821516 0.025424 0.029340
37 0.759322 0.787286 0.027119 0.031785
21 0.760169 0.750611 0.025424 0.034230
292 0.756780 0.711491 0.025424 0.036675
153 0.758475 0.669927 0.025424 0.036675
407 0.755085 0.630807 0.020339 0.031785
213 0.754237 0.601467 0.022034 0.026895
659 0.754237 0.564792 0.030508 0.039120
91 0.753390 0.517115 0.032203 0.046455
16 0.751695 0.468215 0.030508 0.039120
641 0.750847 0.426650 0.025424 0.034230
407 0.750000 0.388753 0.028814 0.034230
214 0.750000 0.349633 0.030508 0.036675
213 0.749153 0.310513 0.027119 0.041565
91 0.746610 0.267726 0.030508 0.036675
16 0.746610 0.229829 0.027119 0.036675
316 0.746610 0.191932 0.027119 0.034230
640 0.747458 0.154034 0.027119 0.041565
130 0.746610 0.112469 0.027119 0.036675
21 0.744068 0.072127 0.030508 0.039120
243 0.808475 0.944988 0.027119 0.024450
91 0.807627 0.919315 0.027119 0.029340
199 0.808475 0.887531 0.025424 0.029340
656 0.807627 0.844743 0.030508 0.041565
655 0.805932 0.799511 0.032203 0.031785
38 0.804237 0.762836 0.028814 0.034230
37 0.805932 0.728606 0.028814 0.029340
203 0.802542 0.688264 0.030508 0.041565
68 0.802542 0.645477 0.032203 0.031785
136 0.801695 0.607579 0.028814 0.034230
240 0.801695 0.568460 0.030508 0.031785
644 0.800847 0.524450 0.030508 0.046455
639 0.800847 0.481663 0.022034 0.029340
153 0.800000 0.440098 0.027119 0.046455
157 0.799153 0.399756 0.028814 0.031785
38 0.800847 0.361858 0.027119 0.031785
37 0.800847 0.325183 0.023729 0.029340
21 0.799153 0.294621 0.023729 0.031785
658 0.798305 0.256724 0.030508 0.031785
407 0.799153 0.216381 0.028814 0.036675
172 0.796610 0.185819 0.028814 0.024450
171 0.792373 0.155257 0.035593 0.022005
657 0.794915 0.123472 0.032203 0.036675
136 0.794068 0.078240 0.032203 0.044010
654 0.857627 0.929095 0.033898 0.046455
108 0.856780 0.886308 0.030508 0.031785
67 0.855085 0.848411 0.025424 0.031785
165 0.853390 0.808068 0.028814 0.039120
345 0.854237 0.766504 0.025424 0.034230
653 0.853390 0.734719 0.020339 0.029340
68 0.852542 0.705379 0.025424 0.029340
59 0.854237 0.669927 0.028814 0.036675
89 0.852542 0.624694 0.030508 0.044010
38 0.850847 0.581907 0.030508 0.034230
37 0.851695 0.541565 0.032203 0.031785
114 0.852542 0.508557 0.030508 0.031785
91 0.850847 0.471883 0.027119 0.031785
652 0.851695 0.433985 0.030508 0.034230
76 0.850000 0.396088 0.025424 0.036675
50 0.848305 0.356968 0.030508 0.036675
345 0.849153 0.316626 0.030508 0.036675
284 0.847458 0.276284 0.028814 0.036675
68 0.848305 0.237164 0.028814 0.036675
349 0.845763 0.202934 0.020339 0.026895
23 0.844068 0.173594 0.023729 0.029340
133 0.842373 0.141809 0.030508 0.029340
30 0.841525 0.106357 0.030508 0.036675
163 0.843220 0.064792 0.028814 0.034230
64 0.908475 0.922983 0.028814 0.031785
165 0.905932 0.887531 0.025424 0.029340
649 0.905932 0.854523 0.022034 0.034230
395 0.907627 0.815403 0.028814 0.036675
335 0.906780 0.776284 0.028814 0.031785
294 0.905932 0.742054 0.028814 0.029340
21 0.905932 0.706601 0.030508 0.044010
568 0.903390 0.658924 0.030508 0.044010
335 0.904237 0.612469 0.030508 0.046455
294 0.900847 0.563570 0.030508 0.034230
214 0.902542 0.525672 0.025424 0.029340
213 0.902542 0.486553 0.030508 0.036675
91 0.901695 0.454768 0.025424 0.019560
16 0.901695 0.422983 0.028814 0.036675
316 0.899153 0.382641 0.032203 0.031785
136 0.899153 0.343521 0.020339 0.026895
222 0.899153 0.312958 0.020339 0.029340
77 0.897458 0.282396 0.025424 0.026895
628 0.898305 0.248166 0.027119 0.034230
651 0.897458 0.213936 0.028814 0.034230
110 0.897458 0.178484 0.030508 0.031785
183 0.895763 0.140587 0.027119 0.031785
650 0.896610 0.100244 0.032203 0.036675
349 0.896610 0.063570 0.033898 0.036675
165 0.950847 0.550122 0.027119 0.039120
584 0.948305 0.497555 0.025424 0.044010
170 0.945763 0.453545 0.028814 0.031785
214 0.944915 0.414425 0.023729 0.031785
213 0.945763 0.380196 0.020339 0.031785
91 0.944068 0.344743 0.025424 0.036675
16 0.945763 0.297066 0.027119 0.041565
45 0.944915 0.248166 0.025424 0.041565
640 0.944915 0.200489 0.032203 0.039120
136 0.945763 0.154034 0.030508 0.039120
222 0.942373 0.112469 0.030508 0.036675
