0 0.077257 0.878251 0.026042 0.028369
0 0.076389 0.845154 0.026042 0.030733
0 0.078125 0.816785 0.027778 0.023641
0 0.078125 0.787234 0.026042 0.030733
0 0.078125 0.752955 0.024306 0.033097
0 0.078993 0.716312 0.024306 0.030733
0 0.080729 0.682033 0.031250 0.033097
0 0.079861 0.650118 0.029514 0.023641
0 0.081597 0.621749 0.029514 0.026005
0 0.081597 0.587470 0.029514 0.035461
0 0.081597 0.550827 0.031250 0.030733
0 0.083333 0.516548 0.031250 0.037825
0 0.084201 0.475177 0.029514 0.040189
0 0.085069 0.439716 0.031250 0.026005
0 0.085069 0.407801 0.029514 0.037825
0 0.084201 0.369976 0.027778 0.028369
0 0.086806 0.334515 0.029514 0.037825
0 0.085938 0.299054 0.031250 0.035461
0 0.086806 0.264775 0.024306 0.033097
0 0.086806 0.235225 0.027778 0.023641
0 0.086806 0.206856 0.031250 0.028369
1252 0.087674 0.176123 0.029514 0.033097
172 0.088542 0.137116 0.024306 0.035461
171 0.089410 0.100473 0.029514 0.035461
289 0.091146 0.068558 0.026042 0.033097
136 0.122396 0.858156 0.031250 0.035461
281 0.125000 0.825059 0.031250 0.028369
726 0.124132 0.791962 0.027778 0.030733
130 0.124132 0.752955 0.031250 0.040189
157 0.125000 0.717494 0.026042 0.023641
38 0.127604 0.690307 0.027778 0.021277
37 0.127604 0.664303 0.029514 0.033097
203 0.127604 0.632388 0.026042 0.028369
109 0.128472 0.605201 0.027778 0.026005
31 0.128472 0.578014 0.026042 0.028369
163 0.130208 0.543735 0.027778 0.035461
101 0.131944 0.502364 0.029514 0.035461
10 0.131076 0.465721 0.032986 0.030733
138 0.132812 0.425532 0.032986 0.040189
202 0.131944 0.380615 0.027778 0.042553
1455 0.133681 0.341608 0.024306 0.033097
1453 0.137153 0.310875 0.027778 0.026005
91 0.136285 0.280142 0.031250 0.035461
199 0.135417 0.238771 0.029514 0.035461
77 0.137153 0.202128 0.024306 0.035461
657 0.139757 0.164303 0.034722 0.035461
136 0.139757 0.140662 0.026042 0.028369
157 0.140625 0.107565 0.029514 0.030733
38 0.138889 0.069740 0.031250 0.040189
37 0.169271 0.789598 0.026042 0.040189
21 0.169271 0.749409 0.026042 0.035461
289 0.171007 0.710402 0.024306 0.035461
91 0.171875 0.676123 0.024306 0.030733
199 0.173611 0.646572 0.024306 0.021277
1454 0.175347 0.619385 0.027778 0.026005
21 0.176215 0.593381 0.027778 0.023641
895 0.175347 0.562648 0.029514 0.035461
87 0.177083 0.530733 0.022569 0.023641
42 0.177083 0.497636 0.027778 0.030733
207 0.178819 0.464539 0.026042 0.028369
1453 0.179688 0.431442 0.027778 0.026005
91 0.181424 0.404255 0.029514 0.021277
199 0.181424 0.377069 0.031250 0.042553
86 0.181424 0.332151 0.031250 0.035461
45 0.183160 0.300236 0.029514 0.023641
192 0.183160 0.270686 0.029514 0.028369
44 0.185764 0.238771 0.032986 0.030733
163 0.186632 0.204492 0.031250 0.030733
138 0.187500 0.165485 0.027778 0.037825
1364 0.187500 0.131206 0.029514 0.033097
199 0.218750 0.847518 0.031250 0.033097
997 0.218750 0.808511 0.031250 0.037825
367 0.218750 0.768322 0.022569 0.033097
338 0.219618 0.738771 0.026042 0.030733
77 0.222222 0.703310 0.032986 0.033097
268 0.222222 0.670213 0.031250 0.030733
253 0.223090 0.635934 0.029514 0.030733
155 0.223090 0.601655 0.031250 0.035461
154 0.223958 0.561466 0.027778 0.037825
770 0.225694 0.527187 0.029514 0.028369
455 0.227431 0.497636 0.026042 0.028369
1364 0.228299 0.470449 0.029514 0.030733
289 0.229167 0.440898 0.027778 0.026005
91 0.229167 0.417258 0.026042 0.028369
199 0.231771 0.382979 0.029514 0.035461
77 0.232639 0.346336 0.029514 0.030733
657 0.233507 0.310875 0.029514 0.037825
136 0.233507 0.275414 0.029514 0.030733
157 0.234375 0.239953 0.034722 0.033097
38 0.234375 0.202128 0.031250 0.040189
37 0.236979 0.163121 0.029514 0.035461
554 0.236111 0.131206 0.032986 0.026005
255 0.236979 0.105201 0.031250 0.030733
21 0.236979 0.068558 0.029514 0.037825
199 0.266493 0.841608 0.031250 0.023641
77 0.266493 0.812057 0.029514 0.028369
495 0.267361 0.778960 0.026042 0.030733
255 0.267361 0.760047 0.027778 0.033097
657 0.269965 0.725768 0.029514 0.033097
21 0.269965 0.691489 0.027778 0.028369
203 0.269965 0.659574 0.027778 0.028369
218 0.269965 0.630024 0.024306 0.026005
27 0.269965 0.602837 0.029514 0.026005
38 0.271701 0.572104 0.031250 0.028369
37 0.272569 0.539007 0.032986 0.030733
54 0.274306 0.504728 0.032986 0.035461
67 0.275174 0.466903 0.024306 0.035461
280 0.276042 0.427896 0.029514 0.037825
279 0.276042 0.386525 0.029514 0.035461
371 0.279514 0.353428 0.027778 0.026005
289 0.279514 0.322695 0.024306 0.028369
91 0.279514 0.287234 0.024306 0.037825
199 0.281250 0.254137 0.027778 0.026005
36 0.282118 0.225768 0.024306 0.026005
35 0.282986 0.198582 0.022569 0.028369
1064 0.284722 0.166667 0.029514 0.033097
23 0.282986 0.135934 0.029514 0.028369
77 0.284722 0.070922 0.029514 0.035461
0 0.311632 0.806147 0.022569 0.030733
0 0.313368 0.774232 0.024306 0.026005
0 0.315104 0.738771 0.024306 0.030733
0 0.315104 0.703310 0.024306 0.033097
0 0.316840 0.673759 0.026042 0.023641
0 0.315104 0.643026 0.031250 0.033097
0 0.318576 0.606383 0.026042 0.033097
0 0.319444 0.574468 0.027778 0.030733
0 0.320312 0.541371 0.029514 0.035461
0 0.322049 0.504728 0.029514 0.037825
0 0.322049 0.468085 0.029514 0.035461
0 0.321181 0.430260 0.027778 0.033097
0 0.322917 0.395981 0.031250 0.030733
0 0.325521 0.364066 0.027778 0.028369
0 0.324653 0.329787 0.027778 0.035461
0 0.324653 0.289598 0.027778 0.037825
0 0.326389 0.254137 0.029514 0.028369
0 0.327257 0.216312 0.027778 0.037825
0 0.327257 0.183215 0.026042 0.028369
0 0.327257 0.146572 0.029514 0.037825
0 0.328125 0.106383 0.029514 0.037825
0 0.329861 0.073286 0.026042 0.028369
21 0.355035 0.867612 0.024306 0.028369
1447 0.355035 0.833333 0.027778 0.033097
133 0.355035 0.797872 0.027778 0.030733
163 0.355903 0.762411 0.024306 0.035461
292 0.356771 0.728132 0.027778 0.028369
153 0.358507 0.697400 0.026042 0.023641
743 0.358507 0.669031 0.027778 0.028369
27 0.358507 0.641844 0.024306 0.023641
38 0.360243 0.615839 0.026042 0.023641
37 0.359375 0.589835 0.026042 0.026005
163 0.363715 0.557920 0.026042 0.035461
584 0.364583 0.526005 0.026042 0.026005
1396 0.366319 0.496454 0.024306 0.033097
1021 0.367188 0.464539 0.026042 0.030733
91 0.367188 0.434988 0.024306 0.030733
37 0.368056 0.395981 0.026042 0.040189
203 0.368056 0.353428 0.026042 0.040189
240 0.368924 0.316785 0.026042 0.030733
82 0.369792 0.284870 0.027778 0.030733
584 0.369792 0.252955 0.027778 0.030733
904 0.370660 0.222222 0.031250 0.030733
343 0.369792 0.186761 0.022569 0.033097
587 0.370660 0.148936 0.027778 0.037825
146 0.372396 0.112293 0.026042 0.030733
64 0.370660 0.080378 0.024306 0.030733
165 0.399306 0.855792 0.020833 0.030733
165 0.400174 0.814421 0.027778 0.037825
203 0.401042 0.778960 0.022569 0.030733
351 0.400174 0.748227 0.024306 0.030733
146 0.401042 0.726950 0.024306 0.028369
163 0.402778 0.699764 0.022569 0.023641
702 0.402778 0.670213 0.022569 0.026005
258 0.402778 0.640662 0.022569 0.030733
1228 0.402778 0.609929 0.022569 0.026005
1227 0.403646 0.573286 0.024306 0.040189
466 0.403646 0.535461 0.024306 0.030733
1013 0.404514 0.504728 0.022569 0.028369
865 0.405382 0.459811 0.022569 0.026005
145 0.406250 0.429078 0.020833 0.033097
258 0.406250 0.393617 0.022569 0.035461
1228 0.405382 0.359338 0.022569 0.028369
1227 0.406250 0.336879 0.020833 0.023641
123 0.407118 0.308511 0.024306 0.028369
1013 0.407118 0.278960 0.020833 0.026005
865 0.407986 0.245863 0.020833 0.033097
77 0.407986 0.211584 0.019097 0.028369
21 0.407986 0.180851 0.017361 0.026005
702 0.407986 0.153664 0.019097 0.026005
255 0.407118 0.122931 0.019097 0.028369
657 0.407986 0.094563 0.017361 0.023641
707 0.432292 0.821513 0.017361 0.023641
136 0.432292 0.793144 0.017361 0.028369
1396 0.432292 0.763593 0.017361 0.026005
1021 0.432292 0.738771 0.017361 0.023641
91 0.433160 0.710402 0.017361 0.023641
37 0.432292 0.684397 0.017361 0.023641
114 0.433160 0.654846 0.017361 0.026005
480 0.433160 0.625296 0.017361 0.026005
351 0.433160 0.598109 0.017361 0.023641
146 0.433160 0.569740 0.017361 0.023641
21 0.434896 0.543735 0.015625 0.021277
84 0.434028 0.517730 0.017361 0.026005
203 0.434028 0.491726 0.017361 0.023641
1447 0.434896 0.463357 0.017361 0.028369
218 0.434028 0.398345 0.015625 0.023641
136 0.434896 0.336879 0.017361 0.023641
217 0.480903 0.567376 0.019097 0.028369
267 0.479167 0.536643 0.017361 0.023641
78 0.479167 0.510638 0.017361 0.023641
133 0.477431 0.484634 0.017361 0.026005
289 0.476562 0.450355 0.019097 0.030733
91 0.475694 0.419622 0.017361 0.021277
199 0.474826 0.393617 0.019097 0.026005
1442 0.473958 0.361702 0.022569 0.026005
1441 0.473090 0.329787 0.020833 0.026005
153 0.470486 0.296690 0.017361 0.028369
743 0.468750 0.257683 0.017361 0.030733
15 0.500000 0.250591 0.022569 0.028369
466 0.500000 0.218676 0.019097 0.028369
258 0.499132 0.187943 0.019097 0.026005
1228 0.498264 0.156028 0.020833 0.026005
1227 0.496528 0.124113 0.020833 0.028369
466 0.494792 0.086288 0.020833 0.035461
64 0.685764 0.705674 0.032986 0.040189
116 0.684028 0.665485 0.024306 0.037825
498 0.683160 0.625296 0.032986 0.037825
91 0.680556 0.583924 0.026042 0.035461
335 0.678819 0.542553 0.024306 0.037825
294 0.677951 0.501182 0.031250 0.035461
78 0.674479 0.462175 0.029514 0.035461
1452 0.672743 0.426714 0.026042 0.028369
1451 0.671007 0.395981 0.026042 0.026005
100 0.669271 0.365248 0.029514 0.030733
289 0.667535 0.332151 0.029514 0.030733
