239 0.157118 0.895981 0.031250 0.035461
64 0.154514 0.867612 0.022569 0.021277
46 0.154514 0.835697 0.026042 0.033097
510 0.155382 0.799054 0.027778 0.035461
196 0.154514 0.767139 0.024306 0.028369
257 0.152778 0.734043 0.024306 0.033097
142 0.152778 0.698582 0.031250 0.033097
249 0.151042 0.663121 0.029514 0.037825
142 0.150174 0.621749 0.029514 0.040189
15 0.150174 0.579196 0.024306 0.037825
109 0.150174 0.542553 0.026042 0.033097
460 0.151042 0.509456 0.029514 0.030733
880 0.151042 0.473995 0.026042 0.035461
75 0.150174 0.439716 0.022569 0.028369
158 0.149306 0.412530 0.026042 0.026005
204 0.149306 0.379433 0.031250 0.030733
268 0.148438 0.349882 0.029514 0.030733
728 0.148438 0.316785 0.029514 0.033097
69 0.149306 0.280142 0.022569 0.035461
91 0.149306 0.244681 0.027778 0.030733
13 0.147569 0.213948 0.031250 0.026005
538 0.146701 0.179669 0.027778 0.035461
83 0.145833 0.141844 0.027778 0.035461
33 0.144097 0.102837 0.029514 0.040189
444 0.200521 0.904255 0.031250 0.028369
444 0.200521 0.874704 0.031250 0.030733
478 0.199653 0.839243 0.029514 0.035461
69 0.199653 0.802600 0.029514 0.033097
677 0.199653 0.764775 0.031250 0.040189
381 0.199653 0.728132 0.029514 0.026005
13 0.198785 0.691489 0.032986 0.042553
54 0.198785 0.651300 0.034722 0.035461
728 0.199653 0.618203 0.031250 0.030733
83 0.197917 0.587470 0.029514 0.030733
54 0.197917 0.555556 0.026042 0.033097
227 0.197917 0.522459 0.031250 0.030733
201 0.198785 0.488180 0.026042 0.030733
15 0.197917 0.455083 0.032986 0.030733
106 0.197049 0.420804 0.027778 0.037825
3 0.197049 0.386525 0.029514 0.028369
32 0.196181 0.360520 0.027778 0.026005
546 0.197049 0.334515 0.026042 0.028369
545 0.197917 0.302600 0.031250 0.035461
430 0.197049 0.265957 0.034722 0.037825
13 0.197049 0.230496 0.027778 0.028369
30 0.197049 0.196217 0.027778 0.033097
32 0.197049 0.163121 0.022569 0.028369
975 0.196181 0.130024 0.024306 0.033097
805 0.196181 0.098109 0.024306 0.028369
201 0.242188 0.893617 0.027778 0.033097
15 0.241319 0.858156 0.026042 0.030733
106 0.241319 0.823877 0.027778 0.026005
233 0.241319 0.795508 0.027778 0.033097
640 0.241319 0.761229 0.026042 0.033097
974 0.243924 0.725768 0.029514 0.033097
15 0.243056 0.686761 0.034722 0.037825
33 0.242188 0.647754 0.027778 0.030733
973 0.243056 0.615839 0.022569 0.028369
389 0.243056 0.587470 0.022569 0.026005
972 0.243924 0.548463 0.031250 0.042553
971 0.243056 0.503546 0.022569 0.037825
15 0.243924 0.469267 0.024306 0.026005
106 0.244792 0.443262 0.027778 0.026005
288 0.244792 0.412530 0.026042 0.035461
297 0.245660 0.375887 0.026042 0.030733
15 0.246528 0.340426 0.024306 0.033097
106 0.245660 0.308511 0.029514 0.026005
448 0.244792 0.277778 0.029514 0.030733
201 0.243056 0.241135 0.029514 0.035461
15 0.244792 0.205674 0.027778 0.030733
106 0.245660 0.173759 0.029514 0.028369
970 0.246528 0.139480 0.026042 0.030733
216 0.243924 0.101655 0.031250 0.040189
15 0.289062 0.894799 0.027778 0.033097
106 0.290799 0.860520 0.026042 0.030733
969 0.289931 0.826241 0.029514 0.037825
161 0.291667 0.786052 0.022569 0.035461
968 0.291667 0.752955 0.029514 0.028369
161 0.292535 0.719858 0.026042 0.028369
201 0.290799 0.685579 0.026042 0.030733
15 0.291667 0.653664 0.024306 0.028369
106 0.290799 0.622931 0.024306 0.030733
36 0.291667 0.586288 0.022569 0.035461
83 0.291667 0.548463 0.027778 0.030733
728 0.291667 0.515366 0.024306 0.028369
83 0.291667 0.485816 0.026042 0.028369
810 0.292535 0.445626 0.031250 0.042553
437 0.291667 0.404255 0.022569 0.033097
436 0.290799 0.367612 0.026042 0.035461
13 0.290799 0.332151 0.026042 0.033097
157 0.289931 0.297872 0.027778 0.033097
108 0.292535 0.262411 0.026042 0.030733
117 0.292535 0.229314 0.024306 0.033097
15 0.294271 0.197400 0.029514 0.033097
106 0.291667 0.160757 0.024306 0.033097
686 0.291667 0.126478 0.027778 0.030733
290 0.291667 0.095745 0.029514 0.028369
967 0.339410 0.882979 0.027778 0.037825
106 0.338542 0.847518 0.029514 0.033097
852 0.339410 0.812057 0.026042 0.037825
15 0.340278 0.775414 0.029514 0.035461
966 0.341146 0.741135 0.026042 0.023641
106 0.340278 0.711584 0.027778 0.033097
965 0.339410 0.682033 0.029514 0.023641
201 0.339410 0.653664 0.029514 0.030733
964 0.339410 0.618203 0.027778 0.033097
201 0.337674 0.586288 0.024306 0.026005
15 0.338542 0.553191 0.031250 0.033097
106 0.340278 0.516548 0.029514 0.035461
393 0.337674 0.479905 0.029514 0.037825
249 0.336806 0.443262 0.027778 0.033097
770 0.336806 0.410165 0.027778 0.030733
425 0.336806 0.379433 0.029514 0.030733
15 0.337674 0.343972 0.029514 0.035461
460 0.336806 0.312057 0.022569 0.023641
880 0.336806 0.277778 0.027778 0.040189
75 0.338542 0.238771 0.026042 0.030733
158 0.338542 0.205674 0.026042 0.030733
106 0.337674 0.176123 0.020833 0.026005
176 0.335938 0.150118 0.022569 0.021277
64 0.336806 0.125296 0.024306 0.028369
349 0.337674 0.096927 0.031250 0.030733
63 0.384549 0.826241 0.022569 0.026005
138 0.384549 0.797872 0.029514 0.026005
52 0.385417 0.770686 0.027778 0.028369
127 0.384549 0.738771 0.029514 0.026005
29 0.385417 0.706856 0.032986 0.030733
28 0.385417 0.673759 0.027778 0.028369
268 0.385417 0.640662 0.027778 0.035461
343 0.385417 0.604019 0.027778 0.033097
69 0.385417 0.569740 0.031250 0.030733
963 0.385417 0.534279 0.027778 0.037825
463 0.384549 0.496454 0.031250 0.033097
56 0.383681 0.459811 0.029514 0.035461
275 0.382812 0.421986 0.029514 0.037825
74 0.383681 0.385343 0.029514 0.033097
56 0.384549 0.351064 0.029514 0.033097
468 0.383681 0.321513 0.022569 0.026005
75 0.385417 0.293144 0.029514 0.026005
158 0.384549 0.270686 0.029514 0.028369
2 0.384549 0.239953 0.029514 0.033097
133 0.383681 0.204492 0.027778 0.037825
58 0.383681 0.166667 0.027778 0.030733
9 0.384549 0.139480 0.026042 0.021277
62 0.381944 0.104019 0.029514 0.040189
136 0.427951 0.886525 0.026042 0.028369
136 0.427951 0.874704 0.029514 0.037825
136 0.427951 0.859338 0.029514 0.026005
136 0.427951 0.830969 0.024306 0.026005
136 0.428819 0.799054 0.026042 0.033097
136 0.428819 0.764775 0.027778 0.030733
136 0.427951 0.732861 0.029514 0.030733
136 0.427951 0.699764 0.027778 0.030733
136 0.429688 0.664303 0.026042 0.035461
136 0.428819 0.630024 0.022569 0.030733
136 0.427951 0.596927 0.026042 0.033097
136 0.428819 0.567376 0.024306 0.023641
136 0.427951 0.537825 0.029514 0.033097
136 0.427083 0.504728 0.029514 0.035461
136 0.427083 0.472813 0.024306 0.028369
136 0.427951 0.446809 0.024306 0.023641
136 0.427083 0.418440 0.024306 0.030733
136 0.426215 0.384161 0.027778 0.035461
136 0.427083 0.351064 0.022569 0.030733
136 0.425347 0.315603 0.026042 0.033097
136 0.425347 0.281324 0.024306 0.030733
136 0.426215 0.251773 0.026042 0.030733
136 0.426215 0.221040 0.026042 0.028369
136 0.425347 0.189125 0.029514 0.030733
136 0.425347 0.158392 0.027778 0.026005
136 0.424479 0.130024 0.024306 0.030733
127 0.424479 0.099291 0.020833 0.026005
33 0.470486 0.866430 0.022569 0.033097
33 0.470486 0.829787 0.024306 0.035461
33 0.470486 0.793144 0.019097 0.033097
468 0.469618 0.758865 0.024306 0.030733
75 0.468750 0.729314 0.019097 0.026005
158 0.469618 0.703310 0.022569 0.026005
187 0.467882 0.672577 0.026042 0.033097
186 0.468750 0.635934 0.022569 0.030733
65 0.467882 0.606383 0.026042 0.030733
26 0.467014 0.568558 0.027778 0.037825
64 0.467014 0.531915 0.022569 0.030733
624 0.467014 0.498818 0.022569 0.033097
142 0.467014 0.464539 0.026042 0.028369
65 0.467014 0.430260 0.026042 0.035461
26 0.466146 0.394799 0.027778 0.030733
64 0.466146 0.365248 0.022569 0.026005
80 0.465278 0.335697 0.024306 0.033097
468 0.465278 0.302600 0.022569 0.030733
75 0.463542 0.268322 0.024306 0.033097
158 0.463542 0.235225 0.020833 0.033097
145 0.463542 0.203310 0.020833 0.030733
144 0.461806 0.172577 0.022569 0.030733
68 0.460938 0.143026 0.022569 0.026005
694 0.460069 0.112293 0.017361 0.033097
479 0.505208 0.814421 0.019097 0.026005
22 0.505208 0.787234 0.017361 0.026005
350 0.505208 0.761229 0.015625 0.023641
163 0.504340 0.736407 0.015625 0.026005
865 0.504340 0.709220 0.017361 0.023641
33 0.502604 0.670213 0.019097 0.033097
519 0.502604 0.637116 0.017361 0.028369
26 0.502604 0.606383 0.019097 0.028369
64 0.500868 0.572104 0.020833 0.033097
133 0.499132 0.540189 0.017361 0.033097
110 0.499132 0.504728 0.019097 0.028369
75 0.499132 0.473995 0.019097 0.028369
157 0.498264 0.446809 0.015625 0.021277
3 0.496528 0.348700 0.017361 0.023641
215 0.726562 0.813239 0.026042 0.030733
98 0.724826 0.778960 0.027778 0.030733
300 0.724826 0.743499 0.029514 0.035461
770 0.723090 0.706856 0.029514 0.030733
425 0.721354 0.670213 0.031250 0.033097
28 0.716146 0.638298 0.026042 0.028369
64 0.713542 0.602837 0.029514 0.035461
134 0.710938 0.563830 0.029514 0.037825
33 0.709201 0.524823 0.029514 0.035461
