0 0.114583 0.929078 0.027778 0.042553
0 0.115451 0.885343 0.029514 0.040189
0 0.116319 0.845154 0.027778 0.037825
0 0.116319 0.808511 0.031250 0.028369
0 0.117188 0.770686 0.024306 0.040189
0 0.118056 0.730496 0.029514 0.037825
0 0.119792 0.691489 0.027778 0.037825
0 0.120660 0.658392 0.029514 0.028369
0 0.119792 0.627660 0.029514 0.030733
0 0.121528 0.592199 0.029514 0.037825
0 0.121528 0.556738 0.027778 0.030733
0 0.123264 0.518913 0.031250 0.037825
0 0.123264 0.482270 0.029514 0.030733
0 0.125000 0.444444 0.027778 0.040189
0 0.124132 0.406619 0.026042 0.033097
0 0.125000 0.373522 0.031250 0.033097
0 0.126736 0.333333 0.024306 0.037825
0 0.126736 0.297872 0.029514 0.030733
0 0.128472 0.262411 0.027778 0.037825
0 0.128472 0.230496 0.029514 0.026005
0 0.129340 0.199764 0.026042 0.030733
0 0.129340 0.165485 0.029514 0.033097
0 0.131944 0.130024 0.026042 0.033097
0 0.158854 0.933806 0.031250 0.037825
0 0.159722 0.899527 0.027778 0.026005
0 0.160590 0.862884 0.029514 0.040189
0 0.161458 0.820331 0.027778 0.035461
0 0.161458 0.781324 0.029514 0.037825
0 0.162326 0.745863 0.027778 0.030733
0 0.164062 0.708038 0.029514 0.044917
0 0.166667 0.669031 0.024306 0.028369
0 0.167535 0.634752 0.029514 0.037825
0 0.169271 0.598109 0.029514 0.035461
0 0.169271 0.562648 0.029514 0.033097
0 0.169271 0.526005 0.031250 0.037825
0 0.168403 0.486998 0.029514 0.037825
0 0.170139 0.449173 0.027778 0.037825
0 0.171007 0.410165 0.031250 0.035461
0 0.171007 0.371158 0.029514 0.040189
0 0.173611 0.332151 0.027778 0.033097
0 0.174479 0.295508 0.031250 0.037825
0 0.174479 0.256501 0.031250 0.030733
0 0.176215 0.224586 0.027778 0.028369
0 0.177083 0.197400 0.027778 0.030733
0 0.177083 0.164303 0.024306 0.030733
0 0.207465 0.898345 0.031250 0.035461
0 0.207465 0.861702 0.032986 0.035461
0 0.208333 0.829787 0.026042 0.028369
0 0.208333 0.791962 0.032986 0.040189
0 0.210069 0.751773 0.026042 0.035461
0 0.212674 0.722222 0.026042 0.023641
0 0.213542 0.687943 0.024306 0.044917
0 0.213542 0.646572 0.024306 0.040189
0 0.214410 0.612293 0.026042 0.030733
0 0.213542 0.578014 0.027778 0.030733
0 0.217014 0.541371 0.027778 0.037825
0 0.217882 0.503546 0.027778 0.035461
0 0.218750 0.465721 0.029514 0.037825
0 0.217014 0.429078 0.027778 0.033097
0 0.219618 0.395981 0.026042 0.030733
0 0.221354 0.364066 0.031250 0.033097
0 0.221354 0.332151 0.027778 0.026005
0 0.223090 0.301418 0.027778 0.030733
0 0.223090 0.265957 0.027778 0.035461
0 0.223958 0.226950 0.027778 0.035461
0 0.225694 0.190307 0.029514 0.033097
0 0.224826 0.154846 0.029514 0.033097
0 0.254340 0.881797 0.024306 0.033097
0 0.254340 0.846336 0.026042 0.030733
0 0.256076 0.809693 0.027778 0.040189
0 0.258681 0.770686 0.026042 0.033097
0 0.259549 0.734043 0.029514 0.037825
0 0.258681 0.699764 0.027778 0.028369
0 0.259549 0.670213 0.024306 0.028369
0 0.261285 0.637116 0.031250 0.037825
0 0.263021 0.592199 0.027778 0.042553
0 0.263021 0.552009 0.027778 0.033097
0 0.264757 0.520095 0.026042 0.033097
0 0.266493 0.478723 0.027778 0.040189
0 0.267361 0.433806 0.026042 0.044917
0 0.267361 0.393617 0.024306 0.030733
0 0.268229 0.362884 0.022569 0.026005
0 0.268229 0.329787 0.026042 0.037825
0 0.270833 0.284870 0.026042 0.042553
0 0.271701 0.249409 0.027778 0.030733
0 0.271701 0.216312 0.024306 0.033097
50 0.297743 0.950355 0.024306 0.023641
345 0.297743 0.923168 0.029514 0.028369
490 0.297743 0.885343 0.027778 0.042553
78 0.299479 0.843972 0.024306 0.037825
44 0.301215 0.801418 0.026042 0.040189
77 0.301215 0.765957 0.027778 0.028369
96 0.302951 0.731678 0.029514 0.035461
1548 0.302083 0.697400 0.027778 0.028369
91 0.303819 0.665485 0.024306 0.033097
442 0.304688 0.630024 0.022569 0.035461
21 0.306424 0.592199 0.027778 0.033097
92 0.306424 0.561466 0.022569 0.028369
37 0.307292 0.534279 0.024306 0.026005
91 0.307292 0.505910 0.026042 0.030733
315 0.309028 0.472813 0.029514 0.033097
35 0.311632 0.436170 0.031250 0.037825
363 0.310764 0.400709 0.027778 0.033097
1559 0.311632 0.368794 0.024306 0.030733
750 0.311632 0.342790 0.026042 0.026005
78 0.312500 0.309693 0.027778 0.035461
158 0.315104 0.275414 0.026042 0.028369
133 0.315972 0.241135 0.027778 0.037825
279 0.315972 0.203310 0.031250 0.033097
1211 0.316840 0.169031 0.024306 0.028369
305 0.315972 0.135934 0.026042 0.035461
479 0.343750 0.938534 0.031250 0.033097
178 0.345486 0.907801 0.031250 0.026005
192 0.344618 0.875887 0.029514 0.037825
1558 0.345486 0.836879 0.024306 0.033097
1557 0.344618 0.802600 0.026042 0.033097
91 0.346354 0.764775 0.026042 0.035461
442 0.347222 0.732861 0.026042 0.033097
479 0.348090 0.697400 0.027778 0.035461
315 0.349826 0.664303 0.027778 0.033097
92 0.348958 0.631206 0.027778 0.033097
37 0.349826 0.596927 0.027778 0.030733
1556 0.350694 0.563830 0.029514 0.030733
631 0.352431 0.533097 0.027778 0.030733
1555 0.353299 0.504728 0.031250 0.028369
109 0.354167 0.478723 0.026042 0.023641
702 0.354167 0.445626 0.027778 0.033097
464 0.355035 0.413712 0.029514 0.028369
1341 0.358507 0.379433 0.027778 0.037825
145 0.357639 0.341608 0.029514 0.033097
464 0.357639 0.307329 0.024306 0.030733
273 0.360243 0.274232 0.026042 0.037825
109 0.359375 0.234043 0.024306 0.037825
1554 0.359375 0.199764 0.029514 0.030733
1553 0.359375 0.169031 0.027778 0.026005
109 0.360243 0.139480 0.027778 0.033097
123 0.385417 0.939716 0.029514 0.030733
725 0.385417 0.912530 0.027778 0.023641
631 0.387153 0.888889 0.022569 0.023641
109 0.387153 0.861702 0.022569 0.026005
463 0.387153 0.833333 0.026042 0.030733
160 0.388889 0.801418 0.026042 0.028369
170 0.389757 0.771868 0.024306 0.028369
1326 0.391493 0.736407 0.026042 0.037825
631 0.392361 0.699764 0.027778 0.033097
109 0.392361 0.666667 0.024306 0.028369
775 0.393229 0.633570 0.022569 0.035461
315 0.394097 0.599291 0.026042 0.033097
475 0.395833 0.563830 0.031250 0.033097
35 0.394965 0.527187 0.022569 0.030733
934 0.394097 0.492908 0.024306 0.035461
21 0.395833 0.453901 0.031250 0.040189
571 0.396701 0.412530 0.024306 0.035461
77 0.398438 0.380615 0.026042 0.030733
570 0.399306 0.342790 0.026042 0.040189
77 0.401042 0.303783 0.027778 0.037825
42 0.401042 0.264775 0.026042 0.042553
622 0.402778 0.223404 0.026042 0.033097
457 0.403646 0.183215 0.027778 0.042553
1293 0.427951 0.934988 0.026042 0.026005
564 0.427951 0.912530 0.027778 0.028369
44 0.428819 0.882979 0.027778 0.030733
585 0.428819 0.847518 0.026042 0.030733
479 0.428819 0.812057 0.024306 0.033097
178 0.431424 0.771868 0.022569 0.037825
192 0.432292 0.737589 0.020833 0.026005
77 0.432292 0.709220 0.022569 0.028369
495 0.434028 0.674941 0.024306 0.037825
106 0.434028 0.639480 0.026042 0.033097
100 0.433160 0.600473 0.026042 0.033097
114 0.434896 0.562648 0.027778 0.037825
68 0.434896 0.527187 0.024306 0.033097
1548 0.434896 0.494090 0.026042 0.033097
91 0.437500 0.459811 0.026042 0.033097
442 0.437500 0.427896 0.022569 0.028369
130 0.439236 0.397163 0.022569 0.030733
28 0.440972 0.362884 0.020833 0.035461
44 0.440972 0.329787 0.022569 0.030733
345 0.440972 0.294326 0.022569 0.035461
415 0.441840 0.258865 0.024306 0.035461
21 0.441840 0.219858 0.022569 0.035461
1530 0.441840 0.186761 0.022569 0.030733
91 0.441840 0.152482 0.027778 0.035461
37 0.466146 0.917258 0.024306 0.030733
345 0.465278 0.881797 0.020833 0.033097
248 0.465278 0.848700 0.019097 0.028369
44 0.465278 0.814421 0.020833 0.035461
1110 0.466146 0.780142 0.020833 0.033097
37 0.466146 0.749409 0.019097 0.026005
91 0.467014 0.718676 0.019097 0.028369
90 0.467882 0.687943 0.019097 0.028369
36 0.467882 0.660757 0.019097 0.023641
35 0.467882 0.634752 0.019097 0.023641
777 0.467882 0.607565 0.017361 0.026005
43 0.467882 0.578014 0.019097 0.028369
27 0.468750 0.546099 0.019097 0.028369
38 0.470486 0.442080 0.017361 0.023641
37 0.472222 0.412530 0.015625 0.028369
288 0.472222 0.380615 0.015625 0.026005
1070 0.472222 0.352246 0.017361 0.023641
109 0.473090 0.325059 0.017361 0.026005
0 0.533854 0.865248 0.019097 0.028369
0 0.533854 0.828605 0.024306 0.040189
0 0.532118 0.790780 0.024306 0.033097
0 0.532118 0.758865 0.026042 0.026005
0 0.532118 0.691489 0.027778 0.035461
0 0.532986 0.658392 0.027778 0.033097
0 0.530382 0.627660 0.029514 0.028369
0 0.526910 0.593381 0.022569 0.030733
0 0.525174 0.563830 0.019097 0.026005
0 0.526910 0.530733 0.026042 0.030733
0 0.525174 0.494090 0.026042 0.035461
0 0.521701 0.463357 0.022569 0.026005
0 0.519097 0.390071 0.019097 0.023641
0 0.521701 0.362884 0.024306 0.028369
0 0.521701 0.334515 0.024306 0.030733
0 0.519097 0.299054 0.024306 0.028369
0 0.568576 0.806147 0.022569 0.028369
0 0.567708 0.696217 0.022569 0.037825
0 0.565972 0.665485 0.024306 0.026005
0 0.564236 0.627660 0.024306 0.042553
0 0.561632 0.585106 0.026042 0.037825
0 0.561632 0.542553 0.020833 0.040189
0 0.560764 0.502364 0.019097 0.037825
0 0.559896 0.465721 0.024306 0.030733
0 0.557292 0.434988 0.020833 0.026005
0 0.556424 0.405437 0.024306 0.023641
0 0.555556 0.380615 0.020833 0.021277
0 0.553819 0.348700 0.024306 0.030733
0 0.553819 0.312057 0.022569 0.035461
0 0.552083 0.277778 0.022569 0.028369
0 0.551215 0.244681 0.022569 0.030733
0 0.550347 0.213948 0.019097 0.026005
0 0.607639 0.747045 0.026042 0.030733
0 0.606771 0.711584 0.029514 0.033097
0 0.605035 0.680851 0.026042 0.028369
0 0.605035 0.648936 0.024306 0.033097
0 0.601562 0.611111 0.022569 0.035461
0 0.600694 0.576832 0.027778 0.033097
0 0.598958 0.543735 0.024306 0.030733
0 0.598958 0.510638 0.026042 0.033097
0 0.598090 0.481087 0.027778 0.023641
0 0.597222 0.452719 0.026042 0.030733
0 0.594618 0.421986 0.022569 0.023641
0 0.592882 0.388889 0.027778 0.033097
0 0.590278 0.354610 0.022569 0.030733
0 0.590278 0.321513 0.020833 0.030733
0 0.651042 0.756501 0.024306 0.026005
0 0.648438 0.730496 0.027778 0.026005
0 0.649306 0.692671 0.031250 0.037825
0 0.646701 0.651300 0.029514 0.033097
0 0.646701 0.622931 0.027778 0.023641
0 0.644965 0.595745 0.029514 0.028369
0 0.643229 0.565012 0.029514 0.026005
0 0.642361 0.533097 0.026042 0.035461
0 0.641493 0.498818 0.022569 0.030733
0 0.638889 0.460993 0.022569 0.035461
0 0.638021 0.426714 0.022569 0.030733
0 0.636285 0.393617 0.024306 0.030733
0 0.634549 0.361702 0.020833 0.030733
0 0.633681 0.329787 0.024306 0.030733
0 0.632812 0.296690 0.026042 0.030733
0 0.631944 0.267139 0.026042 0.028369
983 0.695312 0.765957 0.024306 0.030733
109 0.693576 0.728132 0.024306 0.040189
647 0.694444 0.691489 0.029514 0.033097
153 0.692708 0.654846 0.026042 0.035461
83 0.691840 0.620567 0.026042 0.028369
360 0.689236 0.591017 0.029514 0.023641
631 0.688368 0.565012 0.026042 0.026005
0 0.684896 0.530733 0.029514 0.033097
0 0.684896 0.496454 0.027778 0.035461
0 0.684028 0.462175 0.027778 0.030733
0 0.678819 0.424350 0.024306 0.037825
0 0.679688 0.387707 0.022569 0.035461
0 0.677951 0.351064 0.029514 0.037825
0 0.677083 0.312057 0.032986 0.033097
457 0.742188 0.732861 0.031250 0.030733
92 0.739583 0.699764 0.027778 0.030733
37 0.739583 0.665485 0.026042 0.033097
91 0.737847 0.632388 0.022569 0.030733
90 0.736111 0.595745 0.026042 0.037825
36 0.735243 0.563830 0.027778 0.026005
35 0.734375 0.529551 0.029514 0.037825
827 0.732639 0.489362 0.034722 0.035461
133 0.730035 0.455083 0.032986 0.026005
44 0.728299 0.423168 0.027778 0.033097
77 0.725694 0.390071 0.029514 0.030733
1100 0.723958 0.353428 0.029514 0.035461
44 0.723090 0.314421 0.034722 0.033097
876 0.789931 0.712766 0.027778 0.037825
442 0.785590 0.669031 0.031250 0.042553
732 0.786458 0.627660 0.027778 0.037825
1551 0.782986 0.589835 0.032986 0.037825
266 0.782118 0.552009 0.029514 0.030733
16 0.781250 0.516548 0.026042 0.033097
64 0.777778 0.473995 0.027778 0.040189
1552 0.778646 0.437352 0.031250 0.030733
243 0.776910 0.404255 0.026042 0.030733
91 0.774306 0.374704 0.027778 0.026005
199 0.773438 0.345154 0.027778 0.030733
116 0.771701 0.309693 0.027778 0.035461
371 0.838542 0.763593 0.024306 0.028369
1316 0.839410 0.726950 0.029514 0.037825
153 0.835938 0.686761 0.024306 0.037825
66 0.835938 0.652482 0.026042 0.030733
178 0.834201 0.614657 0.024306 0.040189
192 0.832465 0.579196 0.024306 0.028369
21 0.831597 0.547281 0.027778 0.026005
932 0.829861 0.514184 0.027778 0.030733
266 0.828993 0.482270 0.020833 0.028369
37 0.827257 0.447991 0.031250 0.037825
77 0.824653 0.407801 0.027778 0.037825
232 0.823785 0.367612 0.032986 0.035461
78 0.823785 0.332151 0.026042 0.030733
221 0.822917 0.294326 0.026042 0.035461
77 0.821181 0.257683 0.029514 0.035461
442 0.885417 0.686761 0.024306 0.035461
45 0.885417 0.644208 0.024306 0.047281
15 0.881944 0.598109 0.029514 0.037825
158 0.882812 0.561466 0.029514 0.030733
305 0.878472 0.528369 0.022569 0.030733
1550 0.877604 0.496454 0.024306 0.030733
73 0.874132 0.460993 0.031250 0.035461
107 0.875000 0.423168 0.036458 0.033097
384 0.873264 0.385343 0.026042 0.033097
109 0.872396 0.349882 0.020833 0.033097
200 0.871528 0.312057 0.029514 0.035461
77 0.870660 0.277778 0.026042 0.028369
825 0.870660 0.245863 0.024306 0.033097
