0 0.083333 0.797872 0.029514 0.035461
0 0.084201 0.757683 0.027778 0.035461
0 0.085069 0.719858 0.027778 0.033097
0 0.086806 0.685579 0.022569 0.028369
0 0.087674 0.656028 0.024306 0.028369
0 0.089410 0.621749 0.032986 0.030733
0 0.090278 0.586288 0.032986 0.030733
0 0.090278 0.547281 0.036458 0.037825
0 0.094618 0.509456 0.031250 0.033097
0 0.094618 0.470449 0.031250 0.033097
0 0.096354 0.432624 0.027778 0.035461
0 0.096354 0.393617 0.032986 0.035461
0 0.098090 0.358156 0.032986 0.030733
0 0.098090 0.321513 0.034722 0.035461
0 0.099826 0.287234 0.031250 0.030733
0 0.100694 0.258865 0.032986 0.028369
0 0.099826 0.218676 0.032986 0.042553
0 0.131944 0.789598 0.031250 0.033097
0 0.133681 0.751773 0.027778 0.035461
0 0.135417 0.717494 0.032986 0.028369
0 0.135417 0.685579 0.034722 0.033097
0 0.136285 0.656028 0.029514 0.026005
0 0.136285 0.626478 0.032986 0.028369
0 0.138021 0.595745 0.026042 0.028369
0 0.140625 0.559102 0.027778 0.037825
0 0.140625 0.522459 0.026042 0.035461
0 0.141493 0.492908 0.029514 0.023641
0 0.140625 0.458629 0.029514 0.035461
0 0.140625 0.423168 0.031250 0.028369
0 0.144097 0.390071 0.027778 0.035461
0 0.146701 0.351064 0.027778 0.037825
0 0.149306 0.314421 0.032986 0.033097
0 0.149306 0.276596 0.031250 0.033097
0 0.150174 0.243499 0.031250 0.028369
0 0.149306 0.208038 0.029514 0.035461
0 0.183160 0.705674 0.026042 0.035461
0 0.184028 0.671395 0.026042 0.033097
0 0.185764 0.637116 0.032986 0.028369
0 0.186632 0.605201 0.032986 0.028369
0 0.185764 0.575650 0.029514 0.028369
0 0.188368 0.539007 0.031250 0.037825
0 0.190104 0.497636 0.027778 0.037825
0 0.192708 0.460993 0.027778 0.030733
199 0.194444 0.424350 0.029514 0.037825
77 0.197917 0.385343 0.032986 0.030733
21 0.198785 0.349882 0.027778 0.033097
1530 0.199653 0.315603 0.034722 0.028369
91 0.197049 0.284870 0.029514 0.030733
37 0.230903 0.796690 0.024306 0.023641
163 0.231771 0.767139 0.032986 0.028369
711 0.230903 0.698582 0.029514 0.035461
710 0.235243 0.661939 0.031250 0.037825
75 0.237847 0.622931 0.029514 0.037825
501 0.236979 0.583924 0.032986 0.035461
1395 0.239583 0.549645 0.031250 0.033097
1529 0.240451 0.516548 0.031250 0.035461
1528 0.242188 0.481087 0.029514 0.030733
260 0.243924 0.446809 0.031250 0.033097
127 0.243924 0.408983 0.026042 0.033097
464 0.244792 0.375887 0.027778 0.033097
889 0.247396 0.340426 0.024306 0.033097
1527 0.249132 0.306147 0.027778 0.030733
1526 0.279514 0.778960 0.026042 0.028369
279 0.280382 0.743499 0.034722 0.040189
294 0.279514 0.699764 0.029514 0.037825
27 0.282118 0.664303 0.029514 0.030733
38 0.283854 0.622931 0.032986 0.042553
37 0.285590 0.578014 0.024306 0.037825
266 0.287326 0.539007 0.027778 0.037825
1167 0.288194 0.503546 0.026042 0.033097
546 0.291667 0.468085 0.029514 0.033097
107 0.291667 0.432624 0.022569 0.028369
384 0.292535 0.403073 0.024306 0.033097
345 0.294271 0.367612 0.024306 0.035461
28 0.297743 0.329787 0.029514 0.033097
92 0.297743 0.299054 0.029514 0.033097
37 0.298611 0.264775 0.026042 0.030733
788 0.327257 0.768322 0.029514 0.028369
146 0.328993 0.736407 0.027778 0.030733
64 0.328993 0.698582 0.026042 0.033097
108 0.329861 0.666667 0.027778 0.028369
1525 0.329861 0.627660 0.034722 0.037825
1524 0.333333 0.594563 0.026042 0.026005
589 0.335938 0.566194 0.027778 0.028369
588 0.335069 0.530733 0.032986 0.040189
1294 0.336806 0.491726 0.032986 0.037825
310 0.338542 0.453901 0.026042 0.035461
1058 0.339410 0.413712 0.027778 0.040189
183 0.339410 0.375887 0.029514 0.035461
325 0.340278 0.342790 0.024306 0.030733
1523 0.341146 0.313239 0.022569 0.026005
809 0.342014 0.286052 0.027778 0.026005
507 0.344618 0.254137 0.024306 0.028369
1522 0.372396 0.777778 0.031250 0.037825
172 0.372396 0.739953 0.026042 0.033097
171 0.374132 0.698582 0.027778 0.044917
43 0.375000 0.663121 0.031250 0.026005
74 0.376736 0.632388 0.022569 0.030733
139 0.379340 0.593381 0.024306 0.037825
795 0.381076 0.555556 0.027778 0.035461
845 0.381944 0.522459 0.024306 0.026005
163 0.383681 0.492908 0.022569 0.030733
92 0.382812 0.457447 0.027778 0.035461
37 0.385417 0.425532 0.024306 0.026005
77 0.385417 0.395981 0.024306 0.030733
657 0.385417 0.360520 0.026042 0.040189
136 0.387153 0.320331 0.027778 0.040189
27 0.389757 0.281324 0.027778 0.033097
38 0.390625 0.245863 0.026042 0.037825
37 0.391493 0.209220 0.022569 0.033097
0 0.410590 0.898345 0.024306 0.026005
0 0.412326 0.879433 0.024306 0.028369
0 0.410590 0.848700 0.022569 0.028369
0 0.411458 0.816785 0.022569 0.030733
0 0.412326 0.782506 0.022569 0.035461
0 0.413194 0.747045 0.022569 0.028369
0 0.412326 0.698582 0.022569 0.023641
0 0.414062 0.673759 0.026042 0.028369
0 0.414931 0.640662 0.024306 0.035461
0 0.415799 0.606383 0.022569 0.028369
0 0.416667 0.573286 0.022569 0.033097
0 0.418403 0.537825 0.019097 0.035461
0 0.420139 0.496454 0.020833 0.037825
0 0.420139 0.459811 0.022569 0.028369
0 0.421875 0.426714 0.022569 0.028369
0 0.422743 0.397163 0.019097 0.023641
0 0.422743 0.374704 0.020833 0.023641
0 0.423611 0.348700 0.022569 0.026005
0 0.425347 0.317967 0.020833 0.033097
0 0.425347 0.284870 0.019097 0.028369
0 0.426215 0.258865 0.019097 0.023641
0 0.427083 0.235225 0.019097 0.026005
0 0.427951 0.203310 0.019097 0.033097
0 0.428819 0.169031 0.019097 0.030733
0 0.444444 0.873522 0.019097 0.026005
0 0.443576 0.848700 0.019097 0.023641
0 0.443576 0.821513 0.017361 0.023641
0 0.444444 0.794326 0.017361 0.023641
0 0.444444 0.768322 0.017361 0.026005
0 0.445312 0.738771 0.019097 0.023641
0 0.447049 0.706856 0.017361 0.023641
0 0.447917 0.672577 0.019097 0.028369
0 0.448785 0.638298 0.019097 0.028369
0 0.448785 0.607565 0.019097 0.026005
0 0.448785 0.579196 0.017361 0.023641
0 0.448785 0.550827 0.019097 0.021277
0 0.449653 0.526005 0.017361 0.023641
0 0.449653 0.496454 0.015625 0.023641
0 0.506944 0.787234 0.019097 0.030733
0 0.506944 0.751773 0.020833 0.033097
0 0.506076 0.718676 0.020833 0.026005
0 0.504340 0.686761 0.020833 0.028369
0 0.503472 0.653664 0.024306 0.030733
0 0.503472 0.621749 0.019097 0.026005
0 0.501736 0.593381 0.022569 0.026005
0 0.500868 0.563830 0.020833 0.030733
0 0.499132 0.529551 0.022569 0.030733
0 0.498264 0.494090 0.022569 0.028369
0 0.498264 0.464539 0.022569 0.028369
0 0.496528 0.430260 0.020833 0.028369
0 0.494792 0.397163 0.019097 0.023641
0 0.494792 0.366430 0.019097 0.026005
0 0.493924 0.338061 0.015625 0.026005
0 0.493056 0.312057 0.017361 0.023641
0 0.493056 0.282506 0.020833 0.028369
0 0.490451 0.250591 0.020833 0.028369
0 0.490451 0.218676 0.019097 0.028369
0 0.488715 0.187943 0.019097 0.026005
0 0.551215 0.869976 0.024306 0.023641
0 0.550347 0.843972 0.027778 0.028369
0 0.550347 0.808511 0.026042 0.030733
0 0.547743 0.780142 0.019097 0.018913
0 0.547743 0.752955 0.026042 0.030733
44 0.565972 0.303783 0.024306 0.028369
45 0.565972 0.268322 0.022569 0.035461
15 0.564236 0.238771 0.026042 0.026005
44 0.562500 0.206856 0.020833 0.035461
0 0.559896 0.170213 0.024306 0.033097
0 0.558160 0.134752 0.026042 0.035461
92 0.669271 0.724586 0.029514 0.026005
37 0.666667 0.690307 0.026042 0.035461
288 0.664931 0.653664 0.027778 0.030733
313 0.662326 0.617021 0.026042 0.035461
192 0.662326 0.583924 0.020833 0.028369
328 0.661458 0.556738 0.022569 0.023641
178 0.661458 0.524823 0.031250 0.033097
424 0.660590 0.489362 0.027778 0.035461
77 0.658854 0.456265 0.026042 0.026005
758 0.656250 0.427896 0.024306 0.026005
393 0.656250 0.394799 0.024306 0.035461
137 0.653646 0.362884 0.022569 0.023641
495 0.654514 0.334515 0.026042 0.026005
162 0.652778 0.301418 0.024306 0.030733
78 0.653646 0.267139 0.026042 0.033097
470 0.745660 0.403073 0.029514 0.035461
1520 0.743924 0.361702 0.024306 0.035461
92 0.743056 0.327423 0.031250 0.028369
37 0.740451 0.293144 0.026042 0.033097
313 0.739583 0.258865 0.029514 0.026005
1027 0.738715 0.229314 0.029514 0.026005
1519 0.736979 0.193853 0.026042 0.033097
15 0.734375 0.154846 0.024306 0.040189
1521 0.733507 0.114657 0.027778 0.040189
37 0.802951 0.745863 0.027778 0.035461
91 0.802083 0.708038 0.026042 0.037825
90 0.802083 0.670213 0.029514 0.030733
31 0.801215 0.640662 0.029514 0.030733
163 0.799479 0.607565 0.032986 0.026005
11 0.797743 0.580378 0.026042 0.028369
10 0.796007 0.544917 0.026042 0.035461
202 0.794271 0.502364 0.027778 0.042553
451 0.792535 0.462175 0.027778 0.035461
1518 0.791667 0.423168 0.031250 0.037825
91 0.789931 0.384161 0.026042 0.035461
442 0.789062 0.349882 0.029514 0.026005
1294 0.788194 0.315603 0.026042 0.037825
267 0.848090 0.843972 0.022569 0.026005
267 0.848090 0.812057 0.027778 0.035461
267 0.847222 0.773050 0.026042 0.035461
267 0.847222 0.738771 0.029514 0.028369
267 0.844618 0.703310 0.024306 0.033097
267 0.843750 0.666667 0.026042 0.035461
267 0.842882 0.631206 0.024306 0.033097
267 0.842014 0.595745 0.026042 0.033097
267 0.842014 0.565012 0.024306 0.023641
267 0.841146 0.535461 0.024306 0.033097
267 0.840278 0.504728 0.026042 0.023641
267 0.840278 0.479905 0.026042 0.028369
157 0.839410 0.457447 0.029514 0.028369
92 0.836806 0.429078 0.027778 0.028369
37 0.835938 0.401891 0.027778 0.023641
91 0.835069 0.366430 0.026042 0.042553
90 0.833333 0.326241 0.024306 0.033097
151 0.830729 0.294326 0.024306 0.026005
15 0.830729 0.263593 0.022569 0.028369
14 0.831597 0.229314 0.026042 0.035461
197 0.829861 0.191489 0.027778 0.035461
