117 0.236395 0.480535 0.030612 0.029197
121 0.237245 0.414842 0.022109 0.031630
214 0.239796 0.384428 0.028912 0.029197
729 0.242347 0.317518 0.035714 0.034063
408 0.243197 0.282238 0.023810 0.029197
64 0.273810 0.733577 0.028912 0.034063
728 0.273810 0.700730 0.027211 0.029197
69 0.275510 0.665450 0.028912 0.038929
727 0.278061 0.622871 0.032313 0.036496
117 0.279762 0.580292 0.028912 0.038929
121 0.278912 0.538929 0.025510 0.031630
0 0.279762 0.506083 0.027211 0.031630
130 0.280612 0.472019 0.023810 0.029197
129 0.282313 0.440389 0.020408 0.029197
15 0.283163 0.411192 0.020408 0.026764
408 0.286565 0.374696 0.025510 0.038929
113 0.286565 0.339416 0.032313 0.026764
52 0.288265 0.306569 0.034014 0.034063
22 0.289966 0.272506 0.027211 0.031630
156 0.290816 0.238443 0.025510 0.036496
29 0.315476 0.761557 0.028912 0.038929
28 0.317177 0.723844 0.028912 0.031630
622 0.317177 0.692214 0.023810 0.029197
47 0.319728 0.659367 0.022109 0.029197
726 0.318878 0.630170 0.023810 0.026764
47 0.323129 0.597324 0.028912 0.031630
360 0.324830 0.566910 0.030612 0.024331
132 0.325680 0.531630 0.025510 0.034063
479 0.324830 0.490268 0.023810 0.038929
316 0.328231 0.454988 0.025510 0.031630
33 0.330782 0.419708 0.028912 0.038929
261 0.331633 0.375912 0.025510 0.038929
182 0.330782 0.335766 0.027211 0.026764
337 0.332483 0.310219 0.027211 0.024331
22 0.335034 0.281022 0.028912 0.031630
239 0.363946 0.785888 0.027211 0.031630
48 0.363946 0.749392 0.022109 0.038929
197 0.366497 0.709246 0.025510 0.036496
56 0.367347 0.675182 0.028912 0.029197
128 0.366497 0.642336 0.025510 0.026764
55 0.367347 0.614355 0.027211 0.024331
33 0.369048 0.580292 0.027211 0.038929
299 0.370748 0.545012 0.022109 0.029197
64 0.372449 0.512165 0.023810 0.024331
130 0.373299 0.481752 0.022109 0.031630
64 0.375000 0.442822 0.028912 0.036496
2 0.376701 0.405109 0.034014 0.031630
133 0.377551 0.369830 0.028912 0.034063
58 0.378401 0.333333 0.023810 0.031630
9 0.380102 0.295620 0.028912 0.034063
62 0.381803 0.217762 0.032313 0.038929
19 0.414966 0.682482 0.023810 0.029197
29 0.415816 0.650852 0.030612 0.031630
28 0.415816 0.619221 0.027211 0.029197
13 0.417517 0.587591 0.028912 0.029197
660 0.420068 0.554745 0.028912 0.029197
105 0.420918 0.515815 0.028912 0.041363
183 0.421769 0.478102 0.025510 0.034063
176 0.423469 0.446472 0.028912 0.024331
65 0.424320 0.417275 0.028912 0.031630
33 0.425170 0.377129 0.027211 0.038929
70 0.426871 0.335766 0.025510 0.031630
28 0.429422 0.299270 0.028912 0.031630
67 0.429422 0.256691 0.028912 0.043796
187 0.428571 0.216545 0.028912 0.031630
186 0.429422 0.182482 0.032313 0.034063
29 0.767007 0.913625 0.028912 0.031630
28 0.766156 0.884428 0.020408 0.021898
28 0.766156 0.860097 0.020408 0.024331
67 0.767007 0.822384 0.027211 0.041363
4 0.764456 0.783455 0.028912 0.029197
3 0.765306 0.744526 0.028912 0.038929
724 0.765306 0.710462 0.025510 0.024331
6 0.764456 0.677616 0.030612 0.029197
4 0.763605 0.637470 0.028912 0.043796
3 0.762755 0.594891 0.035714 0.034063
482 0.761905 0.558394 0.028912 0.031630
129 0.761905 0.523114 0.032313 0.031630
528 0.761054 0.482968 0.034014 0.036496
20 0.761054 0.441606 0.025510 0.036496
373 0.761905 0.397810 0.027211 0.036496
75 0.758503 0.354015 0.028912 0.038929
13 0.757653 0.311436 0.028912 0.038929
67 0.756803 0.272506 0.030612 0.029197
105 0.755102 0.238443 0.027211 0.034063
219 0.755952 0.201946 0.028912 0.031630
725 0.755102 0.163017 0.030612 0.036496
13 0.752551 0.122871 0.030612 0.034063
315 0.753401 0.082725 0.027211 0.038929
113 0.812925 0.913625 0.028912 0.031630
52 0.812075 0.875912 0.032313 0.041363
120 0.811224 0.833333 0.027211 0.034063
11 0.810374 0.801703 0.027211 0.026764
48 0.809524 0.768856 0.022109 0.031630
11 0.808673 0.736010 0.023810 0.034063
64 0.809524 0.701946 0.022109 0.026764
72 0.807823 0.673966 0.023810 0.029197
26 0.808673 0.638686 0.030612 0.034063
133 0.806973 0.602190 0.023810 0.026764
19 0.806973 0.569343 0.027211 0.029197
29 0.810374 0.534063 0.030612 0.034063
28 0.806973 0.498783 0.023810 0.019465
105 0.807823 0.464720 0.030612 0.036496
13 0.805272 0.422141 0.027211 0.031630
205 0.806122 0.385645 0.020408 0.029197
660 0.804422 0.351582 0.020408 0.026764
143 0.801871 0.319951 0.028912 0.034063
26 0.803571 0.283455 0.027211 0.034063
156 0.803571 0.240876 0.028912 0.041363
143 0.803571 0.199513 0.027211 0.034063
142 0.801871 0.161800 0.027211 0.034063
153 0.801020 0.118005 0.030612 0.041363
13 0.799320 0.076642 0.030612 0.031630
29 0.857993 0.905109 0.028912 0.038929
28 0.857993 0.864964 0.028912 0.031630
105 0.856293 0.826034 0.025510 0.038929
90 0.857143 0.788321 0.027211 0.024331
107 0.854592 0.757908 0.027211 0.034063
19 0.854592 0.721411 0.023810 0.034063
29 0.852891 0.682482 0.032313 0.036496
28 0.854592 0.638686 0.028912 0.038929
58 0.855442 0.599757 0.025510 0.026764
90 0.854592 0.568127 0.025510 0.029197
15 0.854592 0.527981 0.028912 0.041363
55 0.852891 0.491484 0.028912 0.026764
59 0.854592 0.453771 0.028912 0.034063
58 0.852041 0.423358 0.020408 0.019465
135 0.853741 0.390511 0.030612 0.036496
107 0.849490 0.349148 0.025510 0.034063
555 0.851190 0.312652 0.020408 0.026764
33 0.850340 0.282238 0.020408 0.029197
156 0.848639 0.253041 0.027211 0.029197
143 0.850340 0.216545 0.030612 0.029197
58 0.847789 0.175182 0.028912 0.043796
27 0.846088 0.128954 0.028912 0.046229
26 0.846088 0.079075 0.027211 0.041363
51 0.903912 0.909976 0.030612 0.031630
48 0.903061 0.874696 0.025510 0.036496
69 0.902211 0.838200 0.023810 0.031630
52 0.902211 0.809002 0.027211 0.024331
105 0.902211 0.770073 0.028912 0.043796
110 0.902211 0.697080 0.025510 0.029197
11 0.902211 0.663017 0.022109 0.026764
58 0.899660 0.633820 0.022109 0.026764
69 0.898810 0.598540 0.027211 0.034063
58 0.899660 0.560827 0.028912 0.038929
56 0.899660 0.521898 0.028912 0.031630
107 0.899660 0.482968 0.028912 0.041363
26 0.897959 0.440389 0.025510 0.034063
165 0.898810 0.402676 0.030612 0.029197
156 0.898810 0.368613 0.027211 0.031630
143 0.897959 0.328467 0.028912 0.038929
3 0.897959 0.291971 0.027211 0.031630
136 0.896259 0.253041 0.027211 0.034063
59 0.896259 0.214112 0.025510 0.034063
58 0.895408 0.171533 0.025510 0.038929
56 0.894558 0.131387 0.027211 0.031630
120 0.893707 0.094891 0.025510 0.034063
69 0.893707 0.068127 0.027211 0.024331
19 0.948129 0.896594 0.027211 0.034063
19 0.946429 0.858881 0.027211 0.031630
29 0.946429 0.821168 0.025510 0.036496
28 0.946429 0.782238 0.028912 0.034063
175 0.945578 0.746959 0.030612 0.031630
105 0.946429 0.710462 0.025510 0.031630
135 0.944728 0.675182 0.022109 0.029197
107 0.943878 0.649635 0.022109 0.026764
51 0.944728 0.613139 0.028912 0.036496
83 0.945578 0.570560 0.028912 0.038929
65 0.943027 0.534063 0.028912 0.029197
618 0.943027 0.493917 0.028912 0.038929
55 0.943878 0.451338 0.028912 0.041363
33 0.943878 0.409976 0.027211 0.031630
26 0.944728 0.371046 0.025510 0.038929
165 0.944728 0.333333 0.025510 0.029197
226 0.944728 0.304136 0.027211 0.029197
142 0.943878 0.268856 0.022109 0.034063
153 0.943878 0.232360 0.025510 0.026764
3 0.942177 0.200730 0.023810 0.029197
20 0.942177 0.161800 0.025510 0.038929
26 0.941327 0.118005 0.030612 0.041363
165 0.938776 0.074209 0.028912 0.034063
