26 0.185154 0.918886 0.030717 0.038741
165 0.185154 0.872881 0.030717 0.041162
350 0.186007 0.829298 0.027304 0.036320
378 0.186860 0.790557 0.032423 0.033898
33 0.188567 0.749395 0.030717 0.046005
70 0.187713 0.708232 0.032423 0.029056
275 0.187713 0.674334 0.023891 0.029056
280 0.189420 0.636804 0.027304 0.031477
10 0.191126 0.596852 0.023891 0.036320
9 0.191126 0.550847 0.030717 0.046005
176 0.191126 0.507264 0.029010 0.031477
64 0.192833 0.461259 0.025597 0.046005
116 0.195392 0.414044 0.027304 0.038741
71 0.194539 0.376513 0.027304 0.029056
254 0.194539 0.340194 0.029010 0.038741
278 0.197099 0.301453 0.025597 0.033898
2 0.197099 0.272397 0.025597 0.029056
133 0.199659 0.231235 0.030717 0.046005
51 0.198805 0.179177 0.030717 0.048426
9 0.202218 0.129540 0.023891 0.043584
62 0.200512 0.089588 0.034130 0.033898
374 0.231229 0.934625 0.029010 0.029056
374 0.232082 0.903148 0.034130 0.026634
132 0.231229 0.870460 0.030717 0.033898
377 0.231229 0.824455 0.030717 0.043584
26 0.233788 0.777240 0.022184 0.038741
376 0.233788 0.736077 0.030717 0.033898
375 0.234642 0.702179 0.023891 0.021792
70 0.237201 0.670702 0.032423 0.036320
7 0.238055 0.630751 0.027304 0.036320
132 0.238055 0.589588 0.032423 0.038741
4 0.240614 0.548426 0.029010 0.033898
316 0.240614 0.504843 0.023891 0.041162
374 0.243174 0.461259 0.027304 0.038741
83 0.242321 0.416465 0.022184 0.038741
109 0.244027 0.372881 0.029010 0.038741
127 0.245734 0.330508 0.030717 0.033898
29 0.246587 0.292978 0.029010 0.033898
28 0.245734 0.256659 0.034130 0.031477
33 0.245734 0.216707 0.029010 0.043584
349 0.247440 0.171913 0.032423 0.038741
280 0.247440 0.131961 0.027304 0.033898
13 0.248294 0.089588 0.032423 0.043584
26 0.280717 0.929782 0.025597 0.041162
165 0.281570 0.889831 0.025597 0.036320
157 0.284130 0.849879 0.023891 0.033898
356 0.284983 0.807506 0.032423 0.036320
4 0.286689 0.767554 0.022184 0.033898
52 0.286689 0.731235 0.023891 0.029056
373 0.288396 0.692494 0.030717 0.038741
75 0.288396 0.650121 0.029010 0.033898
142 0.289249 0.607748 0.025597 0.043584
153 0.290102 0.567797 0.030717 0.031477
64 0.290102 0.531477 0.025597 0.036320
332 0.290956 0.486683 0.027304 0.043584
75 0.290956 0.444310 0.030717 0.033898
76 0.293515 0.403148 0.034130 0.033898
64 0.292662 0.365617 0.029010 0.031477
34 0.296075 0.329298 0.027304 0.036320
203 0.296928 0.279661 0.027304 0.046005
214 0.297782 0.239709 0.032423 0.029056
26 0.295222 0.202179 0.034130 0.046005
165 0.296928 0.150121 0.030717 0.046005
319 0.297782 0.098063 0.030717 0.048426
108 0.331058 0.937046 0.030717 0.031477
85 0.331911 0.907990 0.032423 0.029056
34 0.331058 0.869249 0.027304 0.038741
206 0.334471 0.826877 0.025597 0.033898
198 0.334471 0.786925 0.030717 0.036320
29 0.333618 0.745763 0.029010 0.033898
28 0.335324 0.710654 0.020478 0.031477
27 0.335324 0.675545 0.025597 0.031477
26 0.337031 0.630751 0.027304 0.046005
139 0.338737 0.535109 0.030717 0.033898
127 0.338737 0.497579 0.032423 0.033898
29 0.339590 0.461259 0.032423 0.029056
122 0.341297 0.424939 0.025597 0.036320
15 0.343857 0.384988 0.023891 0.041162
22 0.342150 0.338983 0.034130 0.043584
102 0.345563 0.299031 0.030717 0.036320
372 0.344710 0.260291 0.032423 0.036320
111 0.346416 0.219128 0.032423 0.036320
70 0.348123 0.179177 0.029010 0.038741
275 0.348976 0.138015 0.027304 0.041162
328 0.347270 0.096852 0.030717 0.038741
7 0.381399 0.939467 0.025597 0.031477
132 0.380546 0.909201 0.027304 0.029056
249 0.383106 0.871671 0.032423 0.038741
298 0.384812 0.832930 0.025597 0.036320
199 0.383959 0.792978 0.030717 0.031477
11 0.384812 0.746973 0.029010 0.048426
249 0.384812 0.698547 0.029010 0.038741
83 0.386519 0.657385 0.029010 0.036320
19 0.385666 0.611380 0.032423 0.043584
29 0.389078 0.570218 0.029010 0.026634
28 0.388225 0.537530 0.029010 0.031477
33 0.389078 0.492736 0.029010 0.046005
44 0.389932 0.409201 0.027304 0.029056
73 0.389078 0.371671 0.029010 0.036320
107 0.390785 0.133172 0.030717 0.041162
157 0.616894 0.941889 0.029010 0.029056
157 0.616894 0.912833 0.023891 0.029056
157 0.615188 0.878935 0.023891 0.031477
157 0.616894 0.837772 0.029010 0.036320
157 0.617747 0.795400 0.025597 0.029056
356 0.615188 0.759080 0.029010 0.033898
4 0.613481 0.720339 0.022184 0.031477
54 0.614334 0.686441 0.020478 0.029056
283 0.613481 0.653753 0.023891 0.033898
123 0.613481 0.608959 0.025597 0.043584
261 0.611775 0.559322 0.027304 0.048426
33 0.613481 0.515738 0.030717 0.033898
275 0.613481 0.479419 0.030717 0.036320
121 0.614334 0.430993 0.023891 0.043584
214 0.612628 0.383777 0.025597 0.043584
111 0.612628 0.340194 0.030717 0.033898
275 0.610922 0.302663 0.030717 0.038741
123 0.612628 0.261501 0.023891 0.041162
178 0.612628 0.215496 0.025597 0.043584
294 0.612628 0.176755 0.029010 0.031477
371 0.612628 0.136804 0.029010 0.043584
370 0.610922 0.095642 0.029010 0.033898
64 0.663823 0.933414 0.027304 0.029056
64 0.662116 0.899516 0.029010 0.038741
64 0.660410 0.855932 0.029010 0.043584
64 0.662116 0.811138 0.027304 0.043584
55 0.662116 0.767554 0.023891 0.033898
369 0.662969 0.723971 0.029010 0.041162
368 0.662116 0.686441 0.023891 0.021792
323 0.662116 0.648910 0.029010 0.048426
322 0.661263 0.599274 0.027304 0.036320
64 0.661263 0.552058 0.027304 0.041162
367 0.659556 0.502421 0.030717 0.048426
90 0.660410 0.457627 0.027304 0.026634
240 0.660410 0.420097 0.025597 0.038741
133 0.661263 0.380145 0.025597 0.036320
82 0.660410 0.332930 0.027304 0.048426
105 0.660410 0.285714 0.023891 0.041162
128 0.661263 0.244552 0.025597 0.036320
70 0.660410 0.203390 0.025597 0.036320
75 0.658703 0.164649 0.029010 0.038741
361 0.656143 0.129540 0.027304 0.029056
3 0.657850 0.094431 0.032423 0.033898
44 0.707338 0.924939 0.032423 0.046005
44 0.706485 0.871671 0.027304 0.046005
261 0.708191 0.822034 0.030717 0.041162
133 0.705631 0.769976 0.030717 0.046005
82 0.706485 0.715496 0.029010 0.043584
105 0.707338 0.673123 0.025597 0.033898
70 0.707338 0.638015 0.030717 0.031477
3 0.709044 0.595642 0.032423 0.043584
70 0.706485 0.552058 0.030717 0.041162
75 0.706485 0.508475 0.023891 0.036320
275 0.707338 0.472155 0.034130 0.029056
366 0.708191 0.438257 0.034130 0.029056
33 0.708191 0.407990 0.034130 0.029056
362 0.705631 0.376513 0.029010 0.029056
365 0.703072 0.330508 0.030717 0.048426
51 0.703925 0.283293 0.022184 0.036320
83 0.703925 0.245763 0.027304 0.036320
364 0.702218 0.202179 0.032423 0.038741
363 0.702218 0.162228 0.030717 0.031477
33 0.701365 0.127119 0.020478 0.029056
224 0.702218 0.092010 0.020478 0.033898
362 0.755973 0.926150 0.023891 0.031477
121 0.755973 0.888620 0.030717 0.036320
13 0.754266 0.846247 0.029010 0.031477
349 0.754266 0.796610 0.023891 0.046005
75 0.755119 0.749395 0.029010 0.031477
361 0.756826 0.707022 0.032423 0.043584
83 0.755973 0.657385 0.032423 0.046005
163 0.754266 0.613801 0.034130 0.041162
174 0.756826 0.571429 0.032423 0.031477
271 0.754266 0.533898 0.023891 0.031477
360 0.754266 0.495157 0.025597 0.031477
359 0.754266 0.452785 0.027304 0.038741
75 0.754266 0.412833 0.030717 0.036320
76 0.753413 0.371671 0.020478 0.031477
102 0.753413 0.338983 0.020478 0.031477
101 0.752560 0.306295 0.023891 0.029056
70 0.752560 0.262712 0.029010 0.048426
358 0.750853 0.211864 0.025597 0.041162
108 0.752560 0.168281 0.023891 0.038741
357 0.751706 0.133172 0.029010 0.029056
43 0.750000 0.095642 0.032423 0.041162
165 0.781570 0.016949 0.017065 0.021792
64 0.805461 0.923729 0.022184 0.036320
64 0.807167 0.886199 0.023891 0.024213
320 0.805461 0.847458 0.032423 0.043584
201 0.803754 0.795400 0.030717 0.046005
109 0.803754 0.754237 0.032423 0.029056
127 0.802901 0.714286 0.030717 0.041162
29 0.800341 0.671913 0.029010 0.036320
28 0.800341 0.631961 0.027304 0.031477
183 0.802901 0.593220 0.027304 0.038741
275 0.801195 0.552058 0.027304 0.036320
52 0.801195 0.510896 0.032423 0.029056
70 0.802048 0.468523 0.025597 0.041162
120 0.800341 0.423729 0.030717 0.038741
103 0.802901 0.382567 0.029010 0.029056
157 0.802048 0.346247 0.027304 0.033898
356 0.801195 0.303874 0.025597 0.041162
4 0.799488 0.261501 0.029010 0.033898
102 0.801195 0.220339 0.027304 0.041162
101 0.800341 0.173123 0.027304 0.043584
133 0.796928 0.127119 0.029010 0.038741
355 0.799488 0.090799 0.034130 0.031477
354 0.849829 0.923729 0.030717 0.041162
224 0.849829 0.881356 0.030717 0.036320
33 0.853242 0.845036 0.029010 0.024213
70 0.851536 0.809927 0.029010 0.038741
257 0.852389 0.762712 0.027304 0.038741
351 0.850683 0.716707 0.032423 0.043584
109 0.849829 0.669492 0.030717 0.038741
271 0.848976 0.618644 0.027304 0.048426
58 0.849829 0.570218 0.030717 0.041162
9 0.847270 0.526634 0.030717 0.033898
275 0.848976 0.483051 0.029010 0.048426
239 0.847270 0.435835 0.029010 0.041162
288 0.847270 0.389831 0.030717 0.046005
33 0.847270 0.347458 0.025597 0.029056
136 0.847270 0.305085 0.027304 0.046005
25 0.843857 0.262712 0.027304 0.031477
135 0.843003 0.223971 0.025597 0.033898
70 0.841297 0.180387 0.030717 0.043584
351 0.844710 0.138015 0.027304 0.033898
15 0.843003 0.093220 0.030717 0.041162
56 0.899317 0.928571 0.025597 0.031477
56 0.900171 0.895884 0.027304 0.029056
56 0.898464 0.859564 0.025597 0.033898
128 0.895904 0.820823 0.030717 0.031477
35 0.898464 0.782082 0.027304 0.033898
69 0.896758 0.746973 0.023891 0.031477
43 0.895904 0.716707 0.023891 0.026634
167 0.896758 0.684019 0.025597 0.029056
133 0.896758 0.646489 0.025597 0.046005
25 0.895904 0.601695 0.029010 0.033898
275 0.895051 0.558111 0.034130 0.046005
51 0.895051 0.514528 0.030717 0.031477
239 0.894198 0.474576 0.027304 0.038741
288 0.895051 0.428571 0.022184 0.038741
70 0.893345 0.383777 0.034130 0.043584
76 0.892491 0.336562 0.029010 0.041162
33 0.893345 0.290557 0.027304 0.038741
70 0.891638 0.220339 0.027304 0.026634
275 0.890785 0.188862 0.022184 0.029056
58 0.890785 0.152542 0.025597 0.031477
307 0.890785 0.121065 0.025597 0.029056
239 0.890785 0.087167 0.027304 0.029056
70 0.942833 0.922518 0.027304 0.033898
351 0.943686 0.883777 0.027304 0.036320
65 0.941126 0.837772 0.029010 0.041162
64 0.941126 0.794189 0.025597 0.038741
353 0.940273 0.743341 0.027304 0.053269
63 0.940273 0.694915 0.030717 0.036320
352 0.941126 0.657385 0.029010 0.029056
56 0.940273 0.618644 0.022184 0.041162
55 0.940273 0.579903 0.030717 0.029056
196 0.940273 0.546005 0.027304 0.031477
257 0.940273 0.507264 0.030717 0.036320
351 0.941980 0.474576 0.029010 0.026634
56 0.939420 0.440678 0.027304 0.038741
100 0.938567 0.401937 0.029010 0.029056
79 0.936007 0.360775 0.030717 0.041162
350 0.937713 0.308717 0.030717 0.048426
105 0.936860 0.253027 0.029010 0.043584
191 0.936007 0.205811 0.020478 0.038741
349 0.936860 0.169492 0.027304 0.033898
195 0.934300 0.127119 0.023891 0.036320
56 0.936007 0.089588 0.025597 0.031477
