0 0.085938 0.304965 0.022569 0.035461
0 0.084201 0.269504 0.029514 0.028369
0 0.086806 0.234043 0.029514 0.037825
0 0.087674 0.193853 0.024306 0.033097
0 0.088542 0.158392 0.027778 0.030733
0 0.086806 0.124113 0.029514 0.033097
0 0.118056 0.923168 0.031250 0.030733
0 0.118924 0.887707 0.027778 0.030733
0 0.118924 0.852246 0.026042 0.035461
0 0.121528 0.814421 0.029514 0.033097
0 0.121528 0.776596 0.031250 0.033097
0 0.122396 0.739953 0.027778 0.033097
0 0.122396 0.704492 0.031250 0.033097
0 0.123264 0.667849 0.029514 0.040189
0 0.123264 0.627660 0.027778 0.030733
0 0.125000 0.592199 0.031250 0.033097
0 0.125000 0.556738 0.026042 0.033097
0 0.125868 0.522459 0.029514 0.035461
0 0.126736 0.486998 0.029514 0.033097
0 0.125868 0.449173 0.026042 0.033097
0 0.128472 0.414894 0.027778 0.030733
0 0.130208 0.381797 0.027778 0.028369
0 0.128472 0.347518 0.031250 0.035461
0 0.132812 0.312057 0.031250 0.030733
0 0.132812 0.282506 0.029514 0.030733
0 0.132812 0.247045 0.026042 0.033097
0 0.130208 0.215130 0.031250 0.028369
0 0.131944 0.183215 0.027778 0.030733
0 0.130208 0.154846 0.024306 0.023641
0 0.130208 0.124113 0.031250 0.033097
0 0.165799 0.925532 0.027778 0.035461
0 0.164931 0.888889 0.027778 0.028369
0 0.167535 0.858156 0.031250 0.026005
0 0.166667 0.823877 0.029514 0.037825
0 0.168403 0.782506 0.029514 0.037825
0 0.168403 0.744681 0.027778 0.033097
0 0.170139 0.712766 0.026042 0.026005
0 0.171007 0.679669 0.027778 0.037825
0 0.171875 0.641844 0.029514 0.033097
0 0.170139 0.605201 0.027778 0.035461
0 0.171875 0.568558 0.027778 0.028369
0 0.172743 0.530733 0.027778 0.037825
0 0.173611 0.497636 0.024306 0.021277
0 0.175347 0.468085 0.031250 0.030733
0 0.175347 0.432624 0.032986 0.030733
0 0.177083 0.394799 0.031250 0.035461
0 0.178819 0.356974 0.026042 0.037825
0 0.177951 0.320331 0.029514 0.033097
0 0.179688 0.284870 0.031250 0.035461
0 0.179688 0.247045 0.029514 0.033097
0 0.180556 0.216312 0.027778 0.030733
0 0.183160 0.180851 0.024306 0.033097
0 0.183160 0.146572 0.027778 0.030733
0 0.182292 0.117021 0.020833 0.023641
0 0.212674 0.926714 0.029514 0.028369
0 0.212674 0.895981 0.031250 0.030733
0 0.216146 0.862884 0.029514 0.030733
0 0.215278 0.826241 0.027778 0.035461
0 0.217014 0.787234 0.027778 0.035461
0 0.217014 0.755319 0.031250 0.026005
0 0.218750 0.724586 0.029514 0.030733
0 0.217882 0.691489 0.031250 0.030733
0 0.218750 0.656028 0.029514 0.035461
0 0.220486 0.624113 0.029514 0.026005
0 0.220486 0.594563 0.032986 0.026005
0 0.218750 0.566194 0.027778 0.030733
0 0.220486 0.533097 0.026042 0.033097
0 0.221354 0.494090 0.031250 0.037825
0 0.222222 0.453901 0.032986 0.030733
0 0.223090 0.417258 0.029514 0.037825
0 0.224826 0.381797 0.031250 0.033097
0 0.225694 0.348700 0.031250 0.030733
0 0.228299 0.313239 0.031250 0.037825
0 0.229167 0.278960 0.027778 0.028369
0 0.228299 0.248227 0.027778 0.030733
0 0.229167 0.215130 0.027778 0.033097
0 0.229167 0.182033 0.027778 0.030733
0 0.229167 0.152482 0.026042 0.026005
0 0.228299 0.120567 0.027778 0.033097
0 0.266493 0.748227 0.029514 0.033097
0 0.265625 0.712766 0.031250 0.033097
0 0.266493 0.678487 0.027778 0.030733
0 0.265625 0.646572 0.031250 0.026005
0 0.266493 0.615839 0.026042 0.030733
0 0.268229 0.585106 0.031250 0.028369
0 0.269097 0.553191 0.031250 0.030733
0 0.267361 0.521277 0.029514 0.030733
0 0.268229 0.490544 0.024306 0.028369
0 0.269097 0.462175 0.027778 0.028369
0 0.269965 0.427896 0.029514 0.035461
0 0.271701 0.385343 0.032986 0.047281
0 0.274306 0.342790 0.027778 0.033097
0 0.273438 0.306147 0.027778 0.040189
0 0.276042 0.267139 0.027778 0.033097
0 0.275174 0.231678 0.029514 0.037825
0 0.276042 0.191489 0.026042 0.030733
0 0.276042 0.158392 0.027778 0.030733
0 0.275174 0.122931 0.027778 0.035461
0 0.309028 0.911348 0.031250 0.040189
0 0.309896 0.877069 0.024306 0.028369
0 0.309896 0.842790 0.024306 0.033097
0 0.311632 0.810875 0.027778 0.023641
0 0.309896 0.782506 0.031250 0.033097
0 0.308160 0.750591 0.026042 0.021277
0 0.312500 0.723404 0.031250 0.033097
0 0.312500 0.691489 0.026042 0.033097
0 0.313368 0.657210 0.027778 0.035461
0 0.314236 0.622931 0.031250 0.035461
0 0.314236 0.594563 0.026042 0.026005
0 0.315972 0.563830 0.029514 0.030733
0 0.316840 0.529551 0.029514 0.035461
0 0.317708 0.492908 0.029514 0.035461
0 0.317708 0.460993 0.024306 0.028369
0 0.317708 0.425532 0.026042 0.040189
0 0.317708 0.387707 0.026042 0.030733
0 0.319444 0.353428 0.026042 0.035461
0 0.323785 0.322695 0.026042 0.023641
0 0.322049 0.291962 0.027778 0.035461
0 0.319444 0.254137 0.032986 0.035461
0 0.323785 0.219858 0.029514 0.030733
0 0.325521 0.192671 0.029514 0.028369
0 0.325521 0.158392 0.034722 0.035461
0 0.324653 0.124113 0.031250 0.030733
0 0.356771 0.912530 0.024306 0.033097
0 0.356771 0.878251 0.027778 0.033097
0 0.357639 0.840426 0.026042 0.035461
0 0.356771 0.808511 0.029514 0.028369
0 0.357639 0.770686 0.032986 0.037825
0 0.356771 0.731678 0.027778 0.030733
0 0.359375 0.696217 0.024306 0.037825
0 0.359375 0.658392 0.027778 0.035461
0 0.360243 0.622931 0.031250 0.028369
0 0.360243 0.594563 0.027778 0.028369
0 0.360243 0.565012 0.027778 0.028369
0 0.360243 0.534279 0.026042 0.030733
0 0.361111 0.500000 0.024306 0.030733
0 0.361111 0.470449 0.026042 0.028369
0 0.362847 0.437352 0.029514 0.040189
0 0.364583 0.397163 0.027778 0.033097
0 0.365451 0.365248 0.026042 0.033097
0 0.365451 0.329787 0.022569 0.037825
0 0.364583 0.291962 0.026042 0.035461
0 0.367188 0.257683 0.027778 0.028369
0 0.367188 0.224586 0.026042 0.033097
0 0.367188 0.186761 0.026042 0.033097
0 0.366319 0.154846 0.026042 0.026005
0 0.368056 0.126478 0.024306 0.026005
0 0.397569 0.916076 0.022569 0.023641
0 0.398438 0.888889 0.024306 0.026005
0 0.398438 0.856974 0.024306 0.033097
0 0.399306 0.822695 0.020833 0.028369
0 0.399306 0.788416 0.024306 0.035461
0 0.401042 0.751773 0.026042 0.035461
0 0.401042 0.718676 0.026042 0.028369
0 0.402778 0.682033 0.027778 0.035461
0 0.401910 0.644208 0.026042 0.040189
0 0.403646 0.604019 0.022569 0.035461
0 0.403646 0.570922 0.024306 0.026005
0 0.403646 0.543735 0.024306 0.026005
0 0.403646 0.516548 0.027778 0.023641
0 0.405382 0.484634 0.024306 0.035461
0 0.404514 0.451537 0.024306 0.026005
0 0.407118 0.419622 0.026042 0.035461
0 0.407986 0.381797 0.026042 0.033097
0 0.407986 0.352246 0.024306 0.023641
0 0.408854 0.325059 0.024306 0.030733
0 0.408854 0.290780 0.029514 0.033097
0 0.408854 0.251773 0.024306 0.040189
0 0.408854 0.208038 0.022569 0.035461
0 0.408854 0.176123 0.024306 0.026005
0 0.408854 0.141844 0.022569 0.035461
43 0.437500 0.864066 0.020833 0.033097
1535 0.437500 0.834515 0.020833 0.026005
431 0.437500 0.802600 0.020833 0.030733
16 0.436632 0.773050 0.020833 0.023641
186 0.438368 0.739953 0.020833 0.037825
153 0.438368 0.704492 0.020833 0.026005
192 0.440972 0.669031 0.020833 0.037825
431 0.440972 0.635934 0.020833 0.028369
64 0.441840 0.604019 0.020833 0.030733
27 0.440972 0.573286 0.020833 0.030733
38 0.440972 0.536643 0.020833 0.033097
37 0.442708 0.500000 0.019097 0.033097
479 0.441840 0.455083 0.020833 0.030733
1086 0.441840 0.423168 0.019097 0.028369
1118 0.443576 0.392435 0.019097 0.026005
276 0.442708 0.362884 0.017361 0.030733
77 0.442708 0.330969 0.017361 0.028369
123 0.442708 0.299054 0.017361 0.028369
1326 0.442708 0.269504 0.017361 0.028369
466 0.442708 0.238771 0.015625 0.028369
1326 0.442708 0.178487 0.015625 0.026005
165 0.514757 0.692671 0.022569 0.030733
183 0.513021 0.658392 0.026042 0.033097
564 0.511285 0.624113 0.019097 0.026005
30 0.511285 0.593381 0.022569 0.030733
205 0.509549 0.562648 0.026042 0.026005
30 0.506944 0.529551 0.022569 0.033097
153 0.505208 0.489362 0.024306 0.037825
29 0.504340 0.451537 0.022569 0.028369
1534 0.503472 0.420804 0.024306 0.030733
697 0.501736 0.388889 0.022569 0.030733
215 0.500868 0.356974 0.022569 0.026005
43 0.500000 0.327423 0.022569 0.026005
230 0.497396 0.293144 0.019097 0.028369
564 0.497396 0.262411 0.022569 0.023641
30 0.496528 0.234043 0.020833 0.023641
76 0.648438 0.893617 0.026042 0.028369
416 0.646701 0.862884 0.029514 0.026005
163 0.646701 0.829787 0.027778 0.030733
1533 0.662326 0.265957 0.026042 0.028369
100 0.660590 0.238771 0.026042 0.023641
692 0.660590 0.205674 0.031250 0.035461
691 0.658854 0.173759 0.024306 0.026005
564 0.656250 0.146572 0.027778 0.030733
30 0.656250 0.111111 0.031250 0.033097
564 0.823785 0.744681 0.031250 0.030733
23 0.822049 0.712766 0.029514 0.030733
130 0.821181 0.676123 0.031250 0.033097
166 0.819444 0.639480 0.027778 0.033097
103 0.815972 0.606383 0.026042 0.028369
421 0.815972 0.570922 0.027778 0.035461
183 0.815972 0.531915 0.029514 0.033097
100 0.815104 0.496454 0.029514 0.030733
21 0.812500 0.459811 0.027778 0.035461
1532 0.813368 0.421986 0.031250 0.035461
1531 0.811632 0.388889 0.031250 0.033097
23 0.808160 0.348700 0.027778 0.037825
146 0.806424 0.308511 0.024306 0.033097
727 0.805556 0.268322 0.031250 0.037825
83 0.867188 0.704492 0.026042 0.028369
149 0.866319 0.670213 0.027778 0.030733
253 0.864583 0.632388 0.029514 0.033097
145 0.862847 0.593381 0.027778 0.040189
256 0.861979 0.555556 0.032986 0.028369
83 0.859375 0.523641 0.024306 0.030733
215 0.860243 0.488180 0.022569 0.035461
114 0.858507 0.450355 0.027778 0.035461
68 0.858507 0.413712 0.029514 0.028369
1462 0.854167 0.379433 0.027778 0.033097
163 0.852431 0.339243 0.029514 0.035461
462 0.853299 0.300236 0.024306 0.033097
45 0.852431 0.264775 0.026042 0.030733
268 0.850694 0.236407 0.020833 0.026005
