216 0.282095 0.480344 0.025338 0.022113
26 0.282939 0.447174 0.027027 0.041769
474 0.282939 0.368550 0.023649 0.029484
13 0.284628 0.331695 0.027027 0.036855
26 0.286318 0.297297 0.025338 0.027027
64 0.287162 0.261671 0.033784 0.039312
17 0.316723 0.727273 0.023649 0.039312
16 0.317568 0.689189 0.025338 0.029484
52 0.319257 0.653563 0.028716 0.034398
89 0.317568 0.617936 0.027027 0.027027
19 0.322635 0.552826 0.025338 0.027027
123 0.324324 0.514742 0.027027 0.036855
177 0.325169 0.480344 0.028716 0.027027
28 0.326858 0.448403 0.025338 0.031941
13 0.328547 0.407862 0.023649 0.041769
268 0.331081 0.368550 0.030405 0.027027
343 0.329392 0.328010 0.030405 0.041769
69 0.331926 0.282555 0.035473 0.041769
201 0.333615 0.240786 0.025338 0.034398
343 0.361486 0.796069 0.028716 0.034398
69 0.364020 0.724816 0.030405 0.036855
74 0.364020 0.684275 0.025338 0.039312
26 0.366554 0.640049 0.030405 0.031941
64 0.367399 0.609337 0.030405 0.029484
34 0.366554 0.570025 0.028716 0.039312
203 0.369088 0.527027 0.021959 0.034398
127 0.370777 0.490172 0.032095 0.029484
22 0.373311 0.453317 0.030405 0.034398
161 0.375000 0.411548 0.030405 0.041769
52 0.375845 0.364865 0.030405 0.036855
276 0.375845 0.325553 0.030405 0.029484
136 0.375000 0.293612 0.030405 0.029484
135 0.379223 0.256757 0.030405 0.036855
127 0.378378 0.217445 0.032095 0.036855
127 0.411318 0.729730 0.027027 0.029484
29 0.413007 0.685504 0.027027 0.041769
28 0.415541 0.637592 0.032095 0.044226
74 0.417230 0.582310 0.030405 0.029484
73 0.417230 0.545455 0.028716 0.039312
142 0.420608 0.504914 0.030405 0.031941
132 0.420608 0.469287 0.030405 0.034398
13 0.422297 0.428747 0.028716 0.041769
122 0.423142 0.385749 0.028716 0.029484
305 0.423142 0.351351 0.030405 0.031941
476 0.424831 0.315725 0.032095 0.036855
33 0.425676 0.281327 0.032095 0.027027
530 0.427365 0.249386 0.028716 0.036855
34 0.427365 0.210074 0.025338 0.034398
121 0.428209 0.174447 0.027027 0.031941
26 0.427365 0.137592 0.033784 0.036855
476 0.460304 0.791155 0.028716 0.036855
26 0.461993 0.749386 0.027027 0.034398
64 0.465372 0.713759 0.027027 0.031941
133 0.465372 0.670762 0.027027 0.044226
70 0.466216 0.628993 0.025338 0.029484
123 0.466216 0.593366 0.021959 0.031941
127 0.466216 0.557740 0.028716 0.036855
29 0.469595 0.517199 0.025338 0.039312
28 0.468750 0.477887 0.030405 0.039312
142 0.470439 0.439803 0.021959 0.034398
444 0.472128 0.401720 0.028716 0.039312
48 0.472128 0.359951 0.023649 0.039312
13 0.472973 0.324324 0.023649 0.031941
74 0.475507 0.289926 0.030405 0.029484
214 0.476351 0.257985 0.030405 0.027027
130 0.474662 0.221130 0.028716 0.041769
129 0.478041 0.181818 0.027027 0.031941
69 0.478041 0.074939 0.028716 0.031941
21 0.773649 0.928747 0.030405 0.036855
135 0.773649 0.896806 0.023649 0.024570
136 0.772804 0.862408 0.030405 0.036855
564 0.770270 0.828010 0.025338 0.024570
486 0.771115 0.796069 0.030405 0.029484
135 0.771959 0.755528 0.033784 0.036855
83 0.771115 0.710074 0.023649 0.039312
33 0.767736 0.668305 0.027027 0.031941
110 0.767736 0.633907 0.030405 0.029484
130 0.766047 0.597052 0.028716 0.029484
129 0.767736 0.560197 0.028716 0.036855
121 0.767736 0.495086 0.028716 0.029484
33 0.766047 0.460688 0.027027 0.031941
177 0.766047 0.421376 0.027027 0.041769
528 0.820946 0.941032 0.032095 0.027027
20 0.821791 0.909091 0.027027 0.029484
330 0.819257 0.875921 0.021959 0.027027
4 0.818412 0.836609 0.021959 0.034398
65 0.818412 0.798526 0.028716 0.034398
109 0.819257 0.761671 0.023649 0.029484
127 0.817568 0.730958 0.028716 0.027027
29 0.818412 0.702703 0.030405 0.022113
28 0.816723 0.673219 0.032095 0.024570
72 0.818412 0.638821 0.027027 0.034398
26 0.815878 0.598280 0.025338 0.034398
193 0.815034 0.555283 0.025338 0.044226
39 0.812500 0.517199 0.021959 0.022113
26 0.813345 0.482801 0.030405 0.036855
128 0.810811 0.445946 0.025338 0.031941
69 0.809966 0.410319 0.027027 0.027027
91 0.809966 0.379607 0.028716 0.029484
148 0.809122 0.341523 0.027027 0.039312
563 0.809122 0.302211 0.032095 0.027027
64 0.809122 0.264128 0.028716 0.041769
562 0.807432 0.221130 0.028716 0.034398
300 0.804899 0.190418 0.028716 0.031941
52 0.803209 0.151106 0.027027 0.039312
111 0.804054 0.111794 0.033784 0.036855
110 0.803209 0.078624 0.027027 0.027027
0 0.868243 0.931204 0.027027 0.027027
133 0.866554 0.896806 0.025338 0.039312
461 0.868243 0.852580 0.032095 0.036855
105 0.866554 0.815725 0.025338 0.027027
561 0.865709 0.778870 0.028716 0.034398
560 0.866554 0.745700 0.032095 0.031941
106 0.865709 0.708845 0.025338 0.034398
239 0.862331 0.667076 0.025338 0.041769
444 0.859797 0.627764 0.027027 0.027027
110 0.863176 0.593366 0.032095 0.031941
129 0.861486 0.557740 0.025338 0.031941
528 0.860642 0.520885 0.030405 0.031941
20 0.859797 0.481572 0.028716 0.036855
197 0.858953 0.439803 0.027027 0.031941
0 0.859797 0.407862 0.028716 0.029484
100 0.856419 0.372236 0.027027 0.029484
152 0.856419 0.334152 0.027027 0.036855
99 0.854730 0.300983 0.023649 0.022113
152 0.853885 0.264128 0.028716 0.044226
65 0.853885 0.223587 0.025338 0.036855
64 0.853885 0.184275 0.030405 0.034398
312 0.853885 0.147420 0.032095 0.034398
0 0.850507 0.110565 0.030405 0.027027
100 0.850507 0.077396 0.025338 0.031941
79 0.915541 0.933661 0.028716 0.027027
78 0.913007 0.909091 0.032095 0.022113
75 0.912162 0.878378 0.025338 0.034398
4 0.912162 0.842752 0.028716 0.027027
52 0.912162 0.809582 0.030405 0.029484
26 0.912162 0.776413 0.028716 0.029484
437 0.911318 0.743243 0.018581 0.029484
559 0.909628 0.716216 0.021959 0.027027
13 0.911318 0.681818 0.030405 0.034398
437 0.909628 0.647420 0.027027 0.024570
436 0.909628 0.608108 0.032095 0.039312
70 0.908784 0.566339 0.025338 0.036855
123 0.907939 0.534398 0.021959 0.027027
541 0.906250 0.506143 0.020270 0.024570
331 0.907095 0.471744 0.027027 0.031941
15 0.904561 0.436118 0.025338 0.029484
103 0.902872 0.404177 0.018581 0.027027
70 0.902027 0.373464 0.021959 0.029484
123 0.902872 0.329238 0.030405 0.046683
305 0.900338 0.286241 0.023649 0.031941
197 0.900338 0.249386 0.028716 0.034398
13 0.899493 0.216216 0.028716 0.027027
334 0.898649 0.181818 0.030405 0.036855
312 0.900338 0.142506 0.025338 0.031941
74 0.900338 0.111794 0.030405 0.024570
26 0.897804 0.077396 0.032095 0.041769
26 0.957770 0.928747 0.027027 0.027027
64 0.956926 0.896806 0.027027 0.027027
21 0.956081 0.863636 0.025338 0.031941
473 0.955236 0.830467 0.025338 0.027027
214 0.956081 0.797297 0.028716 0.029484
552 0.954392 0.765356 0.025338 0.027027
203 0.954392 0.733415 0.027027 0.027027
142 0.953547 0.703931 0.027027 0.024570
154 0.955236 0.674447 0.028716 0.027027
557 0.952703 0.640049 0.028716 0.036855
13 0.953547 0.601966 0.032095 0.029484
70 0.951858 0.567568 0.025338 0.031941
123 0.951858 0.536855 0.020270 0.024570
20 0.950169 0.507371 0.020270 0.029484
197 0.952703 0.469287 0.030405 0.031941
334 0.948480 0.438575 0.020270 0.027027
558 0.947635 0.402948 0.020270 0.034398
361 0.945946 0.363636 0.021959 0.039312
312 0.948480 0.330467 0.025338 0.024570
444 0.947635 0.302211 0.025338 0.029484
48 0.945946 0.267813 0.023649 0.029484
26 0.945101 0.228501 0.025338 0.039312
133 0.945946 0.189189 0.023649 0.034398
62 0.945946 0.156020 0.023649 0.029484
13 0.945101 0.124079 0.021959 0.029484
55 0.945946 0.090909 0.023649 0.029484
281 0.945101 0.068796 0.021959 0.031941
